   0.49812964E-03  0.46985999E+00  0.31856917E-01 -0.18816613E-01  0.00000000E+00  0.14282539E+01  0.19213562E+01  0.36643064E+01  0.50187739E+04  0.40000000E+01  0.26145795E+00 -0.11097976E+01  0.81235999E+00 -0.13000491E+00  0.60404191E-03 -0.59931972E-04 -0.34520108E-04 -0.67656441E-06  0.71341552E-01  0.10237682E+00 -0.11327622E-03 -0.24234009E+00
   0.53578673E-03  0.50537997E+00  0.32267302E-01 -0.19059010E-01  0.00000000E+00  0.14293563E+01  0.19213562E+01  0.36907382E+01  0.48587173E+04  0.38591113E+01  0.26205596E+00 -0.11323397E+01  0.82804269E+00 -0.13268095E+00  0.67005004E-03  0.65828368E-01 -0.26163459E+00  0.21219186E+00  0.66901378E-01  0.99111862E-01 -0.11686429E-03 -0.24288940E+00
   0.57602004E-03  0.54332995E+00  0.32688987E-01 -0.19307744E-01  0.00000000E+00  0.14304887E+01  0.19209046E+01  0.37165208E+01  0.47074155E+04  0.37343862E+01  0.26318404E+00 -0.11399248E+01  0.83178854E+00 -0.13500312E+00  0.73508779E-03  0.80188349E-01 -0.23829366E+00  0.18886830E+00  0.62746659E-01  0.96025497E-01 -0.12069783E-03 -0.24343872E+00
   0.61902037E-03  0.58389002E+00  0.33129510E-01 -0.19567210E-01  0.00000000E+00  0.14316984E+01  0.19197263E+01  0.37415543E+01  0.45651099E+04  0.36245449E+01 -0.86956337E-01 -0.11336213E+01  0.82527202E+00 -0.13320439E+00  0.80232660E-03  0.91258653E-01 -0.21608455E+00  0.15885437E+00  0.58850862E-01  0.93122631E-01 -0.98622324E-04 -0.24404907E+00
   0.66501036E-03  0.62726998E+00  0.33601679E-01 -0.19844886E-01  0.69339192E-02  0.14330752E+01  0.19178566E+01  0.37658203E+01  0.44301226E+04  0.35189455E+01 -0.58269691E+00 -0.11198179E+01  0.81323165E+00 -0.12913920E+00  0.87014487E-03  0.94090134E-01 -0.19827284E+00  0.13725689E+00  0.55193786E-01  0.90369061E-01 -0.64355394E-04 -0.23779297E+00
   0.71418093E-03  0.67365003E+00  0.34104332E-01 -0.20140003E-01  0.16298179E-01  0.14346176E+01  0.19157513E+01  0.37893174E+01  0.42996357E+04  0.34146724E+01 -0.70113766E+00 -0.11267437E+01  0.81614226E+00 -0.13125393E+00  0.93152007E-03  0.93245067E-01 -0.18148239E+00  0.12908259E+00  0.51764973E-01  0.87707289E-01 -0.52795142E-04 -0.22915649E+00
   0.76672272E-03  0.72320998E+00  0.34627788E-01 -0.20446789E-01  0.25984135E-01  0.14362463E+01  0.19136527E+01  0.38117018E+01  0.41725127E+04  0.33152940E+01 -0.70081466E+00 -0.11299745E+01  0.81620067E+00 -0.13218708E+00  0.99162874E-03  0.90108186E-01 -0.16432580E+00  0.12165751E+00  0.48547614E-01  0.85114136E-01 -0.50158076E-04 -0.22024536E+00
   0.82289032E-03  0.77618998E+00  0.35169993E-01 -0.20763962E-01  0.36009993E-01  0.14379418E+01  0.19115547E+01  0.38328373E+01  0.40487000E+04  0.32215195E+01 -0.70047218E+00 -0.11296058E+01  0.81349689E+00 -0.13207956E+00  0.10502868E-02  0.87210767E-01 -0.14713764E+00  0.11375470E+00  0.45524593E-01  0.82588501E-01 -0.48602480E-04 -0.21102905E+00
   0.88293815E-03  0.83283001E+00  0.35731703E-01 -0.21091882E-01  0.46392523E-01  0.14397074E+01  0.19094256E+01  0.38526931E+01  0.39283748E+04  0.31333528E+01 -0.70011246E+00 -0.11291146E+01  0.81055033E+00 -0.13195527E+00  0.11066997E-02  0.84968463E-01 -0.13031942E+00  0.10588571E+00  0.42683054E-01  0.80134019E-01 -0.47208687E-04 -0.20150757E+00
   0.94712054E-03  0.89336997E+00  0.36313675E-01 -0.21430891E-01  0.57147454E-01  0.14415464E+01  0.19072353E+01  0.38712394E+01  0.38117356E+04  0.30507989E+01 -0.69973272E+00 -0.11285852E+01  0.80740869E+00 -0.13183384E+00  0.11608528E-02  0.83304271E-01 -0.11392310E+00  0.98079413E-01  0.40012032E-01  0.77754721E-01 -0.46443613E-04 -0.19168091E+00
   0.10157239E-02  0.95807999E+00  0.36916893E-01 -0.21781463E-01  0.68295076E-01  0.14434636E+01  0.19049520E+01  0.38884542E+01  0.36989314E+04  0.29738190E+01 -0.69932985E+00 -0.11280192E+01  0.80406010E+00 -0.13170223E+00  0.12127807E-02  0.82153820E-01 -0.97978167E-01  0.90364277E-01  0.37500713E-01  0.75453654E-01 -0.45979818E-04 -0.18151855E+00
   0.10890663E-02  0.10272601E+01  0.37542533E-01 -0.22144163E-01  0.79859868E-01  0.14454634E+01  0.19025432E+01  0.39043186E+01  0.35900781E+04  0.29023452E+01 -0.69890076E+00 -0.11274010E+01  0.80048889E+00 -0.13156323E+00  0.12625286E-02  0.81458740E-01 -0.82506858E-01  0.82768552E-01  0.35138808E-01  0.73233180E-01 -0.45244953E-04 -0.17098999E+00
   0.11674655E-02  0.11012100E+01  0.38191721E-01 -0.22519510E-01  0.91865562E-01  0.14475510E+01  0.18999754E+01  0.39188087E+01  0.34853081E+04  0.28363137E+01 -0.69844455E+00 -0.11267337E+01  0.79668325E+00 -0.13142268E+00  0.13101333E-02  0.81174567E-01 -0.67524105E-01  0.75323977E-01  0.32917500E-01  0.71096003E-01 -0.44798111E-04 -0.16006470E+00
   0.12512716E-02  0.11802599E+01  0.38865782E-01 -0.22908131E-01  0.10434041E+00  0.14497321E+01  0.18972150E+01  0.39319050E+01  0.33847209E+04  0.27756341E+01 -0.69795746E+00 -0.11260082E+01  0.79262304E+00 -0.13126566E+00  0.13556423E-02  0.81242643E-01 -0.53047393E-01  0.68061702E-01  0.30828275E-01  0.69044150E-01 -0.44612625E-04 -0.14877319E+00
   0.13408663E-02  0.12647700E+01  0.39566245E-01 -0.23310738E-01  0.11731697E+00  0.14520129E+01  0.18942276E+01  0.39435878E+01  0.32883909E+04  0.27201960E+01 -0.69743603E+00 -0.11252223E+01  0.78829318E+00 -0.13109721E+00  0.13991051E-02  0.81599221E-01 -0.39092928E-01  0.61012924E-01  0.28863071E-01  0.67079134E-01 -0.44266602E-04 -0.13702393E+00
   0.14366311E-02  0.13551000E+01  0.40294603E-01 -0.23728007E-01  0.13082777E+00  0.14543999E+01  0.18909793E+01  0.39538307E+01  0.31964028E+04  0.26698902E+01 -0.69687766E+00 -0.11243736E+01  0.78367984E+00 -0.13091710E+00  0.14405635E-02  0.82188062E-01 -0.25671119E-01  0.54211024E-01  0.27014880E-01  0.65202691E-01 -0.43883447E-04 -0.12481689E+00
   0.15390114E-02  0.14516701E+01  0.41052807E-01 -0.24160847E-01  0.14491449E+00  0.14569011E+01  0.18874346E+01  0.39626102E+01  0.31087871E+04  0.26245732E+01 -0.69627821E+00 -0.11234510E+01  0.77876365E+00 -0.13072765E+00  0.14800786E-02  0.82960784E-01 -0.12786739E-01  0.47685880E-01  0.25276432E-01  0.63415438E-01 -0.43730804E-04 -0.11212158E+00
   0.16484204E-02  0.15548699E+01  0.41842543E-01 -0.24609992E-01  0.15961497E+00  0.14595239E+01  0.18835605E+01  0.39698944E+01  0.30256084E+04  0.25841162E+01 -0.69563371E+00 -0.11224495E+01  0.77352703E+00 -0.13053259E+00  0.15176844E-02  0.83864346E-01 -0.45673983E-03  0.41470651E-01  0.23641920E-01  0.61718695E-01 -0.43447995E-04 -0.98907471E-01
   0.17653992E-02  0.16652100E+01  0.42666420E-01 -0.25076658E-01  0.17498489E+00  0.14622791E+01  0.18793218E+01  0.39756544E+01  0.29468413E+04  0.25483401E+01 -0.69494009E+00 -0.11213554E+01  0.76794529E+00 -0.13031814E+00  0.15534559E-02  0.84851004E-01  0.11323671E-01  0.35591550E-01  0.22104448E-01  0.60111944E-01 -0.43242209E-04 -0.85113525E-01
   0.18904563E-02  0.17831699E+01  0.43526791E-01 -0.25561880E-01  0.19107653E+00  0.14651761E+01  0.18746845E+01  0.39798486E+01  0.28724961E+04  0.25170815E+01 -0.69419450E+00 -0.11201679E+01  0.76199687E+00 -0.13008232E+00  0.15874342E-02  0.85877143E-01  0.22549480E-01  0.30076802E-01  0.20658547E-01  0.58595393E-01 -0.43015894E-04 -0.70709229E-01
   0.20241328E-02  0.19092599E+01  0.44426266E-01 -0.26066789E-01  0.20794789E+00  0.14682260E+01  0.18696156E+01  0.39824317E+01  0.28025657E+04  0.24901633E+01 -0.69339281E+00 -0.11188780E+01  0.75565916E+00 -0.12983504E+00  0.16196505E-02  0.86898550E-01  0.33213694E-01  0.24952302E-01  0.19299038E-01  0.57168894E-01 -0.42789303E-04 -0.55603027E-01
   0.21670326E-02  0.20440500E+01  0.45367911E-01 -0.26592717E-01  0.22566698E+00  0.14714413E+01  0.18640820E+01  0.39833508E+01  0.27370083E+04  0.24673879E+01 -0.69252867E+00 -0.11174779E+01  0.74891752E+00 -0.12957026E+00  0.16501441E-02  0.87886654E-01  0.43319363E-01  0.20239746E-01  0.18020758E-01  0.55831604E-01 -0.42636748E-04 -0.39794922E-01
   0.23197599E-02  0.21881099E+01  0.46354849E-01 -0.27140971E-01  0.24430397E+00  0.14748349E+01  0.18580520E+01  0.39825456E+01  0.26757827E+04  0.24485514E+01 -0.69159365E+00 -0.11159518E+01  0.74173862E+00 -0.12928139E+00  0.16789469E-02  0.88808969E-01  0.52861962E-01  0.15957557E-01  0.16819187E-01  0.54582678E-01 -0.42353207E-04 -0.23193359E-01
   0.24830468E-02  0.23421299E+01  0.47391072E-01 -0.27713260E-01  0.26394749E+00  0.14784226E+01  0.18514909E+01  0.39799454E+01  0.26187954E+04  0.24334264E+01 -0.69058496E+00 -0.11142845E+01  0.73409045E+00 -0.12897342E+00  0.17060819E-02  0.89642800E-01  0.61842598E-01  0.12116398E-01  0.15689414E-01  0.53420208E-01 -0.42062242E-04 -0.57067871E-02
   0.26575925E-02  0.25067701E+01  0.48480444E-01 -0.28311145E-01  0.28468546E+00  0.14822210E+01  0.18443670E+01  0.39754720E+01  0.25659670E+04  0.24217818E+01 -0.68949693E+00 -0.11124691E+01  0.72595054E+00 -0.12865222E+00  0.17315617E-02  0.90373404E-01  0.70257440E-01  0.87246895E-02  0.14627423E-01  0.52342575E-01 -0.41685686E-04  0.12756348E-01
   0.28441607E-02  0.26827500E+01  0.49627345E-01 -0.28936356E-01  0.30661750E+00  0.14862477E+01  0.18366479E+01  0.39690375E+01  0.25171877E+04  0.24133677E+01 -0.68832147E+00 -0.11104864E+01  0.71728444E+00 -0.12831402E+00  0.17553919E-02  0.90988718E-01  0.78099787E-01  0.57844706E-02  0.13629281E-01  0.51347539E-01 -0.41275740E-04  0.32226562E-01
   0.30436097E-02  0.28708801E+01  0.50836854E-01 -0.29590899E-01  0.32985881E+00  0.14905237E+01  0.18282989E+01  0.39605441E+01  0.24723157E+04  0.24079175E+01 -0.68705004E+00 -0.11083219E+01  0.70806962E+00 -0.12794513E+00  0.17775699E-02  0.91482475E-01  0.85365944E-01  0.32894933E-02  0.12691081E-01  0.50432201E-01 -0.40946412E-04  0.52856445E-01
   0.32568302E-02  0.30720000E+01  0.52114375E-01 -0.30276824E-01  0.35453343E+00  0.14950703E+01  0.18192840E+01  0.39498842E+01  0.24311931E+04  0.24051518E+01 -0.68567491E+00 -0.11059585E+01  0.69826984E+00 -0.12755075E+00  0.17980882E-02  0.91850400E-01  0.92049018E-01  0.12274917E-02  0.11809297E-01  0.49593352E-01 -0.40510749E-04  0.74737549E-01
   0.34848719E-02  0.32870998E+01  0.53466424E-01 -0.30996596E-01  0.38078964E+00  0.14999146E+01  0.18095624E+01  0.39369371E+01  0.23936238E+04  0.24047775E+01 -0.68418556E+00 -0.11033734E+01  0.68784291E+00 -0.12713653E+00  0.18169397E-02  0.92100158E-01  0.98142043E-01 -0.42186995E-03  0.10980281E-01  0.48826985E-01 -0.39953607E-04  0.98022461E-01
   0.37284980E-02  0.35168998E+01  0.54898001E-01 -0.31751711E-01  0.40874943E+00  0.15050776E+01  0.17991041E+01  0.39215963E+01  0.23594397E+04  0.24064884E+01 -0.68257356E+00 -0.11005507E+01  0.67676979E+00 -0.12669107E+00  0.18340827E-02  0.92232950E-01  0.10362303E+00 -0.16835117E-02  0.10201811E-01  0.48129670E-01 -0.39433628E-04  0.12280273E+00
   0.39886627E-02  0.37623000E+01  0.56415498E-01 -0.32544181E-01  0.43856433E+00  0.15105858E+01  0.17878706E+01  0.39037471E+01  0.23284136E+04  0.24099627E+01 -0.68082875E+00 -0.10974702E+01  0.66502064E+00 -0.12621453E+00  0.18494942E-02  0.92250988E-01  0.10847325E+00 -0.25901711E-02  0.94711380E-02  0.47496773E-01 -0.38851620E-04  0.14920044E+00
   0.42672744E-02  0.40250998E+01  0.58031034E-01 -0.33378750E-01  0.47050333E+00  0.15164866E+01  0.17757820E+01  0.38832076E+01  0.23002046E+04  0.24148901E+01 -0.67893183E+00 -0.10940857E+01  0.65252244E+00 -0.12570164E+00  0.18631975E-02  0.92160985E-01  0.11268865E+00 -0.31826070E-02  0.87835481E-02  0.46921346E-01 -0.38178579E-04  0.17752075E+00
   0.45646513E-02  0.43056002E+01  0.59747752E-01 -0.34255203E-01  0.50466251E+00  0.15227962E+01  0.17628250E+01  0.38599167E+01  0.22746257E+04  0.24209316E+01 -0.67687929E+00 -0.10903797E+01  0.63927549E+00 -0.12516004E+00  0.18751370E-02  0.91962695E-01  0.11623841E+00 -0.35011773E-02  0.81387991E-02  0.46399571E-01 -0.37400867E-04  0.20779419E+00
   0.48830193E-02  0.46059003E+01  0.61580118E-01 -0.35178777E-01  0.54136771E+00  0.15295722E+01  0.17489020E+01  0.38336773E+01  0.22512976E+04  0.24277859E+01 -0.67464703E+00 -0.10863079E+01  0.62520236E+00 -0.12458045E+00  0.18853472E-02  0.91653116E-01  0.11911563E+00 -0.35916721E-02  0.75325547E-02  0.45923706E-01 -0.36623136E-04  0.24032593E+00
   0.52230144E-02  0.49266000E+01  0.63533731E-01 -0.36149800E-01  0.58077312E+00  0.15368409E+01  0.17339832E+01  0.38044343E+01  0.22299600E+04  0.24351280E+01 -0.67222452E+00 -0.10818504E+01  0.61030126E+00 -0.12396096E+00  0.18938100E-02  0.91225430E-01  0.12129908E+00 -0.34997934E-02  0.69641471E-02  0.45488443E-01 -0.35753459E-04  0.27526855E+00
   0.55865454E-02  0.52694998E+01  0.65621853E-01 -0.37171967E-01  0.62319332E+00  0.15446575E+01  0.17179818E+01  0.37720406E+01  0.22102495E+04  0.24426773E+01 -0.66958976E+00 -0.10769466E+01  0.59450525E+00 -0.12329798E+00  0.19005600E-02  0.90664037E-01  0.12278507E+00 -0.32698815E-02  0.64307651E-02  0.45086376E-01 -0.34756038E-04  0.31292725E+00
   0.59748841E-02  0.56357999E+01  0.67854390E-01 -0.38246747E-01  0.66888338E+00  0.15530660E+01  0.17008396E+01  0.37364266E+01  0.21918420E+04  0.24501574E+01 -0.66672087E+00 -0.10715510E+01  0.57778966E+00 -0.12258775E+00  0.19056330E-02  0.89949757E-01  0.12356747E+00 -0.29434115E-02  0.59309453E-02  0.44710886E-01 -0.33727694E-04  0.35351562E+00
   0.63902568E-02  0.60275998E+01  0.70247188E-01 -0.39377805E-01  0.71822762E+00  0.15621341E+01  0.16824572E+01  0.36974540E+01  0.21743708E+04  0.24573402E+01 -0.66359156E+00 -0.10656137E+01  0.56010073E+00 -0.12182313E+00  0.19090944E-02  0.89062333E-01  0.12365310E+00 -0.25568516E-02  0.55510364E-02  0.44354495E-01 -0.32573571E-04  0.39736938E+00
   0.68345726E-02  0.64466996E+01  0.72814703E-01 -0.40567301E-01  0.77159369E+00  0.15719258E+01  0.16627527E+01  0.36550374E+01  0.21574998E+04  0.24640138E+01 -0.66017318E+00 -0.10590718E+01  0.54139596E+00 -0.12100199E+00  0.19110205E-02  0.87977275E-01  0.12306366E+00 -0.21397746E-02  0.52220081E-02  0.44010345E-01 -0.31340489E-04  0.44485474E+00
   0.73091029E-02  0.68943000E+01  0.75568154E-01 -0.41815009E-01  0.82929379E+00  0.15824953E+01  0.16416779E+01  0.36091669E+01  0.21409141E+04  0.24699826E+01 -0.65643728E+00 -0.10518684E+01  0.52166176E+00 -0.12012606E+00  0.19114967E-02  0.86675934E-01  0.12183713E+00 -0.17160111E-02  0.49131732E-02  0.43672014E-01 -0.30017409E-04  0.49627686E+00
   0.78163929E-02  0.73728004E+01  0.78526631E-01 -0.43123242E-01  0.89181817E+00  0.15939295E+01  0.16191351E+01  0.35597272E+01  0.21242683E+04  0.24750907E+01 -0.65234596E+00 -0.10439162E+01  0.50084275E+00 -0.11918306E+00  0.19106141E-02  0.85141025E-01  0.12001406E+00 -0.13021308E-02  0.46229875E-02  0.43332465E-01 -0.28515458E-04  0.55203247E+00
   0.83589852E-02  0.78846002E+01  0.81709780E-01 -0.44493191E-01  0.95968884E+00  0.16063198E+01  0.15950348E+01  0.35066206E+01  0.21072346E+04  0.24791934E+01 -0.64785802E+00 -0.10351284E+01  0.47890154E+00 -0.11817237E+00  0.19084574E-02  0.83363362E-01  0.11764919E+00 -0.90816751E-03  0.43501705E-02  0.42984996E-01 -0.26948161E-04  0.61267090E+00
   0.89387912E-02  0.84315004E+01  0.85134178E-01 -0.45923211E-01  0.10333815E+01  0.16197510E+01  0.15693247E+01  0.34498110E+01  0.20895142E+04  0.24821398E+01 -0.64293027E+00 -0.10254192E+01  0.45583454E+00 -0.11707991E+00  0.19050896E-02  0.81347294E-01  0.11481137E+00 -0.53937384E-03  0.40938617E-02  0.42623520E-01 -0.25249308E-04  0.67858887E+00
   0.95583517E-02  0.90158997E+01  0.88820674E-01 -0.47411785E-01  0.11134874E+01  0.16343246E+01  0.15419328E+01  0.33892069E+01  0.20707935E+04  0.24837775E+01 -0.63751394E+00 -0.10146807E+01  0.43161955E+00 -0.11590690E+00  0.19005595E-02  0.79100527E-01  0.11156300E+00 -0.19656647E-03  0.38529506E-02  0.42241640E-01 -0.23386167E-04  0.75033569E+00
   0.10220849E-01  0.96408005E+01  0.92794649E-01 -0.48957054E-01  0.12007250E+01  0.16501716E+01  0.15127698E+01  0.33246596E+01  0.20507603E+04  0.24839246E+01 -0.63155246E+00 -0.10028071E+01  0.40623900E+00 -0.11464830E+00  0.18948572E-02  0.76638930E-01  0.10796402E+00  0.12232091E-03  0.36262185E-02  0.41832991E-01 -0.21351147E-04  0.82858276E+00
   0.10929146E-01  0.10308900E+02  0.97080462E-01 -0.50554246E-01  0.12958225E+01  0.16674184E+01  0.14817650E+01  0.32560508E+01  0.20291123E+04  0.24823608E+01 -0.62498724E+00 -0.98966825E+00  0.37969697E+00 -0.11327729E+00  0.18878563E-02  0.73991396E-01  0.10408819E+00  0.42047072E-03  0.34126835E-02  0.41391399E-01 -0.19147266E-04  0.91403198E+00
   0.11686104E-01  0.11022900E+02  0.10170309E+00 -0.52195936E-01  0.13995636E+01  0.16862030E+01  0.14488556E+01  0.31832435E+01  0.20055286E+04  0.24788067E+01 -0.61774731E+00 -0.97512740E+00  0.35201302E+00 -0.11179087E+00  0.18794291E-02  0.71183622E-01  0.99992633E-01  0.70257235E-03  0.32113919E-02  0.40910318E-01 -0.16768214E-04  0.10073853E+01
   0.12495542E-01  0.11786401E+02  0.10669427E+00 -0.53873666E-01  0.15129244E+01  0.17066975E+01  0.14139417E+01  0.31060233E+01  0.19796711E+04  0.24728971E+01 -0.60974628E+00 -0.95902395E+00  0.32320514E+00 -0.11017852E+00  0.18694064E-02  0.68238363E-01  0.95711380E-01  0.97144005E-03  0.30212237E-02  0.40382858E-01 -0.14133747E-04  0.11095581E+01
   0.13360637E-01  0.12602400E+02  0.11208261E+00 -0.55573802E-01  0.16368660E+01  0.17290727E+01  0.13769574E+01  0.30242450E+01  0.19512322E+04  0.24642017E+01 -0.60090691E+00 -0.94120103E+00  0.29334170E+00 -0.10842556E+00  0.18574911E-02  0.65180115E-01  0.91280654E-01  0.12264207E-02  0.28413176E-02  0.39802738E-01 -0.11272149E-04  0.12214661E+01
   0.14285209E-01  0.13474501E+02  0.11790176E+00 -0.57279669E-01  0.17725205E+01  0.17535274E+01  0.13378155E+01  0.29377165E+01  0.19198934E+04  0.24522154E+01 -0.59114003E+00 -0.92149913E+00  0.26251134E+00 -0.10651221E+00  0.18432802E-02  0.62030971E-01  0.86735666E-01  0.14691047E-02  0.26707316E-02  0.39163467E-01 -0.81331218E-05  0.13441772E+01
   0.15273707E-01  0.14406900E+02  0.12419058E+00 -0.58970451E-01  0.19212101E+01  0.17802949E+01  0.12964048E+01  0.28461812E+01  0.18852743E+04  0.24362838E+01 -0.58033073E+00 -0.89971250E+00  0.23079836E+00 -0.10441917E+00  0.18263120E-02  0.58807023E-01  0.82100272E-01  0.17008245E-02  0.25084550E-02  0.38457278E-01 -0.46595810E-05  0.14789124E+01
   0.16330587E-01  0.15403801E+02  0.13098870E+00 -0.60618538E-01  0.20843601E+01  0.18096256E+01  0.12526281E+01  0.27494109E+01  0.18470068E+04  0.24156356E+01 -0.56835985E+00 -0.87564021E+00  0.19834922E+00 -0.10212549E+00  0.18060005E-02  0.55519696E-01  0.77386409E-01  0.19179613E-02  0.23535779E-02  0.37676670E-01 -0.85148270E-06  0.16270142E+01
   0.17459981E-01  0.16469101E+02  0.13833523E+00 -0.62188685E-01  0.22634654E+01  0.18417821E+01  0.12064071E+01  0.26472378E+01  0.18047394E+04  0.23894155E+01 -0.55510241E+00 -0.84910351E+00  0.16536942E+00 -0.99610053E-01  0.17816088E-02  0.52183148E-01  0.72614081E-01  0.21160841E-02  0.22052967E-02  0.36814466E-01  0.33564222E-05  0.17898560E+01
   0.18667618E-01  0.17608200E+02  0.14628062E+00 -0.63638553E-01  0.24603999E+01  0.18770937E+01  0.11576107E+01  0.25393605E+01  0.17580289E+04  0.23566041E+01 -0.54041153E+00 -0.81986284E+00  0.13205709E+00 -0.96836269E-01  0.17522156E-02  0.48804890E-01  0.67795143E-01  0.22918126E-02  0.20626422E-02  0.35861630E-01  0.80277796E-05  0.19692688E+01
   0.19958263E-01  0.18825600E+02  0.15487014E+00 -0.64913817E-01  0.26770351E+01  0.19158800E+01  0.11061608E+01  0.24256058E+01  0.17064606E+04  0.23160694E+01 -0.52415115E+00 -0.78772444E+00  0.98720714E-01 -0.93776017E-01  0.17168924E-02  0.45399435E-01  0.62951297E-01  0.24412263E-02  0.19248386E-02  0.34809697E-01  0.13228354E-04  0.21669617E+01
   0.21338282E-01  0.20127300E+02  0.16416104E+00 -0.65949008E-01  0.29156680E+01  0.19585388E+01  0.10519227E+01  0.23056636E+01  0.16495060E+04  0.22664812E+01 -0.50613034E+00 -0.75247604E+00  0.65675750E-01 -0.90394109E-01  0.16743161E-02  0.41974865E-01  0.58091279E-01  0.25603725E-02  0.17909359E-02  0.33647895E-01  0.19053583E-04  0.23851624E+01
   0.22813078E-01  0.21518400E+02  0.17420474E+00 -0.66662237E-01  0.31785967E+01  0.20054536E+01  0.99482459E+00  0.21793914E+01  0.15866946E+04  0.22063873E+01 -0.48618323E+00 -0.71393794E+00  0.33337064E-01 -0.86639591E-01  0.16228154E-02  0.38548708E-01  0.53239122E-01  0.26436129E-02  0.16601830E-02  0.32366619E-01  0.25561141E-04  0.26259766E+01
   0.24389969E-01  0.23005800E+02  0.18506627E+00 -0.66954389E-01  0.34686484E+01  0.20570805E+01  0.93470758E+00  0.20464375E+01  0.15173774E+04  0.21341755E+01 -0.46410611E+00 -0.67189825E+00  0.21672423E-02 -0.82460456E-01  0.15606682E-02  0.35145052E-01  0.48432436E-01  0.26865341E-02  0.15316397E-02  0.30952636E-01  0.32873904E-04  0.28921204E+01
   0.26075315E-01  0.24595499E+02  0.19680411E+00 -0.66704072E-01  0.37886801E+01  0.21138542E+01  0.87143075E+00  0.19065031E+01  0.14408210E+04  0.20480869E+01 -0.43967274E+00 -0.62619007E+00 -0.27268095E-01 -0.77807352E-01  0.14859895E-02  0.31786799E-01  0.43699950E-01  0.26879525E-02  0.14044226E-02  0.29390978E-01  0.41145886E-04  0.31862793E+01
   0.27876750E-01  0.26294701E+02  0.20948404E+00 -0.65763690E-01  0.41419725E+01  0.21762459E+01  0.80477667E+00  0.17591469E+01  0.13560988E+04  0.19460446E+01 -0.41260135E+00 -0.57664657E+00 -0.54330379E-01 -0.72609603E-01  0.13963853E-02  0.28512934E-01  0.39096363E-01  0.26480544E-02  0.12775151E-02  0.27662748E-01  0.50545783E-04  0.35115967E+01
   0.29802861E-01  0.28111500E+02  0.22317556E+00 -0.63952997E-01  0.45321693E+01  0.22447071E+01  0.73432702E+00  0.16034752E+01  0.12618062E+04  0.18255471E+01 -0.38251135E+00 -0.52299780E+00 -0.78265145E-01 -0.66764459E-01  0.12887125E-02  0.25374878E-01  0.34695990E-01  0.25684137E-02  0.11495861E-02  0.25739295E-01  0.61278362E-04  0.38715515E+01
   0.31862233E-01  0.30054001E+02  0.23794009E+00 -0.61052106E-01  0.49630957E+01  0.23195782E+01  0.65937805E+00  0.14379721E+01  0.11558229E+04  0.16834346E+01 -0.34886268E+00 -0.46484631E+00 -0.98131612E-01 -0.60139727E-01  0.11593847E-02  0.22384845E-01  0.30512631E-01  0.24448808E-02  0.10188851E-02  0.23577366E-01  0.73560193E-04  0.42698059E+01
   0.34063138E-01  0.32130001E+02  0.25382087E+00 -0.56793828E-01  0.54385853E+01  0.24009576E+01  0.57893276E+00  0.12606008E+01  0.10357201E+04  0.15163863E+01 -0.31100234E+00 -0.40176865E+00 -0.11274061E+00 -0.52574188E-01  0.10044489E-02  0.19571899E-01  0.26566362E-01  0.22657323E-02  0.88353496E-03  0.21127418E-01  0.87657281E-04  0.47100830E+01
   0.36413524E-01  0.34347000E+02  0.27084348E+00 -0.50846945E-01  0.59629021E+01  0.24885342E+01  0.49089283E+00  0.10674607E+01  0.89903308E+03  0.13210016E+01 -0.26812121E+00 -0.33304158E+00 -0.12049966E+00 -0.43928511E-01  0.82187395E-03  0.17898953E-01  0.24290960E-01  0.21869026E-02  0.74135349E-03  0.18339170E-01  0.10487482E-03  0.51965942E+01
   0.38929299E-01  0.36720001E+02  0.28914678E+00 -0.42715471E-01  0.65461659E+01  0.25822868E+01  0.37954220E+00  0.82046181E+00  0.70167572E+03  0.10529885E+01 -0.21004899E+00 -0.24709024E+00 -0.11392406E+00 -0.32308359E-01  0.57723309E-03  0.11471342E-01  0.15497370E-01  0.13104333E-02  0.56161004E-03  0.14313322E-01  0.12217401E-03  0.57393188E+01
   0.41616820E-01  0.39255001E+02  0.30785245E+00 -0.32190882E-01  0.71790433E+01  0.26747847E+01  0.31557661E+00  0.68512142E+00  0.62572083E+03  0.94048822E+00 -0.18271577E+00 -0.19594316E+00 -0.11743879E+00 -0.24830684E-01  0.40272396E-03  0.15661696E-01  0.20973362E-01  0.20610834E-02  0.48028547E-03  0.12763936E-01  0.15895821E-03  0.63300781E+01
   0.44491991E-01  0.41966999E+02  0.33015442E+00 -0.16247902E-01  0.79860802E+01  0.27771125E+01  0.33014495E-01  0.67324586E-01  0.56820816E+02  0.11430096E+00 -0.19505827E-01 -0.16988888E-01 -0.13623404E-01 -0.19220585E-02  0.27157646E-04  0.16454010E-02  0.22317567E-02  0.24902384E-03  0.44298344E-04  0.11590748E-02  0.21774486E-03  0.70912170E+01
   0.47564354E-01  0.44865002E+02  0.34175524E+00 -0.32413502E-02  0.87144938E+01  0.28206074E+01  0.16487812E-03  0.25703624E-03  0.13241321E+00  0.54421701E-03 -0.74525124E-04 -0.41788637E-04 -0.56022232E-04 -0.38492367E-05  0.56923486E-07  0.13400011E-05  0.18066730E-05  0.31455465E-06  0.13875461E-06  0.27010667E-05  0.22836648E-03  0.77819519E+01
   0.50846625E-01  0.47960999E+02  0.34155107E+00 -0.55342230E-06  0.90095463E+01  0.28230906E+01  0.72148154E-07  0.39837865E-07  0.10481317E-04  0.15251635E-06 -0.20420291E-07  0.14190000E-08 -0.13718212E-07 -0.14519673E-09  0.13185206E-11  0.61076604E-11  0.80771449E-11  0.19321762E-11  0.21078363E-10  0.21380599E-09  0.18855803E-03  0.80451355E+01
   0.54357897E-01  0.51273003E+02  0.34109914E+00  0.28648700E-02  0.92312775E+01  0.28248446E+01  0.67491499E-12  0.24363112E-12  0.65898530E-10  0.10159661E-11 -0.18996324E-12  0.20079062E-13 -0.12380578E-12 -0.94009752E-15  0.91801611E-18  0.26356558E-19  0.21451577E-19  0.65345406E-20  0.13815897E-15  0.13442490E-14  0.15711502E-03  0.82330627E+01
   0.58107708E-01  0.54810001E+02  0.34068274E+00  0.56407670E-02  0.94165115E+01  0.28264017E+01  0.23199211E-20  0.57021189E-21  0.17107853E-18  0.26700471E-20 -0.68202268E-21  0.68318819E-22 -0.40424300E-21 -0.22113325E-23  0.14590077E-26  0.86456673E-33  0.61885737E-33  0.17696308E-33  0.36742064E-24  0.34897917E-23  0.13966752E-03  0.83823242E+01
   0.62121496E-01  0.58596001E+02  0.34027669E+00  0.82340185E-02  0.95792217E+01  0.28276868E+01  0.56294143E-34  0.61996206E-35  0.28416074E-32  0.50730846E-34 -0.18908398E-34  0.15383491E-35 -0.84107403E-35 -0.15414283E-37 -0.37835059E-37  0.00000000E+00  0.00000000E+00  0.00000000E+00  0.00000000E+00  0.57965300E-37  0.12689880E-03  0.85066833E+01
   0.66408806E-01  0.62640003E+02  0.33987749E+00  0.10696797E-01  0.97255116E+01  0.28289425E+01  0.20296827E-39  0.25168021E-39  0.24592895E-37  0.20232087E-39 -0.20318828E-40  0.81191233E-41 -0.32475092E-40  0.00000000E+00 -0.42038954E-37  0.00000000E+00  0.00000000E+00  0.00000000E+00  0.00000000E+00  0.50166485E-42  0.11675651E-03  0.86120605E+01
   0.70991904E-01  0.66963005E+02  0.33950230E+00  0.12945694E-01  0.98589926E+01  0.28299537E+01  0.15872115E-38  0.23909655E-38  0.22374039E-36  0.13665379E-38 -0.12401491E-39  0.56831061E-40 -0.26791846E-39  0.00000000E+00 -0.47644148E-37  0.00000000E+00  0.00000000E+00  0.00000000E+00  0.00000000E+00  0.45640291E-41  0.10827203E-03  0.87019043E+01
   0.75889871E-01  0.71583000E+02  0.33913949E+00  0.15030202E-01  0.99809332E+01  0.28308165E+01  0.28992025E-35  0.47067320E-35  0.38502535E-33  0.21985396E-35 -0.15398519E-36  0.10120403E-36 -0.46492312E-36 -0.35032462E-38 -0.53249342E-37  0.00000000E+00  0.00000000E+00  0.00000000E+00  0.00000000E+00  0.78540439E-38  0.10090396E-03  0.87772827E+01
   0.81128150E-01  0.76524002E+02  0.33880329E+00  0.16974064E-01  0.10093520E+02  0.28316305E+01  0.42362847E-32  0.68098548E-32  0.49292574E-30  0.27940988E-32 -0.19437121E-33  0.14163723E-33 -0.62221689E-33 -0.46319919E-35 -0.25223372E-37  0.00000000E+00  0.00000000E+00  0.00000000E+00  0.00000000E+00  0.10055079E-34  0.94416609E-04  0.88401489E+01
   0.86725831E-01  0.81804001E+02  0.33847690E+00  0.18752107E-01  0.10197573E+02  0.28322413E+01  0.43392450E-29  0.69027315E-29  0.43834137E-27  0.24968549E-29 -0.17045503E-30  0.14038184E-30 -0.57195102E-30 -0.37387421E-32  0.76973327E-35  0.00000000E+00  0.00000000E+00  0.00000000E+00  0.00000000E+00  0.89416248E-32  0.88607456E-04  0.88911133E+01
   0.92711523E-01  0.87449997E+02  0.33815616E+00  0.20370096E-01  0.10294218E+02  0.28327901E+01  0.22643087E-26  0.35697497E-26  0.20016448E-24  0.11385090E-26 -0.76812123E-28  0.69364467E-28 -0.26992686E-27 -0.16131204E-29  0.30930048E-32  0.00000000E+00  0.00000000E+00  0.00000000E+00  0.39235049E-30  0.40831095E-29  0.83348677E-04  0.89310303E+01
   0.99107504E-01  0.93482994E+02  0.33786049E+00  0.21889824E-01  0.10384059E+02  0.28332229E+01  0.59867088E-24  0.93623067E-24  0.46701257E-22  0.26390274E-24 -0.17700874E-25  0.17222602E-25 -0.65073210E-25 -0.34980066E-27  0.61399634E-30  0.00000000E+00  0.00000000E+00  0.00000000E+00  0.14246166E-27  0.95264825E-27  0.78583413E-04  0.89602966E+01
   0.10594876E+00  0.99936005E+02  0.33757064E+00  0.23297423E-01  0.10468308E+02  0.28336227E+01  0.94509146E-22  0.14666817E-21  0.65043833E-20  0.36545913E-22 -0.24324167E-23  0.25996341E-23 -0.93204941E-23 -0.43164663E-25  0.66492105E-28  0.00000000E+00  0.00000000E+00  0.00000000E+00  0.20900195E-25  0.13268142E-24  0.74222786E-04  0.89798279E+01
   0.11325755E+00  0.10683000E+03  0.33728790E+00  0.24619576E-01  0.10546664E+02  0.28338873E+01  0.84992129E-20  0.13108590E-19  0.52066470E-18  0.28865497E-20 -0.19225401E-21  0.22353067E-21 -0.76883424E-21 -0.33372583E-23  0.48758953E-26 -0.19663665E-38 -0.42604588E-38 -0.22626346E-39  0.17504689E-23  0.10620920E-22  0.70205286E-04  0.89890442E+01
   0.12107203E+00  0.11420100E+03  0.33701122E+00  0.25869897E-01  0.10620556E+02  0.28342233E+01  0.50563059E-18  0.77488517E-18  0.27565334E-16  0.15132418E-18 -0.10077720E-19  0.12645808E-19 -0.41747806E-19 -0.19048634E-21  0.29725507E-24 -0.49178809E-35 -0.10809877E-34 -0.49642341E-36  0.97147387E-22  0.56229894E-21  0.66511850E-04  0.89890442E+01
   0.12942719E+00  0.12208199E+03  0.33674052E+00  0.27043626E-01  0.10689691E+02  0.28344729E+01  0.20997675E-16  0.31997834E-16  0.10223316E-14  0.55322294E-17 -0.37118512E-18  0.50727068E-18 -0.15870245E-17 -0.53588763E-20  0.63086433E-23 -0.55023495E-32 -0.12683693E-31 -0.53041042E-33  0.37647575E-20  0.20854309E-19  0.63116975E-04  0.89792175E+01
   0.13835485E+00  0.13050301E+03  0.33646327E+00  0.28161969E-01  0.10754891E+02  0.28346312E+01  0.57775048E-15  0.87715847E-15  0.25311936E-13  0.13269188E-15 -0.91130918E-17  0.13638805E-16 -0.40744909E-16 -0.92901882E-19  0.75060929E-22 -0.26162301E-29 -0.62311079E-29 -0.24192062E-30  0.96363310E-19  0.51633239E-18  0.59887294E-04  0.89600525E+01
   0.14789954E+00  0.13950601E+03  0.33619323E+00  0.29230973E-01  0.10814528E+02  0.28347354E+01  0.10071887E-13  0.15225009E-13  0.39915746E-12  0.20364908E-14 -0.14166605E-15  0.22679323E-15 -0.66493754E-15 -0.11414905E-17  0.70964503E-21 -0.51087415E-27 -0.12595478E-26 -0.45353375E-28  0.15697706E-17  0.81423218E-17  0.56869798E-04  0.89295349E+01
   0.15810575E+00  0.14913300E+03  0.33593026E+00  0.30268600E-01  0.10872458E+02  0.28348222E+01  0.11466379E-12  0.17273868E-12  0.41487360E-11  0.20504802E-13 -0.14682347E-14  0.24126446E-14 -0.71797697E-14 -0.12796425E-16  0.83983050E-20 -0.56527523E-25 -0.14370710E-24 -0.47726666E-26  0.16754236E-16  0.84629113E-16  0.54081367E-04  0.88910828E+01
   0.16901168E+00  0.15942000E+03  0.33569151E+00  0.31286620E-01  0.10925341E+02  0.28349309E+01  0.11390722E-11  0.17103604E-11  0.37419449E-10  0.17904896E-12 -0.13262303E-13  0.22476924E-13 -0.67223245E-13 -0.77425330E-16  0.33597162E-19 -0.50126703E-23 -0.13086492E-22 -0.41370301E-24  0.15557665E-15  0.76331078E-15  0.51425228E-04  0.88410034E+01
   0.18067139E+00  0.17041800E+03  0.33545223E+00  0.32258205E-01  0.10976679E+02  0.28349366E+01  0.10277484E-10  0.15377442E-10  0.30742292E-09  0.14658048E-11 -0.10764878E-12  0.19774360E-12 -0.55496889E-12 -0.40875833E-17  0.13859823E-19 -0.27086336E-21 -0.74477093E-21 -0.21469706E-22  0.13325220E-14  0.62710499E-14  0.49032467E-04  0.87822571E+01
   0.19313575E+00  0.18217500E+03  0.33519360E+00  0.33205103E-01  0.11026273E+02  0.28349309E+01  0.64533566E-10  0.95856316E-10  0.17715286E-08  0.81430080E-11 -0.60084246E-12  0.12476705E-11 -0.33245214E-11  0.13478284E-14  0.44001873E-18 -0.79709289E-20 -0.22643450E-19 -0.57994509E-21  0.78229939E-14  0.36137007E-13  0.46845817E-04  0.87142029E+01
   0.20645888E+00  0.19474200E+03  0.33493781E+00  0.34131490E-01  0.11071883E+02  0.28348949E+01  0.31424488E-09  0.46613124E-09  0.79799500E-08  0.33574709E-10 -0.27032090E-11  0.61871792E-11 -0.16234897E-10  0.10342122E-13  0.53797627E-17 -0.16277887E-18 -0.45035383E-18 -0.11577941E-19  0.35018483E-13  0.16278117E-12  0.44568271E-04  0.86340637E+01
   0.22070114E+00  0.20817601E+03  0.33467892E+00  0.35060555E-01  0.11112351E+02  0.28348708E+01  0.12826797E-08  0.19013773E-08  0.30334505E-07  0.12728421E-09 -0.10393268E-10  0.24203247E-10 -0.61638569E-10  0.98355853E-13  0.88855000E-16 -0.28829281E-17 -0.83691223E-17 -0.19677351E-18  0.13763219E-12  0.61878665E-12  0.42547552E-04  0.85401306E+01
   0.23592618E+00  0.22253700E+03  0.33441284E+00  0.35964333E-01  0.11157969E+02  0.28347366E+01  0.59427241E-08  0.87766363E-08  0.12840309E-06  0.52603460E-09 -0.43480882E-10  0.10920589E-09 -0.26681493E-09  0.95681156E-12  0.16394226E-14 -0.53268847E-16 -0.16233987E-15 -0.34252414E-17  0.60030540E-12  0.26192653E-11  0.40711519E-04  0.84420776E+01
   0.25220078E+00  0.23788800E+03  0.33414575E+00  0.36838431E-01  0.11193357E+02  0.28345392E+01  0.24435709E-07  0.36181866E-07  0.48643506E-06  0.18767785E-08 -0.16652499E-09  0.44886725E-09 -0.10595610E-08  0.55058367E-11  0.14131043E-13 -0.62674228E-15 -0.19236269E-14 -0.38510614E-16  0.23035679E-11  0.99226773E-11  0.38907470E-04  0.83239441E+01
   0.26959813E+00  0.25429800E+03  0.33387047E+00  0.37706800E-01  0.11234078E+02  0.28342698E+01  0.71330760E-07  0.10489626E-06  0.13233396E-05  0.49097753E-08 -0.44510201E-09  0.13086700E-08 -0.29946114E-08  0.94974454E-11  0.26344583E-13 -0.45080677E-14 -0.14021706E-13 -0.26166912E-15  0.63318122E-11  0.26994502E-10  0.37173897E-04  0.82005310E+01
   0.28819451E+00  0.27183899E+03  0.33358872E+00  0.38569979E-01  0.11265259E+02  0.28342803E+01  0.18895368E-06  0.27714438E-06  0.32744031E-05  0.11636335E-07 -0.11027743E-08  0.34315506E-08 -0.76941298E-08  0.20580941E-10  0.89198390E-13 -0.28282449E-13 -0.88470470E-13 -0.15910777E-14  0.15833270E-10  0.66793800E-10  0.35572499E-04  0.80562439E+01
   0.30807579E+00  0.29059201E+03  0.33330521E+00  0.39432429E-01  0.11303938E+02  0.28340201E+01  0.46491542E-06  0.67861674E-06  0.75590865E-05  0.26305692E-07 -0.24791451E-08  0.80230151E-08 -0.18242364E-07  0.14471213E-09  0.68353022E-12 -0.15294448E-12 -0.50260626E-12 -0.74775992E-14  0.37198487E-10  0.15419607E-09  0.34136538E-04  0.79073792E+01
   0.32934061E+00  0.31064999E+03  0.33303633E+00  0.40308446E-01  0.11332690E+02  0.28335836E+01  0.11177505E-05  0.16239044E-05  0.16974011E-04  0.51424678E-07 -0.54253055E-08  0.20698277E-07 -0.46698592E-07  0.42588094E-09  0.22970746E-11 -0.80502066E-12 -0.24754894E-11 -0.37048987E-13  0.80395739E-10  0.34624897E-09  0.32646189E-04  0.77355652E+01
   0.35204935E+00  0.33207001E+03  0.33274722E+00  0.41176666E-01  0.11363268E+02  0.28332491E+01  0.23214291E-05  0.33882482E-05  0.33336597E-04  0.97931590E-07 -0.11176389E-07  0.42051454E-07 -0.93248644E-07  0.45231946E-09  0.40408319E-11 -0.28196330E-11 -0.88078000E-11 -0.12468299E-12  0.16048485E-09  0.68002559E-09  0.31214837E-04  0.75519409E+01
   0.37631658E+00  0.35496002E+03  0.33246833E+00  0.42066108E-01  0.11390473E+02  0.28331857E+01  0.43535174E-05  0.62940376E-05  0.58837613E-04  0.16407256E-06 -0.17555093E-07  0.80761204E-07 -0.17573119E-06  0.10367114E-08  0.10435633E-10 -0.90731424E-11 -0.27569008E-10 -0.42750414E-12  0.28237446E-09  0.12002150E-08  0.29852543E-04  0.73502197E+01
   0.40226942E+00  0.37944000E+03  0.33215880E+00  0.42956762E-01  0.11418668E+02  0.28327200E+01  0.76776032E-05  0.11254511E-04  0.98694967E-04  0.29662363E-06 -0.32132391E-07  0.11815030E-06 -0.27135204E-06  0.22219799E-08  0.28217423E-10 -0.25400321E-10 -0.90284398E-10 -0.11037811E-11  0.50944038E-09  0.20132560E-08  0.28740580E-04  0.71336670E+01
   0.43003520E+00  0.40563004E+03  0.33192658E+00  0.43876074E-01  0.11451429E+02  0.28324871E+01  0.14583266E-04  0.21516724E-04  0.17578021E-03  0.47756077E-06 -0.60338699E-07  0.20913548E-06 -0.52673249E-06  0.56172840E-08  0.75623813E-10 -0.92331941E-10 -0.32078537E-09 -0.32051323E-11  0.89603130E-09  0.35857002E-08  0.27676144E-04  0.69045105E+01
   0.45970923E+00  0.43362000E+03  0.33168125E+00  0.44778507E-01  0.11472932E+02  0.28317525E+01  0.27456394E-04  0.39403069E-04  0.30703496E-03  0.73203142E-06 -0.96998200E-07  0.45173914E-06 -0.10598224E-05  0.15367739E-07  0.19081080E-09 -0.30779643E-09 -0.98167763E-09 -0.10813008E-10  0.14922568E-08  0.62631362E-08  0.26504953E-04  0.66461792E+01
   0.49138695E+00  0.46349997E+03  0.33140346E+00  0.45689482E-01  0.11499605E+02  0.28312709E+01  0.45602548E-04  0.66918139E-04  0.48806271E-03  0.11620141E-05 -0.18960422E-06  0.76253855E-06 -0.15972605E-05  0.18540542E-07  0.36853587E-09 -0.56993626E-09 -0.20517297E-08 -0.16183877E-10  0.24670548E-08  0.99558797E-08  0.25473519E-04  0.63741150E+01
   0.52529109E+00  0.49548001E+03  0.33107033E+00  0.46589643E-01  0.11521545E+02  0.28307431E+01  0.66619308E-04  0.97497919E-04  0.67904685E-03  0.13332682E-05 -0.22059730E-06  0.13341290E-05 -0.26737332E-05  0.48990746E-07  0.73886486E-09 -0.80904461E-09 -0.26041111E-08 -0.15921670E-10  0.31904832E-08  0.13851722E-07  0.24431016E-04  0.60762939E+01
   0.56151700E+00  0.52965002E+03  0.33074978E+00  0.47545712E-01  0.11540497E+02  0.28296690E+01  0.80781778E-04  0.11650233E-03  0.80550055E-03  0.15143340E-05 -0.19732164E-06  0.16522912E-05 -0.34013872E-05  0.57621726E-07  0.97450892E-09 -0.96864006E-09 -0.28169505E-08 -0.29424015E-10  0.37009176E-08  0.16431221E-07  0.23398827E-04  0.57536926E+01
   0.60025543E+00  0.56619000E+03  0.33040860E+00  0.48552610E-01  0.11562816E+02  0.28293126E+01  0.98469020E-04  0.14465915E-03  0.96873398E-03  0.18820616E-05 -0.32620699E-06  0.19390416E-05 -0.37379446E-05  0.57802747E-07  0.14015960E-08 -0.17079220E-08 -0.54477516E-08 -0.44454294E-10  0.46250519E-08  0.19760982E-07  0.22547667E-04  0.54106445E+01
   0.64166552E+00  0.60525000E+03  0.33000773E+00  0.49561046E-01  0.11585359E+02  0.28281956E+01  0.13578324E-03  0.19631501E-03  0.12705071E-02  0.22377840E-05 -0.55483559E-06  0.28625861E-05 -0.52508963E-05  0.10607177E-06  0.24105371E-08 -0.31150682E-08 -0.94785193E-08 -0.53560465E-10  0.58697909E-08  0.25916783E-07  0.21735706E-04  0.50427246E+01
   0.68590629E+00  0.64698004E+03  0.32961464E+00  0.50597608E-01  0.11604044E+02  0.28274171E+01  0.17269031E-03  0.24511720E-03  0.15579778E-02  0.24600502E-05 -0.42232412E-06  0.37053783E-05 -0.77361283E-05  0.16303298E-06  0.35661252E-08 -0.40459907E-08 -0.11781037E-07 -0.74697963E-10  0.68382162E-08  0.31780832E-07  0.20891694E-04  0.46442261E+01
   0.73323208E+00  0.69162000E+03  0.32930923E+00  0.51773597E-01  0.11623572E+02  0.28261404E+01  0.20571738E-03  0.29849022E-03  0.18197752E-02  0.28429499E-05 -0.52099551E-06  0.43703931E-05 -0.88234247E-05  0.20796273E-06  0.54765499E-08 -0.34120167E-08 -0.10961436E-07 -0.64401616E-10  0.81614484E-08  0.37121179E-07  0.20118638E-04  0.42175293E+01
   0.78380197E+00  0.73932001E+03  0.32884693E+00  0.52872457E-01  0.11643670E+02  0.28250899E+01  0.22445072E-03  0.32713302E-03  0.19502295E-02  0.28828761E-05 -0.79167614E-06  0.57323623E-05 -0.90421190E-05  0.25212950E-06  0.72421629E-08  0.12420558E-08  0.22066089E-08  0.77464798E-10  0.86361913E-08  0.39782286E-07  0.19412313E-04  0.37607727E+01
   0.83787054E+00  0.79032007E+03  0.32824981E+00  0.54037403E-01  0.11663026E+02  0.28232684E+01  0.19481899E-03  0.27966290E-03  0.17183429E-02  0.23114765E-05 -0.41794766E-06  0.60973771E-05 -0.89364339E-05  0.34713759E-06  0.79106535E-08  0.53817604E-08  0.12664612E-07  0.16407024E-09  0.71036581E-08  0.35052082E-07  0.18732613E-04  0.32704163E+01
   0.89566016E+00  0.84483002E+03  0.32759830E+00  0.55330407E-01  0.11682508E+02  0.28210711E+01  0.15221391E-03  0.21679829E-03  0.13662943E-02  0.16960573E-05 -0.36659171E-06  0.50810718E-05 -0.75651410E-05  0.32622702E-06  0.80020133E-08  0.46508717E-08  0.96129886E-08  0.13819829E-09  0.53482414E-08  0.27870724E-07  0.18112461E-04  0.27451477E+01
   0.95742542E+00  0.90309003E+03  0.32692498E+00  0.56728341E-01  0.11702090E+02  0.28184199E+01  0.11726120E-03  0.16880895E-03  0.10870044E-02  0.10164899E-05 -0.35850150E-06  0.52873547E-05 -0.72830321E-05  0.37670497E-06  0.91313224E-08  0.48993480E-08  0.86022220E-08  0.12107293E-09  0.36764660E-08  0.22173555E-07  0.17444587E-04  0.21825562E+01
   0.10234525E+01  0.96537006E+03  0.32597893E+00  0.58300365E-01  0.11714782E+02  0.28147168E+01  0.56430090E-04  0.79837759E-04  0.56108006E-03  0.45197191E-06 -0.14611206E-06  0.32669636E-05 -0.42409838E-05  0.28294343E-06  0.63861072E-08  0.24297211E-08  0.41788666E-08  0.42065393E-10  0.16753847E-08  0.11445343E-07  0.16680888E-04  0.15730591E+01
   0.10940596E+01  0.10319700E+04  0.32493919E+00  0.60168672E-01  0.11734920E+02  0.28094091E+01  0.10097595E-04  0.14287078E-04  0.11707868E-03  0.12273979E-06 -0.37392937E-07  0.51675892E-06 -0.67590958E-06  0.59191734E-07  0.18820798E-08  0.15533136E-09  0.30144601E-09  0.23256141E-11  0.36851205E-09  0.23882611E-08  0.16005764E-04  0.92810059E+00
   0.11695011E+01  0.11031300E+04  0.32358286E+00  0.62533952E-01  0.11768193E+02  0.27997606E+01  0.85403963E-06  0.12221949E-05  0.12049711E-04  0.13966813E-07 -0.35821799E-08  0.50497860E-07 -0.59238253E-07  0.78202813E-08  0.34244019E-09  0.20245617E-11  0.37052874E-11  0.38673979E-13  0.36419735E-10  0.24579930E-09  0.15348138E-04  0.25137329E+00
   0.12501903E+01  0.11792400E+04  0.32148722E+00  0.65508351E-01  0.11811152E+02  0.27814693E+01  0.14211212E-07  0.20196339E-07  0.25424416E-06  0.31059022E-09 -0.73358243E-10  0.10934330E-08 -0.10448807E-08  0.23208184E-09  0.13654542E-10  0.23806877E-14  0.40298630E-14  0.50849893E-16  0.69802307E-12  0.51862685E-11  0.14346429E-04 -0.46365356E+00
   0.13364136E+01  0.12605701E+04  0.31802315E+00  0.69262154E-01  0.11878159E+02  0.27420669E+01  0.87385602E-11  0.12349384E-10  0.21206946E-09  0.34357581E-12 -0.60033501E-13  0.77640552E-12 -0.54567386E-12  0.23834477E-12  0.22206705E-13  0.16166407E-19  0.27953554E-19  0.36163487E-21  0.57335041E-15  0.43259565E-14  0.12769800E-04 -0.12032471E+01
   0.14285845E+01  0.13475100E+04  0.31183252E+00  0.73655754E-01  0.12024810E+02  0.26446667E+01  0.11062502E-16  0.15612544E-16  0.39457815E-15  0.88519844E-18 -0.11099663E-18  0.11719198E-17 -0.45569520E-18  0.57305636E-18  0.93757614E-19  0.81346917E-29  0.13852799E-28  0.23112727E-30  0.10352067E-20  0.80489092E-20  0.10323003E-04 -0.19093628E+01
   0.15271163E+01  0.14404501E+04  0.29929581E+00  0.77307507E-01  0.12343356E+02  0.23517749E+01  0.26129446E-16  0.84958554E-17  0.85094629E-15  0.30508102E-17 -0.17817218E-17  0.47285577E-17  0.11391187E-17  0.32015134E-17  0.21317893E-18 -0.91148766E-27 -0.79263842E-27 -0.10414816E-27  0.14152948E-20  0.17358259E-19  0.38937560E-05 -0.24699097E+01
   0.16324226E+01  0.15397800E+04  0.25392887E+00  0.59154641E-01  0.12914672E+02  0.11240602E+01  0.44760406E-09  0.46551829E-09  0.41265523E-07  0.16712548E-09 -0.49616922E-10  0.63799438E-10  0.57493902E-10  0.35227779E-10  0.21380413E-09 -0.17813147E-14 -0.48870709E-14 -0.21586833E-15  0.78937203E-13  0.84176595E-12  0.54286520E-05 -0.26790466E+01
   0.17450122E+01  0.16459800E+04  0.20794688E+00  0.12919431E-02  0.15304967E+02  0.47712710E+00  0.12110591E-03  0.52290451E-03  0.14836146E-01  0.62107807E-04 -0.66823291E-05  0.46130963E-05  0.68119057E-05  0.15907391E-05  0.40657219E-03 -0.58014979E-07 -0.25905015E-06 -0.69440160E-08  0.72542235E-07  0.30263917E-06  0.10803689E-04 -0.12387085E+01
   0.18653622E+01  0.17595000E+04  0.20804159E+00  0.17401732E-02  0.16399374E+02  0.36155874E+00  0.25518809E-01  0.50433129E-01  0.41006804E-01  0.78227138E-02 -0.14401978E-04 -0.23631284E-06 -0.11511444E-05  0.50877529E-05  0.45955915E-01 -0.13429089E-05 -0.30126919E-02 -0.45869183E-05  0.60686998E-05  0.83648843E-06  0.77057675E-05 -0.12594299E+01
   0.19940451E+01  0.18808799E+04  0.20814157E+00  0.22026738E-02  0.17519152E+02  0.30006737E+00  0.46620671E-01  0.79025529E-01  0.58715891E-01  0.13655983E-01 -0.21098433E-04 -0.38899060E-06 -0.18352922E-05  0.38481526E-05  0.72535850E-01 -0.19711449E-05 -0.39601242E-02 -0.70412066E-05  0.96490894E-05  0.11977320E-05  0.45676557E-05 -0.13428040E+01
   0.21315699E+01  0.20106000E+04  0.20824493E+00  0.26524984E-02  0.18660807E+02  0.27969289E+00  0.69610186E-01  0.10458737E+00  0.70794605E-01  0.19608535E-01 -0.17814951E-04 -0.45955545E-06 -0.22870217E-05  0.14796329E-05  0.96644498E-01 -0.29881171E-05 -0.55538826E-02 -0.11603402E-04  0.12933137E-04  0.14441230E-05  0.36560430E-05 -0.14949341E+01
   0.22785726E+01  0.21492600E+04  0.20832384E+00  0.30612724E-02  0.19844872E+02  0.27774379E+00  0.98854445E-01  0.12712605E+00  0.77428043E-01  0.27120646E-01 -0.20271395E-04 -0.35643248E-06 -0.23770460E-05  0.17153396E-06  0.11810256E+00 -0.43831669E-05 -0.71990304E-02 -0.19484443E-04  0.16213084E-04  0.15794369E-05  0.31021038E-05 -0.16973267E+01
   0.24357209E+01  0.22974900E+04  0.20836757E+00  0.34085244E-02  0.21082775E+02  0.27750951E+00  0.13418867E+00  0.14496814E+00  0.79626948E-01  0.36157947E-01 -0.15563195E-04 -0.34338589E-06 -0.22049994E-05  0.24340329E-07  0.13522327E+00 -0.54341476E-05 -0.81065493E-02 -0.28030638E-04  0.19345594E-04  0.16242918E-05  0.26629098E-05 -0.19418945E+01
   0.26037149E+01  0.24559500E+04  0.20843330E+00  0.36851224E-02  0.22388575E+02  0.27747327E+00  0.17047460E+00  0.15768126E+00  0.79081275E-01  0.45438904E-01 -0.17033281E-04 -0.39754312E-06 -0.17096739E-05  0.47083017E-08  0.14753735E+00 -0.53188014E-05 -0.75923922E-02 -0.31503263E-04  0.22079816E-04  0.16131609E-05  0.22381021E-05 -0.22209167E+01
   0.27832859E+01  0.26253298E+04  0.20848389E+00  0.38720183E-02  0.23772976E+02  0.27745825E+00  0.20086791E+00  0.16577044E+00  0.77496484E-01  0.53175908E-01 -0.10089843E-04 -0.27921607E-06 -0.10210931E-05 -0.17168933E-07  0.15544674E+00 -0.38387293E-05 -0.54860571E-02 -0.25215124E-04  0.24141729E-04  0.15808330E-05  0.16208201E-05 -0.25305481E+01
   0.29752607E+01  0.28064099E+04  0.20851342E+00  0.39578187E-02  0.25245098E+02  0.27767649E+00  0.21842277E+00  0.16978447E+00  0.76351151E-01  0.57563122E-01  0.19328972E-04 -0.10969221E-06 -0.33710771E-06 -0.97741733E-07  0.15940657E+00 -0.14115381E-05 -0.20536222E-02 -0.97636585E-05  0.25256482E-04  0.15574697E-05  0.59823276E-06 -0.28695068E+01
   0.31804664E+01  0.29999700E+04  0.20851342E+00  0.39578187E-02  0.26813034E+02  0.27849951E+00  0.21842277E+00  0.16978447E+00  0.76351151E-01  0.57563119E-01  0.34467272E-01  0.00000000E+00  0.00000000E+00 -0.18236688E-04  0.15940656E+00 -0.14148912E-05 -0.20536238E-02 -0.97818183E-05  0.25225461E-04  0.15574697E-05  0.59823276E-06 -0.32375793E+01
