   0.36745942E+00  0.21729479E-01  0.00000000E+00  0.00000000E+00  0.00000000E+00  0.00000000E+00  0.00000000E+00  0.00000000E+00  0.00000000E+00
   0.42622391E-03  0.36643059E+01  0.58654614E+04  0.14891675E+01 -0.27909147E-04  0.75154643E+01  0.20080304E-01 -0.16633611E-01  0.26074808E-01  0.00000000E+00
   0.45844520E-03  0.35607917E+01  0.54616211E+04  0.14891675E+01  0.49021054E-01  0.75154643E+01  0.20387424E-01 -0.16888015E-01  0.26473612E-01  0.00000000E+00
   0.49287075E-03  0.34635897E+01  0.50851992E+04  0.14874279E+01  0.90661742E-01  0.73839622E+01  0.20700183E-01 -0.17146498E-01  0.26879359E-01  0.00000000E+00
   0.52966393E-03  0.33724287E+01  0.47349697E+04  0.14839866E+01  0.12943372E+00  0.72701168E+01  0.21018928E-01 -0.17409289E-01  0.27292466E-01  0.00000000E+00
   0.56901522E-03  0.32869835E+01  0.44095859E+04  0.14788877E+01  0.16425967E+00  0.70935493E+01  0.21345152E-01 -0.17677542E-01  0.27714815E-01  0.00000000E+00
   0.61108789E-03  0.32069881E+01  0.41077598E+04  0.14721231E+01  0.19078103E+00  0.68828149E+01  0.21682845E-01 -0.17954454E-01  0.28151521E-01  0.00000000E+00
   0.65604522E-03  0.31322792E+01  0.38276860E+04  0.14638627E+01  0.21063484E+00  0.67100677E+01  0.22034828E-01 -0.18242225E-01  0.28606160E-01  0.00000000E+00
   0.70410495E-03  0.30625961E+01  0.35674226E+04  0.14544727E+01  0.22735649E+00  0.65517826E+01  0.22398517E-01 -0.18538630E-01  0.29075321E-01  0.00000000E+00
   0.75548480E-03  0.29976163E+01  0.33258074E+04  0.14441618E+01  0.23969854E+00  0.63933282E+01  0.22771226E-01 -0.18841356E-01  0.29555464E-01  0.00000000E+00
   0.81040239E-03  0.29371312E+01  0.31019268E+04  0.14330213E+01  0.24931853E+00  0.62465463E+01  0.23153219E-01 -0.19150497E-01  0.30046849E-01  0.00000000E+00
   0.86910278E-03  0.28809125E+01  0.28948103E+04  0.14211380E+01  0.25640389E+00  0.61000466E+01  0.23544952E-01 -0.19466292E-01  0.30549981E-01  0.00000000E+00
   0.93185803E-03  0.28287227E+01  0.27034780E+04  0.14085914E+01  0.26117381E+00  0.59545898E+01  0.23947008E-01 -0.19789062E-01  0.31065514E-01  0.00000000E+00
   0.99894020E-03  0.27803397E+01  0.25270312E+04  0.13954585E+01  0.26383314E+00  0.58105888E+01  0.24359932E-01 -0.20119090E-01  0.31594053E-01  0.00000000E+00
   0.10706488E-02  0.27355335E+01  0.23645688E+04  0.13818083E+01  0.26458186E+00  0.56683712E+01  0.24784409E-01 -0.20456739E-01  0.32136351E-01  0.00000000E+00
   0.11473104E-02  0.26940734E+01  0.22152117E+04  0.13677022E+01  0.26360601E+00  0.55281100E+01  0.25221264E-01 -0.20802472E-01  0.32693349E-01  0.00000000E+00
   0.12292514E-02  0.26557412E+01  0.20781560E+04  0.13531992E+01  0.26107460E+00  0.53900375E+01  0.25671327E-01 -0.21156721E-01  0.33265956E-01  0.00000000E+00
   0.13168529E-02  0.26203084E+01  0.19525826E+04  0.13383467E+01  0.25715387E+00  0.52543263E+01  0.26135728E-01 -0.21520127E-01  0.33855461E-01  0.00000000E+00
   0.14104686E-02  0.25875700E+01  0.18377845E+04  0.13231947E+01  0.25199983E+00  0.51210771E+01  0.26615467E-01 -0.21893194E-01  0.34462951E-01  0.00000000E+00
   0.15105613E-02  0.25572944E+01  0.17329929E+04  0.13077753E+01  0.24575007E+00  0.49902897E+01  0.27112156E-01 -0.22276860E-01  0.35090275E-01  0.00000000E+00
   0.16175663E-02  0.25292759E+01  0.16375574E+04  0.12921237E+01  0.23853806E+00  0.48620110E+01  0.27627295E-01 -0.22671923E-01  0.35739105E-01  0.00000000E+00
   0.17319464E-02  0.25033085E+01  0.15508629E+04  0.12762724E+01  0.23048687E+00  0.47362890E+01  0.28162614E-01 -0.23079302E-01  0.36411356E-01  0.00000000E+00
   0.18542184E-02  0.24791844E+01  0.14723169E+04  0.12602464E+01  0.22171602E+00  0.46131225E+01  0.28720167E-01 -0.23500104E-01  0.37109338E-01  0.14012985E-44
   0.19848994E-02  0.24567015E+01  0.14013856E+04  0.12440727E+01  0.21233889E+00  0.44925179E+01  0.29302156E-01 -0.23935452E-01  0.37835464E-01  0.14012985E-44
   0.21246157E-02  0.24356446E+01  0.13375332E+04  0.12277668E+01  0.20246188E+00  0.43744268E+01  0.29911399E-01 -0.24386849E-01  0.38592879E-01  0.14012985E-44
   0.22739654E-02  0.24158084E+01  0.12802952E+04  0.12113522E+01  0.19219550E+00  0.42588520E+01  0.30550772E-01 -0.24855718E-01  0.39384723E-01  0.14012985E-44
   0.24336020E-02  0.23969793E+01  0.12292262E+04  0.11948494E+01  0.18164855E+00  0.41457686E+01  0.31223595E-01 -0.25343681E-01  0.40214613E-01  0.14012985E-44
   0.26042603E-02  0.23789318E+01  0.11838945E+04  0.11782750E+01  0.17093013E+00  0.40351129E+01  0.31933762E-01 -0.25852617E-01  0.41086774E-01  0.14012985E-44
   0.27867022E-02  0.23614352E+01  0.11438973E+04  0.11616482E+01  0.16015154E+00  0.39268274E+01  0.32685556E-01 -0.26384497E-01  0.42005800E-01  0.14012985E-44
   0.29818257E-02  0.23442383E+01  0.11088318E+04  0.11449814E+01  0.14942326E+00  0.38207929E+01  0.33484139E-01 -0.26941687E-01  0.42977225E-01  0.14012985E-44
   0.31902841E-02  0.23271027E+01  0.10783514E+04  0.11283107E+01  0.13887490E+00  0.37170255E+01  0.34334004E-01 -0.27525827E-01  0.44005625E-01  0.14012985E-44
   0.34128940E-02  0.23097632E+01  0.10520752E+04  0.11116586E+01  0.12862678E+00  0.36154330E+01  0.35240695E-01 -0.28139006E-01  0.45096677E-01  0.14012985E-44
   0.36512874E-02  0.22918849E+01  0.10295474E+04  0.10949904E+01  0.11876693E+00  0.35155225E+01  0.36213491E-01 -0.28785443E-01  0.46260335E-01  0.14012985E-44
   0.39057373E-02  0.22732279E+01  0.10104434E+04  0.10783654E+01  0.10944038E+00  0.34174459E+01  0.37256565E-01 -0.29465508E-01  0.47500186E-01  0.14012985E-44
   0.41781487E-02  0.22534249E+01  0.99428876E+03  0.10617280E+01  0.10071893E+00  0.33205590E+01  0.38381249E-01 -0.30183768E-01  0.48828065E-01  0.14012985E-44
   0.44690650E-02  0.22322106E+01  0.98069165E+03  0.10451000E+01  0.92707902E-01  0.32247865E+01  0.39593734E-01 -0.30940887E-01  0.50249401E-01  0.14012985E-44
   0.47801198E-02  0.22092512E+01  0.96918188E+03  0.10284230E+01  0.85456759E-01  0.31295586E+01  0.40905230E-01 -0.31740014E-01  0.51775150E-01  0.14012985E-44
   0.51124012E-02  0.21842737E+01  0.95930859E+03  0.10116529E+01  0.79002529E-01  0.30344777E+01  0.42325195E-01 -0.32582410E-01  0.53413816E-01  0.14012985E-44
   0.54678144E-02  0.21569796E+01  0.95059998E+03  0.99468738E+00  0.73332600E-01  0.29388599E+01  0.43867145E-01 -0.33470780E-01  0.55178072E-01  0.14012985E-44
   0.58479924E-02  0.21271324E+01  0.94261334E+03  0.97742170E+00  0.68408206E-01  0.28421206E+01  0.45544125E-01 -0.34406409E-01  0.57079490E-01  0.14012985E-44
   0.62540239E-02  0.20945973E+01  0.93494745E+03  0.95976007E+00  0.64162798E-01  0.27438316E+01  0.47367431E-01 -0.35388328E-01  0.59127044E-01  0.14012985E-44
   0.66880859E-02  0.20592153E+01  0.92722668E+03  0.94154900E+00  0.60487185E-01  0.26433372E+01  0.49354002E-01 -0.36417216E-01  0.61335400E-01  0.14012985E-44
   0.71523543E-02  0.20208902E+01  0.91913879E+03  0.92263728E+00  0.57256445E-01  0.25401180E+01  0.51521838E-01 -0.37492417E-01  0.63719548E-01  0.14012985E-44
   0.76484638E-02  0.19796330E+01  0.91044830E+03  0.90290618E+00  0.54343645E-01  0.24339340E+01  0.53887635E-01 -0.38610537E-01  0.66292159E-01  0.14012985E-44
   0.81785899E-02  0.19354604E+01  0.90097321E+03  0.88223279E+00  0.51624488E-01  0.23246019E+01  0.56471922E-01 -0.39767694E-01  0.69069147E-01  0.14012985E-44
   0.87454552E-02  0.18883836E+01  0.89057495E+03  0.86050081E+00  0.48994515E-01  0.22120335E+01  0.59299566E-01 -0.40958982E-01  0.72069943E-01  0.14012985E-44
   0.93515087E-02  0.18384624E+01  0.87915680E+03  0.83763635E+00  0.46375856E-01  0.20964015E+01  0.62395990E-01 -0.42176239E-01  0.75313307E-01  0.14012985E-44
   0.99991988E-02  0.17857732E+01  0.86664258E+03  0.81359994E+00  0.43720018E-01  0.19780777E+01  0.65788582E-01 -0.43407999E-01  0.78818731E-01  0.14012985E-44
   0.10691794E-01  0.17303413E+01  0.85294678E+03  0.78835380E+00  0.41004732E-01  0.18574520E+01  0.69511041E-01 -0.44640306E-01  0.82610786E-01  0.00000000E+00
   0.11432011E-01  0.16722494E+01  0.83799188E+03  0.76191133E+00  0.38232084E-01  0.17351640E+01  0.73596455E-01 -0.45853075E-01  0.86711839E-01  0.00000000E+00
   0.12223119E-01  0.16115634E+01  0.82168939E+03  0.73429263E+00  0.35418436E-01  0.16118789E+01  0.78082711E-01 -0.47021039E-01  0.91147617E-01  0.00000000E+00
   0.13068927E-01  0.15483313E+01  0.80393451E+03  0.70552272E+00  0.32587808E-01  0.14882810E+01  0.83012663E-01 -0.48111938E-01  0.95947176E-01  0.00000000E+00
   0.13973244E-01  0.14826318E+01  0.78462085E+03  0.67564923E+00  0.29767001E-01  0.13651471E+01  0.88430695E-01 -0.49084015E-01  0.10113965E+00  0.00000000E+00
   0.14939609E-01  0.14146208E+01  0.76367102E+03  0.64475310E+00  0.26981873E-01  0.12433738E+01  0.94379850E-01 -0.49883939E-01  0.10675188E+00  0.00000000E+00
   0.15972922E-01  0.13444182E+01  0.74100659E+03  0.61289966E+00  0.24256844E-01  0.11237632E+01  0.10091112E+00 -0.50445966E-01  0.11281777E+00  0.00000000E+00
   0.17077260E-01  0.12722577E+01  0.71657574E+03  0.58020389E+00  0.21619383E-01  0.10072570E+01  0.10806799E+00 -0.50687563E-01  0.11936465E+00  0.00000000E+00
   0.18258071E-01  0.11983373E+01  0.69031171E+03  0.54676515E+00  0.19088492E-01  0.89467144E+00  0.11589788E+00 -0.50507776E-01  0.12642530E+00  0.00000000E+00
   0.19519979E-01  0.11230003E+01  0.66218835E+03  0.51274222E+00  0.16682528E-01  0.78694254E+00  0.12443419E+00 -0.49783856E-01  0.13402350E+00  0.00000000E+00
   0.20869244E-01  0.10466046E+01  0.63218018E+03  0.47828856E+00  0.14419721E-01  0.68487024E+00  0.13370742E+00 -0.48368149E-01  0.14218703E+00  0.00000000E+00
   0.22311306E-01  0.96962762E+00  0.60027167E+03  0.44360173E+00  0.12326574E-01  0.58924818E+00  0.14372289E+00 -0.46088211E-01  0.15093175E+00  0.00000000E+00
   0.23852702E-01  0.89246571E+00  0.56633801E+03  0.40883970E+00  0.10423842E-01  0.50060868E+00  0.15446430E+00 -0.42744499E-01  0.16026950E+00  0.00000000E+00
   0.25500776E-01  0.81549579E+00  0.53019849E+03  0.37413889E+00  0.87167351E-02  0.41930836E+00  0.16588065E+00 -0.38112640E-01  0.17020272E+00  0.00000000E+00
   0.27262876E-01  0.73919547E+00  0.49175162E+03  0.33966461E+00  0.72117471E-02  0.34565216E+00  0.17786944E+00 -0.31951576E-01  0.18071647E+00  0.00000000E+00
   0.29146075E-01  0.66387278E+00  0.45084537E+03  0.30551487E+00  0.59190015E-02  0.27968365E+00  0.19026507E+00 -0.24019126E-01  0.19177517E+00  0.00000000E+00
   0.31157183E-01  0.58951026E+00  0.40733374E+03  0.27165127E+00  0.48356885E-02  0.22114669E+00  0.20282948E+00 -0.14091109E-01  0.20331836E+00  0.00000000E+00
   0.33309802E-01  0.51542664E+00  0.36096744E+03  0.23774818E+00  0.39621093E-02  0.16939738E+00  0.21529683E+00 -0.19388942E-02  0.21530557E+00  0.00000000E+00
   0.35609376E-01  0.43968233E+00  0.31049576E+03  0.20300467E+00  0.30978865E-02  0.12352610E+00  0.22728536E+00  0.12581319E-01  0.22763331E+00  0.00000000E+00
   0.38069509E-01  0.36903799E+00  0.26341809E+03  0.17025280E+00  0.28545945E-02  0.86846583E-01  0.23836215E+00  0.29548282E-01  0.24018663E+00  0.00000000E+00
   0.40698372E-01  0.26300719E+00  0.18640427E+03  0.12177399E+00  0.15661248E-02  0.44443842E-01  0.24825481E+00  0.49375571E-01  0.25311735E+00  0.00000000E+00
   0.43506846E-01  0.23291101E+00  0.16696472E+03  0.10729423E+00  0.20313140E-02  0.34460060E-01  0.25584304E+00  0.70719250E-01  0.26543713E+00  0.00000000E+00
   0.46511259E-01  0.26852634E-01  0.20815634E+02  0.12645159E-01  0.22178312E-03  0.47119218E-03  0.26154011E+00  0.96573852E-01  0.27880055E+00  0.00000000E+00
   0.49719777E-01  0.49221737E-04  0.27862672E-01  0.28261187E-04  0.74518759E-07  0.97545838E-09  0.26120606E+00  0.12582409E+00  0.28993157E+00  0.00000000E+00
   0.53154171E-01  0.15462187E-08  0.34720446E-06  0.31211354E-08  0.37578302E-13 -0.13020573E-15  0.25885907E+00  0.12772760E+00  0.28865612E+00  0.00000000E+00
   0.56822602E-01  0.20717335E-14  0.41521742E-12  0.54191944E-14  0.81784476E-23 -0.78893722E-28  0.25650060E+00  0.12849359E+00  0.28688529E+00  0.00000000E+00
   0.60744125E-01  0.47908154E-24  0.87709607E-22  0.13812476E-23  0.38242010E-38  0.00000000E+00  0.25433883E+00  0.12916361E+00  0.28525686E+00  0.00000000E+00
   0.64935066E-01  0.20477735E-39  0.32119745E-37  0.58168600E-39  0.00000000E+00  0.00000000E+00  0.25228101E+00  0.12974712E+00  0.28369001E+00  0.00000000E+00
   0.69417186E-01  0.18993760E-39  0.12546775E-37  0.16322745E-39  0.00000000E+00  0.00000000E+00  0.25036305E+00  0.13028544E+00  0.28223386E+00  0.00000000E+00
   0.74206837E-01  0.30865000E-39  0.17063614E-37  0.23148750E-39  0.00000000E+00  0.00000000E+00  0.24859619E+00  0.13075304E+00  0.28088507E+00  0.00000000E+00
   0.79328485E-01  0.25522970E-39  0.12446402E-37  0.21071185E-39  0.00000000E+00  0.00000000E+00  0.24696942E+00  0.13114929E+00  0.27963194E+00  0.00000000E+00
   0.84801197E-01  0.32942425E-39  0.17565485E-37  0.27600395E-39  0.00000000E+00  0.00000000E+00  0.24544020E+00  0.13151731E+00  0.27845591E+00  0.00000000E+00
   0.90654910E-01  0.37591770E-35  0.17488844E-33  0.24618080E-35  0.00000000E+00  0.00000000E+00  0.24401712E+00  0.13184205E+00  0.27735659E+00  0.00000000E+00
   0.96908666E-01  0.70560694E-32  0.29321153E-30  0.46431013E-32  0.00000000E+00  0.00000000E+00  0.24267168E+00  0.13213077E+00  0.27631158E+00  0.00000000E+00
   0.10359512E+00  0.65569782E-29  0.24327049E-27  0.43374752E-29  0.00000000E+00  0.00000000E+00  0.24139290E+00  0.13239405E+00  0.27531567E+00  0.00000000E+00
   0.11074420E+00  0.29828000E-26  0.99231769E-25  0.19815360E-26  0.00000000E+00  0.00000000E+00  0.24018541E+00  0.13262519E+00  0.27436924E+00  0.00000000E+00
   0.11838315E+00  0.65128381E-24  0.19533226E-22  0.43414649E-24  0.00000000E+00  0.00000000E+00  0.23901662E+00  0.13282289E+00  0.27344263E+00  0.00000000E+00
   0.12655003E+00  0.70041792E-22  0.18966660E-20  0.46896648E-22  0.00000000E+00  0.00000000E+00  0.23790650E+00  0.13300928E+00  0.27256370E+00  0.00000000E+00
   0.13528296E+00  0.33814045E-20  0.84107279E-19  0.22708814E-20 -0.13657896E-39  0.00000000E+00  0.23682995E+00  0.13318786E+00  0.27171203E+00  0.00000000E+00
   0.14461461E+00  0.14088974E-18  0.31962759E-17  0.94915925E-19 -0.11363341E-36  0.25141629E-37  0.23576677E+00  0.13336842E+00  0.27087471E+00  0.00000000E+00
   0.15459123E+00  0.49698769E-17  0.10216880E-15  0.33616302E-17 -0.74640350E-34  0.33903487E-34  0.23475341E+00  0.13353589E+00  0.27007592E+00  0.00000000E+00
   0.16525635E+00  0.93507971E-16  0.17661545E-14  0.63376838E-16 -0.16635454E-31  0.12049874E-31  0.23375893E+00  0.13368148E+00  0.26928419E+00  0.00000000E+00
   0.17665625E+00  0.11136088E-14  0.19503559E-13  0.75722014E-15 -0.17850899E-29  0.17201470E-29  0.23278236E+00  0.13381651E+00  0.26850417E+00  0.00000000E+00
   0.18884262E+00  0.10077402E-13  0.16338676E-12  0.68753283E-14 -0.18220347E-27  0.14181042E-27  0.23180827E+00  0.13394859E+00  0.26772618E+00  0.00000000E+00
   0.20186992E+00  0.12040241E-12  0.17633009E-11  0.82283091E-13 -0.19254837E-25  0.20311521E-25  0.23085840E+00  0.13406098E+00  0.26696056E+00  0.00000000E+00
   0.21579526E+00  0.10511189E-11  0.14246482E-10  0.72206596E-12 -0.87468108E-24  0.15641378E-23  0.22995189E+00  0.13415864E+00  0.26622623E+00  0.00000000E+00
   0.23068126E+00  0.54260012E-11  0.70014779E-10  0.37331436E-11 -0.20303970E-22  0.41809079E-22  0.22902699E+00  0.13423793E+00  0.26546785E+00  0.00000000E+00
   0.24659322E+00  0.25496792E-10  0.30922670E-09  0.17542098E-10 -0.37490558E-21  0.92317557E-21  0.22808476E+00  0.13430698E+00  0.26469043E+00  0.00000000E+00
   0.26360461E+00  0.10138643E-09  0.11582912E-08  0.70114109E-10 -0.55919942E-20  0.14747965E-19  0.22714026E+00  0.13437137E+00  0.26390976E+00  0.00000000E+00
   0.28179982E+00  0.39407907E-09  0.42237653E-08  0.27245450E-09 -0.66998618E-19  0.22269437E-18  0.22618897E+00  0.13445199E+00  0.26313263E+00  0.00000000E+00
   0.30123055E+00  0.12021727E-08  0.12193335E-07  0.83254670E-09 -0.49303614E-18  0.20794022E-17  0.22523443E+00  0.13450947E+00  0.26234204E+00  0.00000000E+00
   0.32199475E+00  0.33153083E-08  0.31865330E-07  0.23056734E-08 -0.35489473E-17  0.15948390E-16  0.22426403E+00  0.13458124E+00  0.26154628E+00  0.00000000E+00
   0.34420127E+00  0.77123392E-08  0.71249367E-07  0.54107163E-08 -0.21345422E-16  0.87827556E-16  0.22327673E+00  0.13462429E+00  0.26072246E+00  0.00000000E+00
   0.36795902E+00  0.21566846E-07  0.18714724E-06  0.15046512E-07 -0.15633800E-15  0.67919242E-15  0.22226207E+00  0.13465759E+00  0.25987130E+00  0.00000000E+00
   0.39334956E+00  0.62059044E-07  0.50217193E-06  0.43264404E-07 -0.12048674E-14  0.56154257E-14  0.22126114E+00  0.13467264E+00  0.25902358E+00  0.00000000E+00
   0.42045456E+00  0.13129187E-06  0.10167358E-05  0.92008491E-07 -0.34580829E-14  0.25396685E-13  0.22023317E+00  0.13470691E+00  0.25816390E+00  0.00000000E+00
   0.44946459E+00  0.25387848E-06  0.18573022E-05  0.17683222E-06 -0.75174919E-14  0.93808899E-13  0.21920793E+00  0.13472392E+00  0.25729877E+00  0.00000000E+00
   0.48046121E+00  0.36078936E-06  0.25796244E-05  0.25490056E-06 -0.13922900E-13  0.19492287E-12  0.21814020E+00  0.13474849E+00  0.25640261E+00  0.00000000E+00
   0.51360774E+00  0.47244220E-06  0.33238487E-05  0.33443007E-06 -0.29217158E-13  0.33553035E-12  0.21701124E+00  0.13476387E+00  0.25545093E+00  0.00000000E+00
   0.54904020E+00  0.75910674E-06  0.51398865E-05  0.53407211E-06 -0.63718033E-13  0.85569887E-12  0.21584317E+00  0.13471344E+00  0.25443268E+00  0.00000000E+00
   0.58689475E+00  0.11023211E-05  0.72620674E-05  0.77850143E-06 -0.12616499E-12  0.18181932E-11  0.21463931E+00  0.13468999E+00  0.25339973E+00  0.00000000E+00
   0.62738901E+00  0.15376547E-05  0.10076249E-04  0.10962975E-05 -0.15183949E-12  0.36056045E-11  0.21335776E+00  0.13480933E+00  0.25237885E+00  0.00000000E+00
   0.67065907E+00  0.16596771E-05  0.10841913E-04  0.11777538E-05  0.45609231E-13  0.41613119E-11  0.21197625E+00  0.13472478E+00  0.25116667E+00  0.00000000E+00
   0.71692276E+00  0.13284921E-05  0.84868016E-05  0.93692211E-06  0.12442526E-12  0.26334690E-11  0.21052575E+00  0.13451312E+00  0.24982969E+00  0.00000000E+00
   0.76637036E+00  0.10669686E-05  0.67558813E-05  0.75610592E-06  0.11020197E-12  0.17150885E-11  0.20902690E+00  0.13439977E+00  0.24850664E+00  0.00000000E+00
   0.81921977E+00  0.77957458E-06  0.50795652E-05  0.55222040E-06  0.13213222E-12  0.91484199E-12  0.20737252E+00  0.13424237E+00  0.24703112E+00  0.00000000E+00
   0.87571579E+00  0.25920178E-06  0.18186165E-05  0.18161347E-06  0.37193461E-13  0.98950301E-13  0.20547286E+00  0.13405864E+00  0.24533816E+00  0.00000000E+00
   0.93613058E+00  0.17366352E-07  0.14455323E-06  0.12405433E-07  0.63797108E-15  0.46168388E-15  0.20318136E+00  0.13376319E+00  0.24325965E+00  0.00000000E+00
   0.10006819E+01  0.35572117E-09  0.36498107E-08  0.25491678E-09  0.72444685E-18  0.19494759E-18  0.20023663E+00  0.13326122E+00  0.24052705E+00  0.00000000E+00
   0.10697236E+01  0.82252786E-12  0.10678377E-10  0.58453128E-12  0.29603022E-22  0.10250303E-23  0.19632009E+00  0.13224372E+00  0.23670653E+00  0.00000000E+00
   0.11435004E+01  0.16947854E-16  0.29611907E-15  0.12079875E-16  0.99671530E-30  0.43777233E-33  0.19094744E+00  0.13017234E+00  0.23109688E+00  0.00000000E+00
   0.12223662E+01  0.44644295E-25  0.11490116E-23  0.31855140E-25  0.00000000E+00  0.00000000E+00  0.18364492E+00  0.12576762E+00  0.22258246E+00  0.00000000E+00
   0.13066750E+01  0.30873407E-18  0.31337231E-16  0.95850195E-18 -0.42692097E-29 -0.15462102E-35  0.17392397E+00  0.11528548E+00  0.20866309E+00  0.00000000E+00
   0.13967801E+01  0.40376914E-10  0.42046344E-08  0.52731087E-10 -0.57671601E-16 -0.79919299E-20  0.17007920E+00  0.69484651E-01  0.18372548E+00  0.00000000E+00
   0.14931172E+01  0.12108124E-03  0.34822985E-02  0.28468867E-04 -0.66834955E-08  0.24195872E-08  0.20251541E+00  0.75620352E-02  0.20265654E+00  0.00000000E+00
   0.15960946E+01  0.20465229E-01  0.16338004E-01  0.10477726E-01 -0.25714479E-06  0.32930099E-03  0.20214097E+00  0.78452425E-02  0.20229316E+00  0.95288296E-43
   0.17062019E+01  0.34135398E-01  0.25059164E-01  0.19477770E-01 -0.42064741E-06  0.11380611E-02  0.20180979E+00  0.81705460E-02  0.20197512E+00  0.14012985E-42
   0.18238748E+01  0.48137154E-01  0.31666979E-01  0.30248169E-01 -0.72111953E-06  0.27446328E-02  0.20146990E+00  0.84805470E-02  0.20164831E+00  0.19197789E-42
   0.19496574E+01  0.61488174E-01  0.35568748E-01  0.44950224E-01 -0.11683362E-05  0.60610836E-02  0.20117173E+00  0.87497812E-02  0.20136192E+00  0.26064151E-42
   0.20841212E+01  0.72361119E-01  0.37010331E-01  0.64014316E-01 -0.15989262E-05  0.12292785E-01  0.20090453E+00  0.89578507E-02  0.20110413E+00  0.34752202E-42
   0.22278650E+01  0.80056369E-01  0.36592346E-01  0.85109986E-01 -0.16941856E-05  0.21730673E-01  0.20065805E+00  0.91001606E-02  0.20086430E+00  0.44841551E-42
   0.23815145E+01  0.84820360E-01  0.35694011E-01  0.10372284E+00 -0.12898454E-05  0.32275721E-01  0.20054312E+00  0.91960467E-02  0.20075385E+00  0.54090121E-42
   0.25457778E+01  0.87126695E-01  0.35200592E-01  0.11479871E+00 -0.48891877E-06  0.39536774E-01  0.20048845E+00  0.92393290E-02  0.20070122E+00  0.59555185E-42
   0.27213616E+01  0.87126702E-01  0.35200592E-01  0.11479871E+00 -0.48984020E-06  0.39536774E-01  0.20048845E+00  0.92393290E-02  0.20070122E+00  0.59555185E-42
