   0.26294281E-03  0.46985999E+00  0.22681119E-01 -0.16385727E-01  0.00000000E+00  0.34468809E+00  0.11485661E+01  0.36643062E+01  0.95077715E+04  0.40000000E+01  0.10513522E+00 -0.24772860E+00  0.25883770E+00 -0.39002150E+00  0.25751230E-02 -0.71217878E-05 -0.40393966E-05 -0.48261882E-07  0.42780459E+00  0.69981849E+00 -0.27156366E-04 -0.62072754E-01
   0.28282052E-03  0.50537997E+00  0.23053667E-01 -0.16654870E-01  0.00000000E+00  0.34793258E+00  0.11485661E+01  0.34296238E+01  0.85673906E+04  0.36377785E+01  0.10023645E+00 -0.25393978E+00  0.26510131E+00 -0.39966249E+00  0.29129444E-02  0.47191843E-01  0.14354403E+01  0.12431819E+00  0.36519170E+00  0.63060188E+00 -0.27760630E-04 -0.62988281E-01
   0.30405805E-03  0.54332995E+00  0.23433093E-01 -0.16928745E-01  0.00000000E+00  0.35123748E+00  0.11447579E+01  0.32121348E+01  0.77104624E+04  0.33055480E+01  0.95661275E-01 -0.25378945E+00  0.26445049E+00 -0.39911509E+00  0.32430142E-02  0.11299799E+00  0.13380551E+01  0.11723683E+00  0.31217453E+00  0.56752777E+00 -0.28406235E-04 -0.63903809E-01
   0.32675624E-03  0.58389002E+00  0.23820141E-01 -0.17207865E-01  0.00000000E+00  0.35460916E+00  0.11375031E+01  0.30106428E+01  0.69305010E+04  0.30012751E+01  0.91395207E-01 -0.25364339E+00  0.26377264E+00 -0.39854437E+00  0.35571726E-02  0.16935937E+00  0.12457207E+01  0.11041532E+00  0.26721719E+00  0.51011878E+00 -0.28839340E-04 -0.64880371E-01
   0.35103253E-03  0.62726998E+00  0.24215594E-01 -0.17492764E-01  0.00000000E+00  0.35805431E+00  0.11271636E+01  0.28240235E+01  0.62214053E+04  0.27230687E+01  0.87427042E-01 -0.25349590E+00  0.26306039E+00 -0.39794984E+00  0.38579700E-02  0.21676055E+00  0.11581988E+01  0.10383531E+00  0.22903575E+00  0.45792589E+00 -0.29159732E-04 -0.65887451E-01
   0.37698771E-03  0.67365003E+00  0.24619738E-01 -0.17783618E-01  0.00000000E+00  0.36157539E+00  0.11140901E+01  0.26514440E+01  0.55782739E+04  0.24695032E+01  0.83753675E-01 -0.25334525E+00  0.26230812E+00 -0.39732808E+00  0.41475063E-02  0.25594023E+00  0.10754784E+01  0.97481050E-01  0.19659613E+00  0.41058826E+00 -0.30284858E-04 -0.66925049E-01
   0.40472241E-03  0.72320998E+00  0.25032699E-01 -0.18080482E-01  0.00000000E+00  0.36517346E+00  0.10986230E+01  0.24921374E+01  0.49965132E+04  0.22392733E+01  0.80375813E-01 -0.25319046E+00  0.26151335E+00 -0.39667180E+00  0.44277501E-02  0.28763777E+00  0.99753708E+00  0.91333129E-01  0.16902751E+00  0.36776784E+00 -0.31043270E-04 -0.68023682E-01
   0.43437106E-03  0.77618998E+00  0.25454937E-01 -0.18383650E-01  0.00000000E+00  0.36885235E+00  0.10810722E+01  0.23452196E+01  0.44711860E+04  0.20309341E+01  0.77294655E-01 -0.25347149E+00  0.26112583E+00 -0.39777830E+00  0.46987203E-02  0.31346118E+00  0.92472631E+00  0.85541628E-01  0.14556862E+00  0.32910118E+00 -0.32419910E-04 -0.69183350E-01
   0.46606793E-03  0.83283001E+00  0.25888309E-01 -0.18694408E-01  0.00000000E+00  0.37265044E+00  0.10616252E+01  0.22098906E+01  0.39977842E+04  0.18423277E+01 -0.12182865E-01 -0.25292638E+00  0.25984284E+00 -0.39555204E+00  0.49678157E-02  0.33122241E+00  0.85534537E+00  0.78838497E-01  0.12558319E+00  0.29425648E+00 -0.18942386E-04 -0.70373535E-01
   0.49994723E-03  0.89336997E+00  0.26335498E-01 -0.19014632E-01  0.54035103E-02  0.37662664E+00  0.10404623E+01  0.20854578E+01  0.35721621E+04  0.16696839E+01 -0.11774310E+00 -0.25206998E+00  0.25820100E+00 -0.39203790E+00  0.52338275E-02  0.34170511E+00  0.78909051E+00  0.72542399E-01  0.10854227E+00  0.26292861E+00 -0.37984069E-05 -0.66223145E-01
   0.53616025E-03  0.95807999E+00  0.26795860E-01 -0.19343805E-01  0.11344960E-01  0.38076320E+00  0.10180093E+01  0.19712518E+01  0.31902869E+04  0.15122268E+01 -0.12609994E+00 -0.25243437E+00  0.25776184E+00 -0.39342734E+00  0.54899449E-02  0.34890330E+00  0.72767401E+00  0.68090148E-01  0.94003588E-01  0.23482072E+00 -0.24772166E-05 -0.61645508E-01
   0.57487475E-03  0.10272601E+01  0.27267486E-01 -0.19680496E-01  0.17359735E-01  0.38501370E+00  0.99467087E+00  0.18665673E+01  0.28482803E+04  0.13698612E+01 -0.12604441E+00 -0.25229600E+00  0.25675344E+00 -0.39278588E+00  0.57447720E-02  0.35105512E+00  0.66992199E+00  0.63742578E-01  0.81587583E-01  0.20964737E+00 -0.27576866E-05 -0.57006836E-01
   0.61625859E-03  0.11012100E+01  0.27750257E-01 -0.20024560E-01  0.23451898E-01  0.38937610E+00  0.97069520E+00  0.17707795E+01  0.25426482E+04  0.12415441E+01 -0.12598757E+00 -0.25208676E+00  0.25561753E+00 -0.39185810E+00  0.59973304E-02  0.34965584E+00  0.61606508E+00  0.59579369E-01  0.70973761E-01  0.18715134E+00 -0.32468092E-05 -0.52398682E-01
   0.66049653E-03  0.11802599E+01  0.28244313E-01 -0.20376027E-01  0.29626407E-01  0.39385355E+00  0.94629431E+00  0.16832705E+01  0.22700491E+04  0.11261722E+01 -0.12592863E+00 -0.25186360E+00  0.25440907E+00 -0.39086962E+00  0.62484457E-02  0.34534532E+00  0.56596959E+00  0.55607706E-01  0.61888635E-01  0.16708672E+00 -0.36611343E-05 -0.47760010E-01
   0.70778996E-03  0.12647700E+01  0.28749829E-01 -0.20734947E-01  0.35888959E-01  0.39845008E+00  0.92165685E+00  0.16034398E+01  0.20273322E+04  0.10226839E+01 -0.12586647E+00 -0.25162429E+00  0.25312144E+00 -0.38981530E+00  0.64991447E-02  0.33861750E+00  0.51944947E+00  0.51813889E-01  0.54100107E-01  0.14922157E+00 -0.43348145E-05 -0.43090820E-01
   0.75834041E-03  0.13551000E+01  0.29266866E-01 -0.21101279E-01  0.42243898E-01  0.40316865E+00  0.89695615E+00  0.15307312E+01  0.18116210E+04  0.93009770E+00 -0.12579995E+00 -0.25136861E+00  0.25175205E+00 -0.38868561E+00  0.67502866E-02  0.32992309E+00  0.47632918E+00  0.48185360E-01  0.47413550E-01  0.13334417E+00 -0.50186923E-05 -0.38452148E-01
   0.81238284E-03  0.14516701E+01  0.29795723E-01 -0.21475147E-01  0.48698641E-01  0.40801489E+00  0.87233388E+00  0.14645828E+01  0.16201637E+04  0.84744841E+00 -0.12572809E+00 -0.25109312E+00  0.25029275E+00 -0.38747942E+00  0.70027360E-02  0.31965777E+00  0.43640795E+00  0.44708252E-01  0.41661661E-01  0.11925197E+00 -0.55442933E-05 -0.33752441E-01
   0.87013555E-03  0.15548699E+01  0.30336430E-01 -0.21856476E-01  0.55257697E-01  0.41299251E+00  0.84792471E+00  0.14044969E+01  0.14505297E+04  0.77387506E+00 -0.12565011E+00 -0.25079527E+00  0.24873719E+00 -0.38619131E+00  0.72571207E-02  0.30817693E+00  0.39950955E+00  0.41371174E-01  0.36706012E-01  0.10676608E+00 -0.61847672E-05 -0.29052734E-01
   0.93188399E-03  0.16652100E+01  0.30889587E-01 -0.22245575E-01  0.61932523E-01  0.41811073E+00  0.82381994E+00  0.13499473E+01  0.13003423E+04  0.70850790E+00 -0.12556475E+00 -0.25047356E+00  0.24707849E+00 -0.38481429E+00  0.75141974E-02  0.29577693E+00  0.36542490E+00  0.38160589E-01  0.32425191E-01  0.95711552E-01 -0.67512542E-05 -0.24353027E-01
   0.99789666E-03  0.17831699E+01  0.31455558E-01 -0.22642581E-01  0.68731934E-01  0.42337725E+00  0.80010664E+00  0.13004745E+01  0.11675399E+04  0.65058452E+00 -0.12547085E+00 -0.25012639E+00  0.24531034E+00 -0.38333848E+00  0.77744825E-02  0.28271896E+00  0.33397198E+00  0.35066452E-01  0.28719487E-01  0.85936651E-01 -0.74040222E-05 -0.19592285E-01
   0.10684591E-02  0.19092599E+01  0.32034837E-01 -0.23047710E-01  0.75666443E-01  0.42880139E+00  0.77685279E+00  0.12556434E+01  0.10502456E+04  0.59939730E+00 -0.12536696E+00 -0.24975111E+00  0.24342640E+00 -0.38175723E+00  0.80384091E-02  0.26922438E+00  0.30497184E+00  0.32079838E-01  0.25504326E-01  0.77303216E-01 -0.80251511E-05 -0.14831543E-01
   0.11438903E-02  0.20440500E+01  0.32628186E-01 -0.23461346E-01  0.82750052E-01  0.43439576E+00  0.75410444E+00  0.12150356E+01  0.94674072E+03  0.55428499E+00 -0.12525204E+00 -0.24934417E+00  0.24141724E+00 -0.38006511E+00  0.83063776E-02  0.25547233E+00  0.27824569E+00  0.29193124E-01  0.22707511E-01  0.69684751E-01 -0.86274558E-05 -0.10040283E-01
   0.12245090E-02  0.21881099E+01  0.33236403E-01 -0.23883875E-01  0.89997314E-01  0.44017404E+00  0.73189801E+00  0.11782705E+01  0.85550806E+03  0.51465505E+00 -0.12512462E+00 -0.24890198E+00  0.23927428E+00 -0.37824979E+00  0.85786376E-02  0.24161422E+00  0.25362864E+00  0.26401665E-01  0.20268634E-01  0.62969580E-01 -0.92288910E-05 -0.51879883E-02
   0.13107017E-02  0.23421299E+01  0.33860836E-01 -0.24316054E-01  0.97429760E-01  0.44615591E+00  0.71024418E+00  0.11449747E+01  0.77514410E+03  0.47994828E+00 -0.12498342E+00 -0.24842206E+00  0.23698863E+00 -0.37630436E+00  0.88554919E-02  0.22776376E+00  0.23095158E+00  0.23701463E-01  0.18135335E-01  0.57054400E-01 -0.97537686E-05 -0.30517578E-03
   0.14028375E-02  0.25067701E+01  0.34502812E-01 -0.24758583E-01  0.10506874E+00  0.45236182E+00  0.68915296E+00  0.11148188E+01  0.70444342E+03  0.44967934E+00 -0.12482661E+00 -0.24790269E+00  0.23455250E+00 -0.37422046E+00  0.91370037E-02  0.21401738E+00  0.21006903E+00  0.21092620E-01  0.16264424E-01  0.51850483E-01 -0.10310168E-04  0.46691895E-02
   0.15013192E-02  0.26827500E+01  0.35164025E-01 -0.25212388E-01  0.11294049E+00  0.45881683E+00  0.66862094E+00  0.10874913E+01  0.64232532E+03  0.42340687E+00 -0.12465195E+00 -0.24733774E+00  0.23195343E+00 -0.37198263E+00  0.94231684E-02  0.20044714E+00  0.19084002E+00  0.18577810E-01  0.14618992E-01  0.47278289E-01 -0.10955753E-04  0.97045898E-02
   0.16066005E-02  0.28708801E+01  0.35846695E-01 -0.25678713E-01  0.12107795E+00  0.46555221E+00  0.64863235E+00  0.10626985E+01  0.58782263E+03  0.40073135E+00 -0.12445775E+00 -0.24672402E+00  0.22918324E+00 -0.36958045E+00  0.97139096E-02  0.18710513E+00  0.17313077E+00  0.16161693E-01  0.13167421E-01  0.43266624E-01 -0.11493526E-04  0.14831543E-01
   0.17191512E-02  0.30720000E+01  0.36553383E-01 -0.26158983E-01  0.12951869E+00  0.47260389E+00  0.62916785E+00  0.10401717E+01  0.54009406E+03  0.38130254E+00 -0.12424220E+00 -0.24605593E+00  0.22622943E+00 -0.36699969E+00  0.10008939E-01  0.17403290E+00  0.15682358E+00  0.13852226E-01  0.11883108E-01  0.39753567E-01 -0.11902624E-04  0.20080566E-01
   0.18395252E-02  0.32870998E+01  0.37287451E-01 -0.26655098E-01  0.13831086E+00  0.48001733E+00  0.61019588E+00  0.10196528E+01  0.49838525E+03  0.36480436E+00 -0.12400226E+00 -0.24532592E+00  0.22307447E+00 -0.36422840E+00  0.10307904E-01  0.16125566E+00  0.14180633E+00  0.11659206E-01  0.10742989E-01  0.36683593E-01 -0.12464421E-04  0.25482178E-01
   0.19681258E-02  0.35168998E+01  0.38051721E-01 -0.27168522E-01  0.14749718E+00  0.48783413E+00  0.59171015E+00  0.10009283E+01  0.46209280E+03  0.35098046E+00 -0.12373517E+00 -0.24453139E+00  0.21971340E+00 -0.36125758E+00  0.10609740E-01  0.14881110E+00  0.12800051E+00  0.95978333E-02  0.97289700E-02  0.34012292E-01 -0.13002422E-04  0.31066895E-01
   0.21054565E-02  0.37623000E+01  0.38850136E-01 -0.27701382E-01  0.15713492E+00  0.49610832E+00  0.57368946E+00  0.98378003E+00  0.43065414E+03  0.33959031E+00 -0.12343859E+00 -0.24366570E+00  0.21613514E+00 -0.35807076E+00  0.10913254E-01  0.13672335E+00  0.11532526E+00  0.76829805E-02  0.88246930E-02  0.31698253E-01 -0.13413200E-04  0.36865234E-01
   0.22525245E-02  0.40250998E+01  0.39690029E-01 -0.28257936E-01  0.16732448E+00  0.50493109E+00  0.55605876E+00  0.96795052E+00  0.40349753E+03  0.33039525E+00 -0.12310788E+00 -0.24271668E+00  0.21231130E+00 -0.35464099E+00  0.11217779E-01  0.12497821E+00  0.10367499E+00  0.59247063E-02  0.80136908E-02  0.29699393E-01 -0.13875334E-04  0.42968750E-01
   0.24094977E-02  0.43056002E+01  0.40574566E-01 -0.28839517E-01  0.17811808E+00  0.51435137E+00  0.53885460E+00  0.95328796E+00  0.38028653E+03  0.32324079E+00 -0.12274030E+00 -0.24167967E+00  0.20824005E+00 -0.35096350E+00  0.11520237E-01  0.11363766E+00  0.93029395E-01  0.43443190E-02  0.72866306E-02  0.27990950E-01 -0.14356726E-04  0.49377441E-01
   0.25775516E-02  0.46059003E+01  0.41513354E-01 -0.29451523E-01  0.18964957E+00  0.52448761E+00  0.52200896E+00  0.93954533E+00  0.36057874E+03  0.31793997E+00 -0.12232958E+00 -0.24054098E+00  0.20389314E+00 -0.34700447E+00  0.11818756E-01  0.10269357E+00  0.83306625E-01  0.29508653E-02  0.66309236E-02  0.26540359E-01 -0.14756556E-04  0.56213379E-01
   0.27570215E-02  0.49266000E+01  0.42512149E-01 -0.30096576E-01  0.20200960E+00  0.53541756E+00  0.50555563E+00  0.92655230E+00  0.34409677E+03  0.31435561E+00 -0.12187252E+00 -0.23929416E+00  0.19926639E+00 -0.34275499E+00  0.12108916E-01  0.92207126E-01  0.74491717E-01  0.17591449E-02  0.60392967E-02  0.25327206E-01 -0.15168477E-04  0.63537598E-01
   0.29489149E-02  0.52694998E+01  0.43581415E-01 -0.30780071E-01  0.21535182E+00  0.54727024E+00  0.48947439E+00  0.91408068E+00  0.33052292E+03  0.31233811E+00 -0.12136380E+00 -0.23792399E+00  0.19433595E+00 -0.33819583E+00  0.12386325E-01  0.82207315E-01  0.66539712E-01  0.77456620E-03  0.55031856E-02  0.24328105E-01 -0.15549644E-04  0.71472168E-01
   0.31539036E-02  0.56357999E+01  0.44730756E-01 -0.31506464E-01  0.22982606E+00  0.56016481E+00  0.47378939E+00  0.90191752E+00  0.31959619E+03  0.31174511E+00 -0.12079878E+00 -0.23641862E+00  0.18908797E+00 -0.33330256E+00  0.12644703E-01  0.72753511E-01  0.59428640E-01 -0.60639667E-06  0.50162869E-02  0.23523845E-01 -0.15867083E-04  0.80139160E-01
   0.33731624E-02  0.60275998E+01  0.45973700E-01 -0.32282218E-01  0.24563938E+00  0.57426190E+00  0.45849904E+00  0.88980770E+00  0.31104150E+03  0.31242603E+00 -0.12017067E+00 -0.23476294E+00  0.18349953E+00 -0.32804427E+00  0.12876917E-01  0.63892238E-01  0.53121142E-01 -0.57278224E-03  0.45720739E-02  0.22894178E-01 -0.16179440E-04  0.89691162E-01
   0.36076989E-02  0.64466996E+01  0.47323965E-01 -0.33113293E-01  0.26301190E+00  0.58972204E+00  0.44362840E+00  0.87749177E+00  0.30459775E+03  0.31421861E+00 -0.11947405E+00 -0.23294325E+00  0.17755643E+00 -0.32239604E+00  0.13073973E-01  0.55689353E-01  0.47587637E-01 -0.95464976E-03  0.41654413E-02  0.22419885E-01 -0.16471116E-04  0.10028076E+00
   0.38581847E-02  0.68943000E+01  0.48794352E-01 -0.34004372E-01  0.28216329E+00  0.60668957E+00  0.42922518E+00  0.86471069E+00  0.29999075E+03  0.31693545E+00 -0.11870556E+00 -0.23094444E+00  0.17125186E+00 -0.31634286E+00  0.13225322E-01  0.48223186E-01  0.42798251E-01 -0.11664765E-02  0.37924692E-02  0.22080788E-01 -0.16719192E-04  0.11212158E+00
   0.41259630E-02  0.73728004E+01  0.50402313E-01 -0.34962084E-01  0.30338880E+00  0.62535828E+00  0.41529182E+00  0.85115892E+00  0.29690070E+03  0.32037193E+00 -0.11785991E+00 -0.22874704E+00  0.16456349E+00 -0.30985650E+00  0.13320011E-01  0.41544423E-01  0.38696669E-01 -0.12361332E-02  0.34487776E-02  0.21853345E-01 -0.16918930E-04  0.12545776E+00
   0.44123759E-02  0.78846002E+01  0.52166019E-01 -0.35992309E-01  0.32701084E+00  0.64592409E+00  0.40182126E+00  0.83653069E+00  0.29497723E+03  0.32430464E+00 -0.11693195E+00 -0.22633213E+00  0.15747567E+00 -0.30290321E+00  0.13346748E-01  0.35693590E-01  0.35214759E-01 -0.11959217E-02  0.31307980E-02  0.21711769E-01 -0.17083234E-04  0.14050293E+00
   0.47184322E-02  0.84315004E+01  0.54101773E-01 -0.37098467E-01  0.35334796E+00  0.66855568E+00  0.38879696E+00  0.82055473E+00  0.29383755E+03  0.32849485E+00 -0.11591675E+00 -0.22368239E+00  0.14998265E+00 -0.29545853E+00  0.13295190E-01  0.30692587E-01  0.32274093E-01 -0.10803546E-02  0.28552390E-02  0.21627882E-01 -0.17225988E-04  0.15759277E+00
   0.50454736E-02  0.90158997E+01  0.56227785E-01 -0.38283460E-01  0.38276738E+00  0.69343853E+00  0.37615108E+00  0.80298108E+00  0.29307489E+03  0.33271515E+00 -0.11480785E+00 -0.22077112E+00  0.14207214E+00 -0.28749320E+00  0.13157499E-01  0.26521482E-01  0.29779121E-01 -0.92251465E-03  0.26544353E-02  0.21571746E-01 -0.17313758E-04  0.17700195E+00
   0.53951796E-02  0.96408005E+01  0.58564026E-01 -0.39549135E-01  0.41569126E+00  0.72077709E+00  0.36376598E+00  0.78360456E+00  0.29228809E+03  0.33676869E+00 -0.11359461E+00 -0.21756315E+00  0.13372652E+00 -0.27897036E+00  0.12929270E-01  0.23118036E-01  0.27625073E-01 -0.75047085E-03  0.24657741E-02  0.21513833E-01 -0.17347878E-04  0.19912720E+00
   0.57690614E-02  0.10308900E+02  0.61128952E-01 -0.40894054E-01  0.45255518E+00  0.75075561E+00  0.35149848E+00  0.76230836E+00  0.29111612E+03  0.34050006E+00 -0.11226200E+00 -0.21402052E+00  0.12493462E+00 -0.26986161E+00  0.12610568E-01  0.20385096E-01  0.25710775E-01 -0.58535032E-03  0.22878512E-02  0.21427572E-01 -0.17384888E-04  0.22430420E+00
   0.61686295E-02  0.11022900E+02  0.63940503E-01 -0.42313550E-01  0.49383017E+00  0.78355455E+00  0.33918473E+00  0.73906386E+00  0.28927182E+03  0.34380987E+00 -0.11079152E+00 -0.21009772E+00  0.11569081E+00 -0.26013914E+00  0.12205983E-01  0.18197717E-01  0.23946105E-01 -0.44001185E-03  0.21197335E-02  0.21291822E-01 -0.17394939E-04  0.25292969E+00
   0.65958994E-02  0.11786401E+02  0.67020267E-01 -0.43801203E-01  0.54009193E+00  0.81939524E+00  0.32664514E+00  0.71389276E+00  0.28656039E+03  0.34665310E+00 -0.10915960E+00 -0.20574011E+00  0.10598655E+00 -0.24976887E+00  0.11723197E-01  0.16416878E-01  0.22257075E-01 -0.31932813E-03  0.19606904E-02  0.21092247E-01 -0.17362419E-04  0.28558350E+00
   0.70525487E-02  0.12602400E+02  0.70388049E-01 -0.45345135E-01  0.59195495E+00  0.85847896E+00  0.31373188E+00  0.68689686E+00  0.28288379E+03  0.34901527E+00 -0.10734139E+00 -0.20088626E+00  0.95828414E-01 -0.23873511E+00  0.11172259E-01  0.14912341E-01  0.20594511E-01 -0.22227755E-03  0.18104279E-02  0.20821631E-01 -0.17278511E-04  0.32272339E+00
   0.75405934E-02  0.13474501E+02  0.74067146E-01 -0.46929494E-01  0.65016878E+00  0.90104431E+00  0.30032545E+00  0.65819234E+00  0.27822015E+03  0.35088745E+00 -0.10530943E+00 -0.19547188E+00  0.85231744E-01 -0.22702287E+00  0.10563238E-01  0.13574953E-01  0.18931260E-01 -0.14417004E-03  0.16686735E-02  0.20478366E-01 -0.17121225E-04  0.36511230E+00
   0.80623822E-02  0.14406900E+02  0.78085132E-01 -0.48532911E-01  0.71565163E+00  0.94737190E+00  0.28634536E+00  0.62789202E+00  0.27258957E+03  0.35223371E+00 -0.10303471E+00 -0.18943256E+00  0.74223563E-01 -0.21463649E+00  0.99050542E-02  0.12326430E-01  0.17258480E-01 -0.79405596E-04  0.15351104E-02  0.20063926E-01 -0.16854616E-04  0.41348267E+00
   0.86202677E-02  0.15403801E+02  0.82471438E-01 -0.50125193E-01  0.78948182E+00  0.99775499E+00  0.27175963E+00  0.59611249E+00  0.26602396E+03  0.35296503E+00 -0.10048861E+00 -0.18269898E+00  0.62849224E-01 -0.20159341E+00  0.92052994E-02  0.11121104E-01  0.15582087E-01 -0.23263097E-04  0.14094097E-02  0.19580664E-01 -0.16446689E-04  0.46890259E+00
   0.92164297E-02  0.16469101E+02  0.87255418E-01 -0.51663905E-01  0.87289852E+00  0.10524706E+01  0.25658393E+00  0.56298339E+00  0.25854654E+03  0.35292086E+00 -0.97642943E-01 -0.17520410E+00  0.51181827E-01 -0.18794011E+00  0.84708519E-02  0.99405451E-02  0.13917369E-01  0.27332944E-04  0.12912052E-02  0.19030292E-01 -0.15845306E-04  0.53250122E+00
   0.98538930E-02  0.17608200E+02  0.92473522E-01 -0.53093016E-01  0.96747065E+00  0.11118652E+01  0.24084860E+00  0.52860343E+00  0.25014975E+03  0.35185644E+00 -0.94465658E-01 -0.16687302E+00  0.39307259E-01 -0.17373013E+00  0.77075618E-02  0.87831086E-02  0.12281482E-01  0.73665426E-04  0.11799061E-02  0.18412245E-01 -0.14981156E-04  0.60571289E+00
   0.10535173E-01  0.18825600E+02  0.98156936E-01 -0.54334074E-01  0.10749367E+01  0.11762067E+01  0.22462730E+00  0.49312904E+00  0.24081750E+03  0.34944031E+00 -0.90927459E-01 -0.15764144E+00  0.27353141E-01 -0.15905608E+00  0.69230255E-02  0.76579642E-02  0.10693931E-01  0.11546497E-03  0.10750019E-02  0.17725347E-01 -0.13793731E-04  0.69018555E+00
   0.11263630E-01  0.20127300E+02  0.10434023E+00 -0.55282433E-01  0.11974316E+01  0.12457923E+01  0.20800327E+00  0.45672378E+00  0.23052472E+03  0.34525108E+00 -0.86994760E-01 -0.14744633E+00  0.15475135E-01 -0.14404634E+00  0.61264089E-02  0.65770787E-02  0.91724778E-02  0.15161002E-03  0.97586663E-03  0.16967747E-01 -0.12152672E-04  0.78793335E+00
   0.12042116E-01  0.21518400E+02  0.11104703E+00 -0.55796973E-01  0.13372856E+01  0.13208005E+01  0.19110191E+00  0.41963625E+00  0.21926425E+03  0.33878943E+00 -0.82642168E-01 -0.13624744E+00  0.38807613E-02 -0.12887879E+00  0.53301374E-02  0.55538835E-02  0.77348766E-02  0.18047456E-03  0.88199531E-03  0.16138922E-01 -0.99630388E-05  0.90124512E+00
   0.12874494E-01  0.23005800E+02  0.11829691E+00 -0.55691611E-01  0.14972820E+01  0.14013977E+01  0.17406397E+00  0.38215610E+00  0.20704880E+03  0.32949120E+00 -0.77850454E-01 -0.12402690E+00 -0.71842624E-02 -0.11375397E+00  0.45485245E-02  0.46000113E-02  0.63959416E-02  0.20005195E-03  0.79287356E-03  0.15239805E-01 -0.70984065E-05  0.10327759E+01
   0.13764121E-01  0.24595499E+02  0.12608628E+00 -0.54724772E-01  0.16803375E+01  0.14875607E+01  0.15708128E+00  0.34469700E+00  0.19393077E+03  0.31682703E+00 -0.72622649E-01 -0.11082967E+00 -0.17408747E-01 -0.98932847E-01  0.37994625E-02  0.37278153E-02  0.51722368E-02  0.20835773E-03  0.70819911E-03  0.14274254E-01 -0.33931935E-05  0.11853638E+01
   0.14715027E-01  0.26294701E+02  0.13438658E+00 -0.52591197E-01  0.18896091E+01  0.15791527E+01  0.14037254E+00  0.30775148E+00  0.17996924E+03  0.30041659E+00 -0.66988401E-01 -0.96771605E-01 -0.26443362E-01 -0.84710494E-01  0.31021819E-02  0.29467857E-02  0.40763011E-02  0.20437436E-03  0.62778755E-03  0.13246616E-01  0.12903552E-05  0.13621216E+01
   0.15731744E-01  0.28111500E+02  0.14312841E+00 -0.48920166E-01  0.21282353E+01  0.16758856E+01  0.12420605E+00  0.27196395E+00  0.16525868E+03  0.28020197E+00 -0.61021660E-01 -0.82095325E-01 -0.33915784E-01 -0.71393646E-01  0.24749499E-02  0.22655139E-02  0.31205697E-02  0.18847408E-03  0.55176287E-03  0.12163848E-01  0.70925539E-05  0.15661316E+01
   0.16818805E-01  0.30054001E+02  0.15217894E+00 -0.43295294E-01  0.23987758E+01  0.17771868E+01  0.10888578E+00  0.23807812E+00  0.14988361E+03  0.25670639E+00 -0.54853331E-01 -0.67178786E-01 -0.39483536E-01 -0.59287999E-01  0.19336417E-02  0.16919080E-02  0.23173050E-02  0.16325092E-03  0.48052610E-03  0.11032167E-01  0.14026049E-04  0.18000183E+01
   0.17980576E-01  0.32130001E+02  0.16131759E+00 -0.35311479E-01  0.27024975E+01  0.18822094E+01  0.94730221E-01  0.20688984E+00  0.13402327E+03  0.23108901E+00 -0.48676006E-01 -0.52554496E-01 -0.42908676E-01 -0.48651908E-01  0.14873819E-02  0.12300995E-02  0.16731829E-02  0.13366601E-03  0.41480793E-03  0.98647689E-02  0.21958107E-04  0.20650024E+01
   0.19221252E-01  0.34347000E+02  0.17024639E+00 -0.24678383E-01  0.30387068E+01  0.19898205E+01  0.81994019E-01  0.17901200E+00  0.11802531E+03  0.20482969E+00 -0.42705659E-01 -0.38820051E-01 -0.44141278E-01 -0.39585259E-01  0.11332646E-02  0.88012411E-03  0.11887820E-02  0.10545630E-03  0.35535678E-03  0.86872410E-02  0.30549090E-04  0.23605957E+01
   0.20549228E-01  0.36720001E+02  0.17864737E+00 -0.11283130E-01  0.34057221E+01  0.20989275E+01  0.70671074E-01  0.15438543E+00  0.10227774E+03  0.17894271E+00 -0.37064064E-01 -0.26442762E-01 -0.43285169E-01 -0.31988408E-01  0.85811713E-03  0.62829017E-03  0.84383332E-03  0.81739643E-04  0.30206065E-03  0.75281421E-02  0.39219907E-04  0.26850891E+01
   0.21967864E-01  0.39255001E+02  0.18620342E+00  0.46732547E-02  0.37991476E+01  0.22081020E+01  0.60652137E-01  0.13269795E+00  0.87542778E+02  0.15419731E+00 -0.31861071E-01 -0.15853848E-01 -0.40623121E-01 -0.25738554E-01  0.64786331E-03  0.47756315E-03  0.64088858E-03  0.66544468E-04  0.25499682E-03  0.64435769E-02  0.47749563E-04  0.30342712E+01
   0.23485551E-01  0.41966999E+02  0.19277029E+00  0.22917900E-01  0.42178702E+01  0.23172398E+01  0.50507352E-01  0.11055193E+00  0.72163414E+02  0.12766679E+00 -0.26426721E-01 -0.71139215E-02 -0.35622839E-01 -0.20025607E-01  0.47205912E-03  0.33580067E-03  0.45059502E-03  0.48738999E-04  0.20771015E-03  0.53115804E-02  0.55430526E-04  0.34068909E+01
   0.25107330E-01  0.44865002E+02  0.19820771E+00  0.42804554E-01  0.46566420E+01  0.24243259E+01  0.42832818E-01  0.93936458E-01  0.61361965E+02  0.10733771E+00 -0.22379324E-01 -0.76959928E-03 -0.30921599E-01 -0.15897730E-01  0.34893499E-03  0.32581182E-03  0.43937122E-03  0.46764409E-04  0.17366229E-03  0.45165410E-02  0.63966108E-04  0.37979736E+01
   0.26839910E-01  0.47960999E+02  0.20280336E+00  0.64682230E-01  0.51314182E+01  0.25334251E+01  0.28037077E-01  0.61222151E-01  0.39717838E+02  0.69366336E-01 -0.14549297E-01  0.27677638E-02 -0.19978177E-01 -0.95778443E-02  0.19384611E-03  0.16950953E-03  0.22836626E-03  0.26158998E-04  0.11002743E-03  0.29234271E-02  0.73117597E-04  0.42226562E+01
   0.28693372E-01  0.51273003E+02  0.20622782E+00  0.86439714E-01  0.56173053E+01  0.26346326E+01  0.25170045E-01  0.55087499E-01  0.35296936E+02  0.57690658E-01 -0.12666891E-01  0.53717848E-02 -0.17423881E-01 -0.79608811E-02  0.14675318E-03  0.18851935E-03  0.25293342E-03  0.26286882E-04  0.95692660E-04  0.25980272E-02  0.71352901E-04  0.46575317E+01
   0.30672746E-01  0.54810001E+02  0.20908177E+00  0.10938235E+00  0.61022329E+01  0.27373104E+01  0.25777621E-02  0.55411304E-02  0.39372096E+01  0.74781999E-02 -0.14542487E-02  0.88418013E-03 -0.16056407E-02 -0.64630382E-03  0.97021548E-05  0.17643622E-04  0.23933611E-04  0.20862187E-05  0.10263490E-04  0.28979790E-03  0.10128661E-03  0.50888672E+01
   0.32791466E-01  0.58596001E+02  0.20915399E+00  0.13422814E+00  0.69363432E+01  0.28259265E+01  0.30398148E-05  0.53218441E-05  0.28583079E-02  0.12100060E-04 -0.16914869E-05  0.98368957E-06 -0.12043752E-05 -0.39262730E-06  0.57461489E-08  0.25816540E-08  0.36267682E-08  0.44240034E-09  0.98092698E-08  0.21038545E-06  0.13893099E-03  0.58686523E+01
   0.35054568E-01  0.62640003E+02  0.20696206E+00  0.13394253E+00  0.73856902E+01  0.28289421E+01  0.13572168E-09  0.48276445E-10  0.10967233E-07  0.56778682E-09 -0.39648174E-10  0.11982078E-10  0.29533110E-11 -0.40539948E-12  0.63806086E-14  0.23933297E-15  0.53460717E-15  0.89720575E-16  0.12815969E-12  0.80724202E-12  0.13350107E-03  0.62762756E+01
   0.37473802E-01  0.66963005E+02  0.20479225E+00  0.13302039E+00  0.77602992E+01  0.28299539E+01  0.39513035E-16  0.86007701E-17  0.21173196E-14  0.12642437E-15 -0.11184936E-16  0.28530684E-17  0.13124498E-17 -0.37997802E-19  0.25639502E-22  0.34885378E-26  0.30400469E-26  0.15177199E-26  0.27380547E-19  0.15584508E-18  0.11866295E-03  0.66068420E+01
   0.40059242E-01  0.71583000E+02  0.20272030E+00  0.13209747E+00  0.80590363E+01  0.28308160E+01  0.65230612E-27  0.80283142E-28  0.25335003E-25  0.15808668E-26 -0.19447441E-27  0.41903379E-28  0.20027290E-28 -0.24947253E-30  0.14418241E-33  0.00000000E+00  0.00000000E+00  0.00000000E+00  0.00000000E+00  0.18647802E-29  0.10821107E-03  0.68587036E+01
   0.42824324E-01  0.76524002E+02  0.20081323E+00  0.13124277E+00  0.83162632E+01  0.28316305E+01  0.61986438E-40  0.72130437E-40  0.49689483E-38  0.14011023E-39  0.23359645E-41  0.56346211E-41  0.22546892E-41  0.00000000E+00 -0.58854536E-37  0.00000000E+00  0.00000000E+00  0.00000000E+00  0.00000000E+00  0.36573890E-42  0.99449193E-04  0.70659485E+01
   0.45779113E-01  0.81804001E+02  0.19904634E+00  0.13043033E+00  0.85429630E+01  0.28322408E+01  0.75510369E-40  0.11721161E-39  0.57875869E-38  0.12699548E-39 -0.20785460E-40  0.45079772E-41  0.22546892E-41  0.00000000E+00 -0.67262326E-37  0.00000000E+00  0.00000000E+00  0.00000000E+00  0.00000000E+00  0.42599473E-42  0.92265618E-04  0.72393494E+01
   0.48938725E-01  0.87449997E+02  0.19740997E+00  0.12965223E+00  0.87455778E+01  0.28327909E+01  0.55225172E-40  0.96925012E-40  0.39789660E-38  0.81404230E-40 -0.91084400E-41  0.45079772E-41  0.22546892E-41  0.00000000E+00 -0.75670117E-37  0.00000000E+00  0.00000000E+00  0.00000000E+00  0.00000000E+00  0.29287138E-42  0.86083091E-04  0.73850708E+01
   0.52314907E-01  0.93482994E+02  0.19587220E+00  0.12891723E+00  0.89301529E+01  0.28332224E+01  0.63113082E-40  0.12510092E-39  0.40360801E-38  0.76033053E-40 -0.18917529E-40  0.00000000E+00  0.00000000E+00  0.00000000E+00 -0.84077908E-37  0.00000000E+00  0.00000000E+00  0.00000000E+00  0.00000000E+00  0.29707527E-42  0.80686383E-04  0.75089111E+01
   0.55926137E-01  0.99936005E+02  0.19445021E+00  0.12822329E+00  0.90988207E+01  0.28336234E+01  0.83399679E-40  0.15553012E-39  0.52354823E-38  0.10008634E-39  0.10976371E-40  0.67626664E-41  0.33813332E-41  0.00000000E+00 -0.93886997E-37  0.00000000E+00  0.00000000E+00  0.00000000E+00  0.00000000E+00  0.38535708E-42  0.75848606E-04  0.76127014E+01
   0.59784155E-01  0.10683000E+03  0.19311498E+00  0.12755717E+00  0.92544689E+01  0.28338873E+01  0.11608356E-39  0.16116474E-39  0.57304727E-38  0.12080034E-39  0.12845703E-40  0.56346211E-41  0.33813332E-41  0.00000000E+00 -0.10509738E-36  0.00000000E+00  0.00000000E+00  0.00000000E+00  0.00000000E+00  0.42179084E-42  0.71604125E-04  0.76990967E+01
   0.63909113E-01  0.11420100E+03  0.19183849E+00  0.12691274E+00  0.94002132E+01  0.28342226E+01  0.62123036E-37  0.94347083E-37  0.35535214E-35  0.52698278E-37 -0.16030854E-38  0.29471843E-38  0.17006887E-38  0.00000000E+00 -0.11770907E-36  0.00000000E+00  0.00000000E+00  0.00000000E+00  0.00000000E+00  0.26155656E-39  0.67700115E-04  0.77708130E+01
   0.68319462E-01  0.12208199E+03  0.19062774E+00  0.12628824E+00  0.95328426E+01  0.28344729E+01  0.14468059E-33  0.21898144E-33  0.74249146E-32  0.10651521E-33 -0.33153127E-35  0.63504030E-35  0.38093385E-35 -0.76370766E-37 -0.12891946E-36  0.00000000E+00  0.00000000E+00  0.00000000E+00  0.00000000E+00  0.54651003E-36  0.64034088E-04  0.78243713E+01
   0.73032029E-01  0.13050301E+03  0.18944904E+00  0.12566128E+00  0.96585455E+01  0.28346305E+01  0.13121379E-30  0.19794443E-30  0.60583429E-29  0.84760813E-31 -0.26869316E-32  0.53130508E-32  0.32715440E-32 -0.43355475E-34 -0.70064923E-38  0.00000000E+00  0.00000000E+00  0.00000000E+00  0.00000000E+00  0.44592369E-33  0.60725633E-04  0.78656006E+01
   0.78070283E-01  0.13950601E+03  0.18833332E+00  0.12506686E+00  0.97746658E+01  0.28347354E+01  0.54480514E-28  0.81952514E-28  0.22470664E-26  0.30552844E-28 -0.99014588E-30  0.20377326E-29  0.12611235E-29 -0.12736061E-31  0.70737546E-35  0.00000000E+00  0.00000000E+00  0.00000000E+00  0.00000000E+00  0.16539509E-30  0.57548423E-04  0.78914795E+01
   0.83457738E-01  0.14913300E+03  0.18726106E+00  0.12449239E+00  0.98828745E+01  0.28348229E+01  0.73257006E-26  0.10985138E-25  0.27438594E-24  0.36577477E-26 -0.11986887E-27  0.25492733E-27  0.15806172E-27 -0.16541391E-29  0.97146279E-33  0.00000000E+00  0.00000000E+00  0.00000000E+00  0.53746739E-29  0.20196149E-28  0.54735516E-04  0.79032288E+01
   0.89214541E-01  0.15942000E+03  0.18621239E+00  0.12393259E+00  0.99883232E+01  0.28349309E+01  0.80005785E-24  0.11961009E-23  0.27284569E-22  0.34968434E-24 -0.11833094E-25  0.26455757E-25  0.16382304E-25 -0.10985754E-27  0.41731102E-31  0.00000000E+00  0.00000000E+00  0.00000000E+00  0.54313834E-27  0.20082777E-26  0.52142801E-04  0.79056091E+01
   0.95369242E-01  0.17041800E+03  0.18519919E+00  0.12339018E+00  0.10082060E+02  0.28349366E+01  0.72345670E-22  0.10793312E-21  0.22382916E-20  0.27339994E-22 -0.96420486E-24  0.22657487E-23  0.14345415E-23 -0.60647040E-28  0.25883245E-33  0.00000000E+00  0.00000000E+00  0.00000000E+00  0.45584934E-25  0.16474921E-24  0.49540049E-04  0.78891907E+01
   0.10194869E+00  0.18217500E+03  0.18420960E+00  0.12284553E+00  0.10172889E+02  0.28349309E+01  0.28223623E-20  0.42017754E-20  0.80269200E-19  0.95167756E-21 -0.34386343E-22  0.83062232E-22  0.54190743E-22  0.12013634E-24  0.16230367E-28 -0.95886650E-40 -0.33560398E-39 -0.13246474E-40  0.16767102E-23  0.59082057E-23  0.47201091E-04  0.78623047E+01
   0.10898143E+00  0.19474200E+03  0.18322743E+00  0.12229992E+00  0.10257808E+02  0.28348956E+01  0.61691434E-19  0.91711240E-19  0.16291986E-17  0.18023813E-19 -0.69847360E-21  0.17948715E-20  0.11833913E-20  0.41241723E-23  0.87382369E-27 -0.29724943E-37 -0.12177638E-36 -0.42853487E-38  0.34076907E-22  0.11991699E-21  0.44885674E-04  0.78214111E+01
   0.11649936E+00  0.20817601E+03  0.18224815E+00  0.12175380E+00  0.10335549E+02  0.28348708E+01  0.10091823E-17  0.14948920E-17  0.24535535E-16  0.26985739E-18 -0.10342236E-19  0.27131062E-19  0.18270336E-19  0.15888752E-21  0.88302144E-25 -0.11148867E-34 -0.48598409E-34 -0.15280612E-35  0.53167655E-21  0.18059354E-20  0.42903222E-04  0.77646790E+01
   0.12453604E+00  0.22253700E+03  0.18129712E+00  0.12121035E+00  0.10417603E+02  0.28347373E+01  0.24636142E-16  0.36387037E-16  0.54009542E-15  0.57601520E-17 -0.22508344E-18  0.61162970E-18  0.42428467E-18  0.81556010E-20  0.10566267E-22 -0.42663594E-32 -0.19722214E-31 -0.54994764E-33  0.12106410E-19  0.39753667E-19  0.41067469E-04  0.77030029E+01
   0.13312677E+00  0.23788800E+03  0.18038581E+00  0.12068345E+00  0.10483480E+02  0.28345399E+01  0.39761683E-15  0.58694703E-15  0.78920711E-14  0.78940731E-16 -0.33322760E-17  0.93818742E-17  0.67351874E-17  0.18625326E-18  0.36250632E-21 -0.52108343E-30 -0.24284622E-29 -0.66192492E-31  0.17995884E-18  0.58089503E-18  0.39090712E-04  0.76152954E+01
   0.14231013E+00  0.25429800E+03  0.17948996E+00  0.12014891E+00  0.10553087E+02  0.28342690E+01  0.29373951E-14  0.43239431E-14  0.54391967E-13  0.53273237E-15 -0.22699682E-16  0.65120575E-16  0.48693707E-16  0.79516712E-18  0.96175528E-21 -0.22330360E-28 -0.10821717E-27 -0.26986601E-29  0.12677349E-17  0.40035149E-17  0.37303147E-04  0.75207214E+01
   0.15212640E+00  0.27183899E+03  0.17857686E+00  0.11959504E+00  0.10614977E+02  0.28342803E+01  0.18053523E-13  0.26494482E-13  0.31794164E-12  0.29066501E-14 -0.13146937E-15  0.40343716E-15  0.30788499E-15  0.40746164E-17  0.42388442E-20 -0.70632263E-27 -0.33492523E-26 -0.79808828E-28  0.73247141E-17  0.23402060E-16  0.35700188E-04  0.74070740E+01
   0.16262095E+00  0.29059201E+03  0.17764358E+00  0.11902472E+00  0.10678480E+02  0.28340201E+01  0.93291985E-13  0.13651400E-12  0.15642936E-11  0.13410389E-13 -0.63320345E-15  0.21188925E-14  0.16010736E-14  0.62643281E-16  0.18574297E-18 -0.18825256E-25 -0.88055255E-25 -0.19660059E-26  0.35686504E-16  0.11513966E-15  0.34168137E-04  0.72829895E+01
   0.17384580E+00  0.31064999E+03  0.17669235E+00  0.11845540E+00  0.10734053E+02  0.28335836E+01  0.48824009E-12  0.71255100E-12  0.77290067E-11  0.61598181E-13 -0.30689071E-14  0.11199234E-13  0.85049003E-14  0.37689382E-15  0.12966384E-17 -0.40388759E-24 -0.18256563E-23 -0.41608216E-25  0.17462041E-15  0.56889274E-15  0.32635875E-04  0.71379700E+01
   0.18583284E+00  0.33207001E+03  0.17573799E+00  0.11786691E+00  0.10790757E+02  0.28332484E+01  0.19533195E-11  0.28507830E-11  0.29175395E-10  0.23473999E-12 -0.11965451E-13  0.41489961E-13  0.31860355E-13  0.74546210E-15  0.16155994E-17 -0.51587117E-23 -0.25756168E-22 -0.45732076E-24  0.68175220E-15  0.21474517E-14  0.31453892E-04  0.69804382E+01
   0.19864255E+00  0.35496002E+03  0.17477275E+00  0.11728324E+00  0.10848248E+02  0.28331857E+01  0.71750227E-11  0.10467979E-10  0.10080649E-09  0.67411392E-12 -0.40861117E-13  0.16981765E-12  0.13198511E-12  0.37008860E-14  0.96794144E-17 -0.60134103E-22 -0.26025228E-21 -0.51347524E-23  0.22144114E-14  0.74198511E-14  0.30006739E-04  0.68089294E+01
   0.21234202E+00  0.37944000E+03  0.17379323E+00  0.11666864E+00  0.10884817E+02  0.28327200E+01  0.20077209E-10  0.29134826E-10  0.26911190E-09  0.18057274E-11 -0.10489869E-12  0.44630708E-12  0.36205598E-12  0.13947097E-13  0.50475216E-16 -0.54603942E-21 -0.24135492E-20 -0.47637843E-22  0.60366941E-14  0.19807954E-13  0.28657147E-04  0.66007080E+01
   0.22699848E+00  0.40563004E+03  0.17278048E+00  0.11602577E+00  0.10947719E+02  0.28324866E+01  0.69811081E-10  0.10102984E-09  0.88510521E-09  0.60524177E-11 -0.34728736E-12  0.14239196E-11  0.11877792E-11  0.58392629E-13  0.29335477E-15 -0.63648095E-20 -0.31841846E-19 -0.44624243E-21  0.20562590E-13  0.65148075E-13  0.27720158E-04  0.64016418E+01
   0.24266221E+00  0.43362000E+03  0.17177959E+00  0.11537679E+00  0.10983694E+02  0.28317533E+01  0.26385369E-09  0.38248482E-09  0.31433254E-08  0.16546688E-10 -0.12584699E-11  0.64343418E-11  0.53691231E-11  0.34929937E-12  0.22234471E-14 -0.76226852E-19 -0.29558488E-18 -0.58113162E-20  0.66225020E-13  0.23136414E-12  0.26377278E-04  0.61578064E+01
   0.25938362E+00  0.46349997E+03  0.17073934E+00  0.11471792E+00  0.11026019E+02  0.28312702E+01  0.64170369E-09  0.92703550E-09  0.73124848E-08  0.45618884E-10 -0.29062965E-11  0.12765019E-10  0.10598309E-10  0.55617799E-12  0.37186508E-14 -0.31024818E-18 -0.14964927E-17 -0.22462477E-19  0.17092852E-12  0.53823466E-12  0.25379506E-04  0.59013367E+01
   0.27728027E+00  0.49548001E+03  0.16970693E+00  0.11405061E+00  0.11078624E+02  0.28307431E+01  0.15410064E-08  0.22083375E-08  0.16477287E-07  0.91080768E-10 -0.63585912E-11  0.32300836E-10  0.27183049E-10  0.22101019E-11  0.19881608E-13 -0.10864652E-17 -0.53769374E-17 -0.49584150E-19  0.37207626E-12  0.12128089E-11  0.24602467E-04  0.56341248E+01
   0.29640248E+00  0.52965002E+03  0.16864213E+00  0.11336690E+00  0.11108307E+02  0.28296683E+01  0.25292601E-08  0.36264354E-08  0.26017405E-07  0.10354156E-09 -0.97579913E-11  0.69154668E-10  0.58411574E-10  0.43997965E-11  0.34700439E-13 -0.24050870E-17 -0.88750168E-17 -0.11176822E-18  0.50887441E-12  0.19150083E-11  0.23367114E-04  0.53222656E+01
   0.31685096E+00  0.56619000E+03  0.16752045E+00  0.11263829E+00  0.11140972E+02  0.28293133E+01  0.34059247E-08  0.48711537E-08  0.34470123E-07  0.15535430E-09 -0.12768527E-10  0.79097534E-10  0.71246939E-10  0.47671472E-11  0.42243305E-13 -0.52110265E-17 -0.19805035E-16 -0.33850710E-18  0.72159905E-12  0.25371697E-11  0.22331762E-04  0.49895325E+01
   0.33870971E+00  0.60525000E+03  0.16634917E+00  0.11182912E+00  0.11182880E+02  0.28281951E+01  0.59188081E-08  0.84756655E-08  0.58253832E-07  0.27227587E-09 -0.22305935E-10  0.12597219E-09  0.11764979E-09  0.10055488E-10  0.11820539E-12 -0.13472847E-16 -0.59935079E-16 -0.63263849E-18  0.12603642E-11  0.42877672E-11  0.21675220E-04  0.46409607E+01
   0.36206263E+00  0.64698004E+03  0.16514160E+00  0.11101581E+00  0.11220375E+02  0.28274171E+01  0.95370343E-08  0.13645939E-07  0.91108710E-07  0.34249575E-09 -0.35444023E-10  0.25492605E-09  0.20820670E-09  0.19605383E-10  0.23050111E-12 -0.27942340E-16 -0.11328723E-15 -0.79191759E-18  0.17945516E-11  0.67060472E-11  0.20895066E-04  0.42612305E+01
   0.38704404E+00  0.69162000E+03  0.16385780E+00  0.11025795E+00  0.11248873E+02  0.28261411E+01  0.13293989E-07  0.18912868E-07  0.12863843E-06  0.39516376E-09 -0.47485800E-10  0.43273343E-09  0.35942310E-09  0.36210888E-10  0.41806077E-12 -0.30349885E-16 -0.95235137E-16 -0.10934183E-17  0.22677429E-11  0.94684182E-11  0.19952309E-04  0.38434753E+01
   0.41373789E+00  0.73932001E+03  0.16239168E+00  0.10924808E+00  0.11279535E+02  0.28250899E+01  0.14028386E-07  0.19924638E-07  0.13547000E-06  0.45243478E-09 -0.49242218E-10  0.37707207E-09  0.39527120E-09  0.39998897E-10  0.55812028E-12  0.22895224E-17  0.15471886E-16 -0.24565946E-18  0.24884927E-11  0.99712556E-11  0.19175410E-04  0.33972778E+01
   0.44227850E+00  0.79032007E+03  0.16094935E+00  0.10814041E+00  0.11317759E+02  0.28232689E+01  0.12304715E-07  0.17494923E-07  0.11323616E-06  0.41586992E-09 -0.42862002E-10  0.27880981E-09  0.30629488E-09  0.42350592E-10  0.81684621E-12  0.19954783E-16  0.66763918E-16  0.11693300E-17  0.22352452E-11  0.83347357E-11  0.18641733E-04  0.29257507E+01
   0.47278336E+00  0.84483002E+03  0.15945108E+00  0.10706874E+00  0.11356086E+02  0.28210711E+01  0.10160220E-07  0.14416076E-07  0.92972932E-07  0.28285124E-09 -0.34110558E-10  0.28054428E-09  0.29115113E-09  0.47415443E-10  0.95847755E-12  0.28652918E-16  0.73798268E-16  0.18514035E-17  0.16735097E-11  0.68432629E-11  0.18089439E-04  0.24192810E+01
   0.50538677E+00  0.90309003E+03  0.15777566E+00  0.10584837E+00  0.11384570E+02  0.28184199E+01  0.70444020E-08  0.10029290E-07  0.66312722E-07  0.13778732E-09 -0.24512663E-10  0.27640618E-09  0.29293803E-09  0.56533528E-10  0.11586454E-11  0.36246737E-16  0.77632515E-16  0.15081137E-17  0.97709601E-12  0.48809407E-11  0.17292579E-04  0.18655701E+01
   0.54023993E+00  0.96537006E+03  0.15587838E+00  0.10446175E+00  0.11406532E+02  0.28147175E+01  0.17570224E-08  0.25284204E-08  0.18023805E-07  0.36151873E-10 -0.68556671E-11  0.73936544E-10  0.81253296E-10  0.18889106E-10  0.48024242E-12  0.63331078E-17  0.14466514E-16  0.18707689E-18  0.25217079E-12  0.13266403E-11  0.16461800E-04  0.12653503E+01
   0.57751054E+00  0.10319700E+04  0.15358834E+00  0.10273291E+00  0.11442863E+02  0.28094091E+01  0.63114125E-10  0.90141998E-10  0.75584833E-09  0.17009157E-11 -0.27905388E-12  0.26465102E-11  0.31281015E-11  0.93788790E-12  0.28841174E-13  0.46115933E-19  0.10749645E-18  0.13039171E-20  0.10309760E-13  0.55634137E-13  0.15750162E-04  0.63653564E+00
   0.61733305E+00  0.11031300E+04  0.15062805E+00  0.10041080E+00  0.11487350E+02  0.27997606E+01  0.49844243E-12  0.70486455E-12  0.72735585E-11  0.17690524E-13 -0.25321940E-14  0.21422973E-13  0.29153397E-13  0.11977314E-13  0.47454100E-15  0.11025018E-22  0.23717772E-22  0.34320215E-24  0.92800486E-16  0.53536950E-15  0.15074803E-04 -0.28991699E-01
   0.65992570E+00  0.11792400E+04  0.14672942E+00  0.97065985E-01  0.11557715E+02  0.27814686E+01  0.29346613E-15  0.41700067E-15  0.54626129E-14  0.13614305E-16 -0.18875114E-17  0.12863482E-16  0.21950184E-16  0.12826017E-16  0.71925128E-18  0.43607803E-28  0.83494793E-28  0.14780533E-29  0.62800851E-19  0.40207505E-18  0.14105862E-04 -0.71667480E+00
   0.70543957E+00  0.12605701E+04  0.14137116E+00  0.91965273E-01  0.11647230E+02  0.27420664E+01  0.66695602E-21  0.95174167E-21  0.16690603E-19  0.48680294E-22 -0.58280988E-23  0.24038689E-22  0.59608274E-22  0.53626499E-22  0.47249976E-23  0.42701636E-37  0.79298471E-37  0.15167613E-38  0.17985654E-24  0.12285100E-23  0.12355106E-04 -0.14338074E+01
   0.75409287E+00  0.13475100E+04  0.13419028E+00  0.83829366E-01  0.11831454E+02  0.26446674E+01  0.31092428E-31  0.39766815E-31  0.10568540E-29  0.47216949E-32 -0.50453848E-33  0.42427040E-33  0.29948896E-32  0.45059160E-32  0.66088317E-33  0.00000000E+00  0.00000000E+00  0.00000000E+00  0.00000000E+00  0.77789624E-34  0.10501818E-04 -0.21024170E+01
   0.80610394E+00  0.14404501E+04  0.12542880E+00  0.69526985E-01  0.12262321E+02  0.23489568E+01  0.53465749E-19  0.19151527E-19  0.18197903E-17  0.10189100E-19 -0.44876123E-20 -0.44469149E-20  0.88271949E-20  0.21603743E-19  0.14213335E-20 -0.44216091E-31 -0.33673164E-31 -0.57654060E-32  0.11463982E-22  0.13394548E-21  0.48596344E-05 -0.25503235E+01
   0.86169094E+00  0.15397800E+04  0.13566372E+00  0.32535516E-01  0.12814458E+02  0.11228269E+01  0.62801201E-11  0.41427816E-11  0.47357696E-09  0.31260274E-11 -0.87964054E-12 -0.10684491E-11  0.74871430E-12  0.19008465E-11  0.35711889E-11 -0.20164233E-17 -0.49036189E-17 -0.28781462E-18  0.29537682E-14  0.34857581E-13  0.55794098E-05 -0.27789612E+01
   0.92112249E+00  0.16459800E+04  0.19696315E+00  0.73104650E-02  0.15126105E+02  0.47661427E+00  0.51600841E-05  0.20829624E-04  0.62325696E-03  0.37600039E-05 -0.35800659E-06 -0.36475524E-06  0.14222351E-06  0.25647259E-06  0.49710419E-04 -0.52527155E-09 -0.20905877E-08 -0.75382561E-10  0.10422866E-07  0.45874764E-07  0.10281500E-04 -0.14174500E+01
   0.98465049E+00  0.17595000E+04  0.19651788E+00  0.72927354E-02  0.16271797E+02  0.36155874E+00  0.27237046E-02  0.52029733E-02  0.41285246E-02  0.12536922E-02 -0.16577801E-05  0.12320663E-06  0.10123055E-08  0.18519860E-05  0.14780442E-01 -0.27862423E-07 -0.72280964E-04 -0.12153599E-06  0.23034697E-05  0.30387960E-06  0.76047440E-05 -0.13869934E+01
   0.10525771E+01  0.18808799E+04  0.19604251E+00  0.73049134E-02  0.17431749E+02  0.29974118E+00  0.51438608E-02  0.91281738E-02  0.66928314E-02  0.22303830E-02 -0.25801085E-05  0.21327682E-06 -0.60748531E-08  0.15166265E-05  0.26044210E-01 -0.49819729E-07 -0.12752281E-03 -0.21624028E-06  0.39980332E-05  0.49262513E-06  0.47250023E-05 -0.14301453E+01
   0.11251709E+01  0.20106000E+04  0.19558954E+00  0.73194215E-02  0.18592724E+02  0.27936935E+00  0.82576200E-02  0.13587652E-01  0.87214364E-02  0.33959881E-02 -0.37293262E-05  0.26126227E-06 -0.67296075E-08  0.56800383E-06  0.39039586E-01 -0.92521248E-07 -0.23848211E-03 -0.44874253E-06  0.59144786E-05  0.64194040E-06  0.37856610E-05 -0.15629578E+01
   0.12027678E+01  0.21492600E+04  0.19520254E+00  0.73261829E-02  0.19786652E+02  0.27742186E+00  0.12670768E-01  0.18076420E-01  0.99518839E-02  0.50540464E-02 -0.29330361E-05  0.26987186E-06  0.71192385E-09  0.72920663E-07  0.52226357E-01 -0.15748870E-06 -0.38149688E-03 -0.91452858E-06  0.80486388E-05  0.73250737E-06  0.31982020E-05 -0.17554932E+01
   0.12857202E+01  0.22974900E+04  0.19489989E+00  0.73164897E-02  0.21035641E+02  0.27718967E+00  0.18607428E-01  0.21792430E-01  0.10463091E-01  0.72766882E-02 -0.57914048E-06  0.25636260E-06  0.16590729E-07  0.11305731E-07  0.63194968E-01 -0.22778879E-06 -0.49294234E-03 -0.15866684E-05  0.10175481E-04  0.77013470E-06  0.27517319E-05 -0.19889526E+01
   0.13743975E+01  0.24559500E+04  0.19465323E+00  0.72892867E-02  0.22347364E+02  0.27715412E+00  0.25503768E-01  0.24412997E-01  0.10523961E-01  0.98350048E-02 -0.21824437E-05  0.22510055E-06  0.29842919E-07  0.22387303E-08  0.70960768E-01 -0.25931467E-06 -0.50348986E-03 -0.21331523E-05  0.12098859E-04  0.77461505E-06  0.23098273E-05 -0.22620544E+01
   0.14691858E+01  0.26253298E+04  0.19444728E+00  0.72559752E-02  0.23735619E+02  0.27713814E+00  0.31811606E-01  0.26021987E-01  0.10319944E-01  0.12182896E-01 -0.62168060E-05  0.14878370E-06  0.25137183E-07 -0.15704025E-07  0.75759709E-01 -0.20629726E-06 -0.38299785E-03 -0.19511267E-05  0.13618971E-04  0.75959838E-06  0.16820150E-05 -0.25678406E+01
   0.15705217E+01  0.28064099E+04  0.19435085E+00  0.72382987E-02  0.25214331E+02  0.27758536E+00  0.35628349E-01  0.26791871E-01  0.10124315E-01  0.13603450E-01  0.25626380E-05  0.52354103E-07  0.96556354E-08 -0.62324752E-07  0.78078404E-01 -0.79145373E-07 -0.14674704E-03 -0.81102672E-06  0.14474661E-04  0.74519909E-06  0.62871817E-06 -0.29002686E+01
   0.16788417E+01  0.29999700E+04  0.19435085E+00  0.72382987E-02  0.26791283E+02  0.27849951E+00  0.35628349E-01  0.26791874E-01  0.10124316E-01  0.13603450E-01  0.52077631E-02  0.00000000E+00  0.00000000E+00 -0.91350048E-05  0.78078404E-01 -0.79267501E-07 -0.14674712E-03 -0.81200250E-06  0.14462544E-04  0.74519915E-06  0.62871817E-06 -0.32593384E+01
