   0.11969430E-01  0.46985999E+00  0.28960735E-01 -0.17439662E-01  0.26315529E+01  0.11431679E+01  0.90730751E+00  0.28933477E+01  0.14470854E+03  0.50239649E+01  0.99996483E+00 -0.21427447E+00  0.16162230E+00  0.35132599E+00  0.72611921E-03 -0.16928948E-05 -0.95625410E-06 -0.28088303E-07  0.19986348E+01  0.32274218E+01 -0.55837241E-04  0.24347839E+01
   0.12874283E-01  0.50537997E+00  0.29541900E-01 -0.17789630E-01  0.26185813E+01  0.11414918E+01  0.90730751E+00  0.27058690E+01  0.13044034E+03  0.51912003E+01  0.10245352E+01 -0.21960327E+00  0.16555080E+00  0.35984558E+00  0.78850315E-03  0.22360921E-01  0.10268785E+01 -0.82529988E-02  0.17043793E+01  0.29091992E+01 -0.60689355E-04  0.24217529E+01
   0.13841039E-01  0.54332995E+00  0.30134639E-01 -0.18146303E-01  0.26053960E+01  0.11397921E+01  0.90448433E+00  0.25316906E+01  0.11740715E+03  0.53458705E+01  0.10225811E+01 -0.21953858E+00  0.16530353E+00  0.35825160E+00  0.84846787E-03  0.66754274E-01  0.95684212E+00 -0.78563122E-02  0.14551517E+01  0.26185212E+01 -0.65873406E-04  0.24084778E+01
   0.14874283E-01  0.58389002E+00  0.30740131E-01 -0.18510360E-01  0.25919790E+01  0.11380657E+01  0.89913970E+00  0.23699677E+01  0.10551914E+03  0.54890757E+01  0.10205694E+01 -0.21951528E+00  0.16507412E+00  0.35666311E+00  0.90294069E-03  0.10439438E+00  0.89020586E+00 -0.74924058E-02  0.12438358E+01  0.23533840E+01 -0.69639951E-04  0.23949585E+01
   0.15979365E-01  0.62726998E+00  0.31359419E-01 -0.18882399E-01  0.25783117E+01  0.11363113E+01  0.89155680E+00  0.22198985E+01  0.94690819E+02  0.56217508E+01  0.10184665E+01 -0.21949880E+00  0.16483496E+00  0.35494846E+00  0.95230888E-03  0.13580658E+00  0.82692623E+00 -0.71547651E-02  0.10644507E+01  0.21118810E+01 -0.71628601E-04  0.23811646E+01
   0.17160872E-01  0.67365003E+00  0.31992767E-01 -0.19262537E-01  0.25643945E+01  0.11345296E+01  0.88201612E+00  0.20809004E+01  0.84853577E+02  0.57444940E+01  0.10162599E+01 -0.21948992E+00  0.16458479E+00  0.35312706E+00  0.99682971E-03  0.16148002E+00  0.76701516E+00 -0.68359938E-02  0.91216403E+00  0.18924818E+01 -0.72505332E-04  0.23670959E+01
   0.18423384E-01  0.72320998E+00  0.32640118E-01 -0.19650700E-01  0.25502343E+01  0.11327221E+01  0.87079430E+00  0.19524333E+01  0.75942345E+02  0.58577223E+01  0.10139618E+01 -0.21948780E+00  0.16432229E+00  0.35119689E+00  0.10367339E-02  0.18191420E+00  0.71047765E+00 -0.65276478E-02  0.78289163E+00  0.16937354E+01 -0.72975825E-04  0.23527527E+01
   0.19773021E-01  0.77618998E+00  0.33301890E-01 -0.20047089E-01  0.25358288E+01  0.11308894E+01  0.85814893E+00  0.18338523E+01  0.67885719E+02  0.59618068E+01  0.10115302E+01 -0.21949121E+00  0.16404523E+00  0.34915426E+00  0.10722461E-02  0.19763289E+00  0.65724444E+00 -0.62199049E-02  0.67305321E+00  0.15140492E+01 -0.73300755E-04  0.23381348E+01
   0.21215895E-01  0.83283001E+00  0.33978090E-01 -0.20451667E-01  0.25211854E+01  0.11290331E+01  0.84432977E+00  0.17245870E+01  0.60618809E+02  0.60569186E+01  0.10089481E+01 -0.21950009E+00  0.16375181E+00  0.34696969E+00  0.11035443E-02  0.20914148E+00  0.60725486E+00 -0.59016757E-02  0.57967222E+00  0.13519759E+01 -0.73374540E-04  0.23232422E+01
   0.22758119E-01  0.89336997E+00  0.34668401E-01 -0.20864183E-01  0.25063190E+01  0.11271561E+01  0.82957911E+00  0.16241118E+01  0.54081100E+02  0.61430607E+01  0.10062423E+01 -0.21951537E+00  0.16344222E+00  0.34463730E+00  0.11307877E-02  0.21693079E+00  0.56044888E+00 -0.55601755E-02  0.50025004E+00  0.12061660E+01 -0.73152281E-04  0.23080750E+01
   0.24406573E-01  0.95807999E+00  0.35372488E-01 -0.21284383E-01  0.24912448E+01  0.11252613E+01  0.81412297E+00  0.15318853E+01  0.48212650E+02  0.62201281E+01  0.10033951E+01 -0.21953617E+00  0.16311371E+00  0.34217450E+00  0.11541207E-02  0.22147834E+00  0.51674092E+00 -0.51806322E-02  0.43264669E+00  0.10752825E+01 -0.72646311E-04  0.22926941E+01
   0.26168896E-01  0.10272601E+01  0.36089968E-01 -0.21711977E-01  0.24759800E+01  0.11233518E+01  0.79816973E+00  0.14473679E+01  0.42955460E+02  0.62879057E+01  0.10003684E+01 -0.21956310E+00  0.16276436E+00  0.33955586E+00  0.11736759E-02  0.22323942E+00  0.47602740E+00 -0.47460282E-02  0.37504190E+00  0.95803177E+00 -0.72171722E-04  0.22770691E+01
   0.28052730E-01  0.11012100E+01  0.36820095E-01 -0.22146448E-01  0.24605505E+01  0.11214321E+01  0.78191644E+00  0.13700604E+01  0.38256027E+02  0.63460526E+01  0.99714696E+00 -0.21959627E+00  0.16239327E+00  0.33675507E+00  0.11895740E-02  0.22263612E+00  0.43820494E+00 -0.42371112E-02  0.32591149E+00  0.85322076E+00 -0.71439601E-04  0.22612305E+01
   0.30066486E-01  0.11802599E+01  0.37562061E-01 -0.22587249E-01  0.24449837E+01  0.11195066E+01  0.76554084E+00  0.12994632E+01  0.34062920E+02  0.63941612E+01  0.99372262E+00 -0.21963447E+00  0.16199781E+00  0.33377305E+00  0.12019436E-02  0.22006695E+00  0.40315786E+00 -0.36318696E-02  0.28395635E+00  0.75970227E+00 -0.70736060E-04  0.22452087E+01
   0.32219335E-01  0.12647700E+01  0.38314972E-01 -0.23033772E-01  0.24293087E+01  0.11175799E+01  0.74920070E+00  0.12350867E+01  0.30327490E+02  0.64317636E+01  0.99009222E+00 -0.21967952E+00  0.16157623E+00  0.33060491E+00  0.12109076E-02  0.21589901E+00  0.37076247E+00 -0.29052354E-02  0.24807419E+00  0.67639130E+00 -0.69906375E-04  0.22290344E+01
   0.34520444E-01  0.13551000E+01  0.39077602E-01 -0.23485208E-01  0.24135618E+01  0.11156582E+01  0.73303944E+00  0.11764745E+01  0.27005228E+02  0.64583526E+01  0.98623955E+00 -0.21973100E+00  0.16112721E+00  0.32722819E+00  0.12166138E-02  0.21046309E+00  0.34089607E+00 -0.20290522E-02  0.21734160E+00  0.60229522E+00 -0.68768139E-04  0.22127075E+01
   0.36980513E-01  0.14516701E+01  0.39848894E-01 -0.23940850E-01  0.23977761E+01  0.11137464E+01  0.71717507E+00  0.11231641E+01  0.24053488E+02  0.64734225E+01  0.98214090E+00 -0.21978906E+00  0.16064812E+00  0.32363766E+00  0.12192333E-02  0.20405738E+00  0.31342274E+00 -0.97114762E-03  0.19096589E+00  0.53646278E+00 -0.67680950E-04  0.21962891E+01
   0.39609473E-01  0.15548699E+01  0.40627256E-01 -0.24399666E-01  0.23819959E+01  0.11118513E+01  0.70171589E+00  0.10747420E+01  0.21434532E+02  0.64764833E+01  0.97778088E+00 -0.21985555E+00  0.16013663E+00  0.31978503E+00  0.12189527E-02  0.19694982E+00  0.28822154E+00  0.30367359E-03  0.16829151E+00  0.47805247E+00 -0.66612760E-04  0.21798096E+01
   0.42420328E-01  0.16652100E+01  0.41411694E-01 -0.24860978E-01  0.23662527E+01  0.11099783E+01  0.68673766E+00  0.10307709E+01  0.19111448E+02  0.64670954E+01  0.97314614E+00 -0.21992777E+00  0.15958890E+00  0.31566107E+00  0.12160001E-02  0.18936972E+00  0.26514602E+00  0.18359948E-02  0.14874528E+00  0.42624095E+00 -0.65290616E-04  0.21632690E+01
   0.45425292E-01  0.17831699E+01  0.42200666E-01 -0.25323784E-01  0.23505886E+01  0.11081336E+01  0.67230862E+00  0.99086702E+00  0.17052204E+02  0.64448824E+01  0.96822983E+00 -0.22000740E+00  0.15900353E+00  0.31128541E+00  0.12106450E-02  0.18151984E+00  0.24406847E+00  0.36697886E-02  0.13185705E+00  0.38031381E+00 -0.63985761E-04  0.21467590E+01
   0.48637368E-01  0.19092599E+01  0.42992614E-01 -0.25787074E-01  0.23350456E+01  0.11063235E+01  0.65848005E+00  0.95466632E+00  0.15227620E+02  0.64095750E+01  0.96300036E+00 -0.22009510E+00  0.15837720E+00  0.30662933E+00  0.12032024E-02  0.17357513E+00  0.22486307E+00  0.58532902E-02  0.11722910E+00  0.33962026E+00 -0.62791776E-04  0.21302795E+01
   0.52071072E-01  0.20440500E+01  0.43786116E-01 -0.26249906E-01  0.23196630E+01  0.11045536E+01  0.64528519E+00  0.92181998E+00  0.13610990E+02  0.63610058E+01  0.95742595E+00 -0.22019069E+00  0.15770631E+00  0.30167142E+00  0.11940234E-02  0.16568461E+00  0.20740403E+00  0.84398743E-02  0.10452284E+00  0.30356470E+00 -0.61291001E-04  0.21138306E+01
   0.55740923E-01  0.21881099E+01  0.44579558E-01 -0.26711237E-01  0.23044829E+01  0.11028301E+01  0.63274765E+00  0.89201087E+00  0.12178743E+02  0.62991567E+01  0.95149124E+00 -0.22029547E+00  0.15698910E+00  0.29637563E+00  0.11835219E-02  0.15797515E+00  0.19157593E+00  0.11486205E-01  0.93456008E-01  0.27162144E+00 -0.59899681E-04  0.20975342E+01
   0.59664503E-01  0.23421299E+01  0.45371789E-01 -0.27170289E-01  0.22895379E+01  0.11011578E+01  0.62087238E+00  0.86492932E+00  0.10909063E+02  0.62241092E+01  0.94515449E+00 -0.22040811E+00  0.15622039E+00  0.29070193E+00  0.11721548E-02  0.15054767E+00  0.17725854E+00  0.15055473E-01  0.83784774E-01  0.24330387E+00 -0.58569702E-04  0.20813293E+01
   0.63858613E-01  0.25067701E+01  0.46161294E-01 -0.27626073E-01  0.22748666E+01  0.10995421E+01  0.60966098E+00  0.84030461E+00  0.97832155E+01  0.61361165E+01  0.93840188E+00 -0.22052923E+00  0.15539633E+00  0.28464270E+00  0.11604186E-02  0.14349109E+00  0.16434662E+00  0.19213242E-01  0.75308755E-01  0.21819419E+00 -0.57062818E-04  0.20652771E+01
   0.68341613E-01  0.26827500E+01  0.46946730E-01 -0.28077701E-01  0.22605031E+01  0.10979878E+01  0.59910583E+00  0.81788439E+00  0.87843904E+01  0.60355706E+01  0.93121672E+00 -0.22066133E+00  0.15451434E+00  0.27819750E+00  0.11488767E-02  0.13687687E+00  0.15273967E+00  0.24028895E-01  0.67857593E-01  0.19591749E+00 -0.55644352E-04  0.20494385E+01
   0.73134124E-01  0.28708801E+01  0.47727022E-01 -0.28524440E-01  0.22464757E+01  0.10964984E+01  0.58919138E+00  0.79743379E+00  0.78975134E+01  0.59229703E+01  0.92354763E+00 -0.22080421E+00  0.15356943E+00  0.27132198E+00  0.11381272E-02  0.13076073E+00  0.14234105E+00  0.29575877E-01  0.61285976E-01  0.17613754E+00 -0.54232787E-04  0.20337830E+01
   0.78257546E-01  0.30720000E+01  0.48501063E-01 -0.28965537E-01  0.22328131E+01  0.10950775E+01  0.57989985E+00  0.77874303E+00  0.71094327E+01  0.57989540E+01  0.91535372E+00 -0.22095764E+00  0.15255578E+00  0.26398733E+00  0.11287956E-02  0.12519032E+00  0.13306351E+00  0.35928935E-01  0.55472262E-01  0.15856105E+00 -0.52849668E-04  0.20183716E+01
   0.83737098E-01  0.32870998E+01  0.49268175E-01 -0.29400479E-01  0.22195351E+01  0.10937276E+01  0.57120812E+00  0.76161563E+00  0.64082899E+01  0.56642103E+01  0.90662450E+00 -0.22112396E+00  0.15147042E+00  0.25615135E+00  0.11215573E-02  0.12019885E+00  0.12482189E+00  0.43166533E-01  0.50311577E-01  0.14292352E+00 -0.51547719E-04  0.20031738E+01
   0.89591131E-01  0.35168998E+01  0.50026648E-01 -0.29828185E-01  0.22066777E+01  0.10924525E+01  0.56310558E+00  0.74589872E+00  0.57846074E+01  0.55197301E+01  0.89731497E+00 -0.22130170E+00  0.15030777E+00  0.24777944E+00  0.11171297E-02  0.11581957E+00  0.11755115E+00  0.51353205E-01  0.45722153E-01  0.12901358E+00 -0.50244242E-04  0.19882202E+01
   0.95842570E-01  0.37623000E+01  0.50775461E-01 -0.30247947E-01  0.21942647E+01  0.10912546E+01  0.55557603E+00  0.73144144E+00  0.52294779E+01  0.53665085E+01  0.88738441E+00 -0.22149238E+00  0.14906234E+00  0.23884976E+00  0.11162359E-02  0.11207540E+00  0.11118484E+00  0.60550213E-01  0.41630492E-01  0.11663258E+00 -0.48907088E-04  0.19735718E+01
   0.10253725E+00  0.40250998E+01  0.51516041E-01 -0.30660441E-01  0.21822782E+01  0.10901320E+01  0.54858476E+00  0.71806818E+00  0.47335796E+01  0.52050862E+01  0.87678832E+00 -0.22169890E+00  0.14772666E+00  0.22930638E+00  0.11196535E-02  0.10897098E+00  0.10564235E+00  0.70841633E-01  0.37962910E-01  0.10557261E+00 -0.47636899E-04  0.19591675E+01
   0.10968284E+00  0.43056002E+01  0.52245412E-01 -0.31063875E-01  0.21707718E+01  0.10890892E+01  0.54214531E+00  0.70570153E+00  0.42916660E+01  0.50370164E+01  0.86552143E+00 -0.22192264E+00  0.14629894E+00  0.21915549E+00  0.11281393E-02  0.10652719E+00  0.10088631E+00  0.82236953E-01  0.34678340E-01  0.95716648E-01 -0.46509482E-04  0.19450378E+01
   0.11733282E+00  0.46059003E+01  0.52965365E-01 -0.31459101E-01  0.21597221E+01  0.10881234E+01  0.53623486E+00  0.69419593E+00  0.38963552E+01  0.48628340E+01  0.85348785E+00 -0.22216375E+00  0.14476687E+00  0.20830140E+00  0.11425138E-02  0.10474070E+00  0.96849307E-01  0.94786786E-01  0.31721115E-01  0.86900063E-01 -0.45393448E-04  0.19311523E+01
   0.12550248E+00  0.49266000E+01  0.53673822E-01 -0.31844832E-01  0.21491663E+01  0.10872371E+01  0.53087145E+00  0.68348408E+00  0.35433457E+01  0.46840248E+01  0.84066749E+00 -0.22242336E+00  0.14312775E+00  0.19671957E+00  0.11635831E-02  0.10361600E+00  0.93494050E-01  0.10844351E+00  0.29059764E-01  0.79026923E-01 -0.44313576E-04  0.19175415E+01
   0.13423768E+00  0.52694998E+01  0.54371476E-01 -0.32221299E-01  0.21390979E+01  0.10864290E+01  0.52605790E+00  0.67346728E+00  0.32275050E+01  0.45014215E+01  0.82700998E+00 -0.22270502E+00  0.14137262E+00  0.18435043E+00  0.11921811E-02  0.10314395E+00  0.90770438E-01  0.12315652E+00  0.26657091E-01  0.71982756E-01 -0.43277872E-04  0.19041748E+01
   0.14356896E+00  0.56357999E+01  0.55057663E-01 -0.32587994E-01  0.21295307E+01  0.10856990E+01  0.52181453E+00  0.66407889E+00  0.29450097E+01  0.43162198E+01  0.81245363E+00 -0.22300756E+00  0.13949503E+00  0.17116694E+00  0.12291225E-02  0.10331696E+00  0.88639691E-01  0.13878609E+00  0.24486145E-01  0.65682292E-01 -0.42295724E-04  0.18910828E+01
   0.15354986E+00  0.60275998E+01  0.55733319E-01 -0.32945253E-01  0.21204562E+01  0.10850453E+01  0.51815748E+00  0.65524071E+00  0.26919153E+01  0.41291809E+01  0.79691792E+00 -0.22333178E+00  0.13748214E+00  0.15709114E+00  0.12753239E-02  0.10411739E+00  0.87057814E-01  0.15514629E+00  0.22519041E-01  0.60037550E-01 -0.41399901E-04  0.18782043E+01
   0.16422620E+00  0.64466996E+01  0.56398638E-01 -0.33292986E-01  0.21118770E+01  0.10844672E+01  0.51511168E+00  0.64689469E+00  0.24651165E+01  0.39412584E+01  0.78035307E+00 -0.22368290E+00  0.13532533E+00  0.14202692E+00  0.13316710E-02  0.10552114E+00  0.85985489E-01  0.17194428E+00  0.20734182E-01  0.54979276E-01 -0.40550942E-04  0.18655396E+01
   0.17562857E+00  0.68943000E+01  0.57052948E-01 -0.33630662E-01  0.21038060E+01  0.10839648E+01  0.51270407E+00  0.63900113E+00  0.22621746E+01  0.37536509E+01  0.76271361E+00 -0.22406109E+00  0.13301885E+00  0.12593760E+00  0.13989543E-02  0.10749573E+00  0.85384049E-01  0.18876441E+00  0.19115034E-01  0.50453078E-01 -0.39799037E-04  0.18530884E+01
   0.18781811E+00  0.73728004E+01  0.57697412E-01 -0.33958670E-01  0.20962331E+01  0.10835367E+01  0.51094782E+00  0.63150519E+00  0.20804136E+01  0.35670161E+01  0.74389279E+00 -0.22446623E+00  0.13054924E+00  0.10877006E+00  0.14781369E-02  0.10999729E+00  0.85208543E-01  0.20513056E+00  0.17642783E-01  0.46399280E-01 -0.39095095E-04  0.18407898E+01
   0.20085594E+00  0.78846002E+01  0.58333058E-01 -0.34277305E-01  0.20891521E+01  0.10831825E+01  0.50984681E+00  0.62436157E+00  0.19176018E+01  0.33820350E+01  0.72381079E+00 -0.22490007E+00  0.12790261E+00  0.90472378E-01  0.15702219E-02  0.11297517E+00  0.85414253E-01  0.22048101E+00  0.16301632E-01  0.42768102E-01 -0.38441885E-04  0.18286743E+01
   0.21478793E+00  0.84315004E+01  0.58960207E-01 -0.34586459E-01  0.20825639E+01  0.10829016E+01  0.50938779E+00  0.61753881E+00  0.17719816E+01  0.31995783E+01  0.70240450E+00 -0.22536394E+00  0.12506917E+00  0.70961870E-01  0.16761285E-02  0.11636036E+00  0.85950531E-01  0.23417903E+00  0.15079246E-01  0.39520349E-01 -0.37854723E-04  0.18166504E+01
   0.22967519E+00  0.90158997E+01  0.59580073E-01 -0.34886442E-01  0.20764611E+01  0.10826952E+01  0.50953138E+00  0.61100137E+00  0.16418368E+01  0.30202491E+01  0.67956793E+00 -0.22585654E+00  0.12203263E+00  0.50096378E-01  0.17969074E-02  0.12006416E+00  0.86756989E-01  0.24558984E+00  0.13963139E-01  0.36617741E-01 -0.37347872E-04  0.18047485E+01
   0.24559419E+00  0.96408005E+01  0.60194556E-01 -0.35177823E-01  0.20708301E+01  0.10825645E+01  0.51020986E+00  0.60471189E+00  0.15255755E+01  0.28444467E+01  0.65519446E+00 -0.22637944E+00  0.11877478E+00  0.27854823E-01  0.19338317E-02  0.12400755E+00  0.87778501E-01  0.25414473E+00  0.12941323E-01  0.34024775E-01 -0.36912701E-04  0.17929077E+01
   0.26261368E+00  0.10308900E+02  0.60805414E-01 -0.35461012E-01  0.20656617E+01  0.10825120E+01  0.51132447E+00  0.59864074E+00  0.14218992E+01  0.26726401E+01  0.62917358E+00 -0.22693245E+00  0.11528273E+00  0.41130609E-02  0.20882504E-02  0.12810542E+00  0.88956907E-01  0.25935915E+00  0.12003853E-01  0.31712491E-01 -0.36571248E-04  0.17810669E+01
   0.28080243E+00  0.11022900E+02  0.61414640E-01 -0.35736449E-01  0.20609455E+01  0.10825422E+01  0.51274282E+00  0.59276074E+00  0.13296806E+01  0.25052547E+01  0.60141802E+00 -0.22751375E+00  0.11153946E+00 -0.21246247E-01  0.22616999E-02  0.13224573E+00  0.90219915E-01  0.26086378E+00  0.11141843E-01  0.29655747E-01 -0.36317586E-04  0.17691956E+01
   0.30025220E+00  0.11786401E+02  0.62025331E-01 -0.36004923E-01  0.20566659E+01  0.10826616E+01  0.51430196E+00  0.58704066E+00  0.12478572E+01  0.23424819E+01  0.57179499E+00 -0.22812529E+00  0.10752340E+00 -0.48338633E-01  0.24562138E-02  0.13632987E+00  0.91500230E-01  0.25845945E+00  0.10346438E-01  0.27830848E-01 -0.36125384E-04  0.17572632E+01
   0.32103935E+00  0.12602400E+02  0.62640473E-01 -0.36267001E-01  0.20528123E+01  0.10828798E+01  0.51580703E+00  0.58145738E+00  0.11756163E+01  0.21846409E+01  0.54017335E+00 -0.22876085E+00  0.10321353E+00 -0.77208742E-01  0.26740828E-02  0.14024302E+00  0.92720181E-01  0.25209108E+00  0.96105663E-02  0.26219664E-01 -0.36020385E-04  0.17452087E+01
   0.34325564E+00  0.13474501E+02  0.63264064E-01 -0.36523458E-01  0.20493736E+01  0.10832088E+01  0.51703638E+00  0.57598603E+00  0.11122493E+01  0.20319309E+01  0.50641632E+00 -0.22941218E+00  0.98587453E-01 -0.10792404E+00  0.29183091E-02  0.14385884E+00  0.93793809E-01  0.24184176E+00  0.89274906E-02  0.24806397E-01 -0.36012287E-04  0.17330017E+01
   0.36700803E+00  0.14406900E+02  0.63901223E-01 -0.36775231E-01  0.20463398E+01  0.10836672E+01  0.51774222E+00  0.57060206E+00  0.10571971E+01  0.18844936E+01  0.47038451E+00 -0.23007883E+00  0.93619563E-01 -0.14072727E+00  0.31928460E-02  0.14704163E+00  0.94627246E-01  0.22790284E+00  0.82910089E-02  0.23578573E-01 -0.36120702E-04  0.17205811E+01
   0.39240351E+00  0.15403801E+02  0.64558037E-01 -0.37023198E-01  0.20437069E+01  0.10842803E+01  0.51764905E+00  0.56528533E+00  0.10101088E+01  0.17425550E+01  0.43192869E+00 -0.23075382E+00  0.88279560E-01 -0.17571034E+00  0.35027384E-02  0.14960852E+00  0.95099092E-01  0.21053189E+00  0.76958756E-02  0.22528367E-01 -0.36354610E-04  0.17078857E+01
   0.41954145E+00  0.16469101E+02  0.65241754E-01 -0.37268143E-01  0.20414793E+01  0.10850824E+01  0.51645309E+00  0.56002194E+00  0.97086734E+00  0.16064959E+01  0.39091370E+00 -0.23142315E+00  0.82541749E-01 -0.21295372E+00  0.38544398E-02  0.15134972E+00  0.95072322E-01  0.19007763E+00  0.71377596E-02  0.21653168E-01 -0.36693920E-04  0.16948547E+01
   0.44855943E+00  0.17608200E+02  0.65962560E-01 -0.37511148E-01  0.20396700E+01  0.10861242E+01  0.51381755E+00  0.55479598E+00  0.93957287E+00  0.14766897E+01  0.34712750E+00 -0.23206162E+00  0.76363146E-01 -0.25262356E+00  0.42570652E-02  0.15203856E+00  0.94399236E-01  0.16693471E+00  0.66122371E-02  0.20955211E-01 -0.37173621E-04  0.16814880E+01
   0.47957200E+00  0.18825600E+02  0.66732906E-01 -0.37752949E-01  0.20383115E+01  0.10874767E+01  0.50936991E+00  0.54960215E+00  0.91671526E+00  0.13539212E+01  0.30040911E+00 -0.23264626E+00  0.69709070E-01 -0.29481575E+00  0.47225468E-02  0.15138967E+00  0.92904486E-01  0.14157812E+00  0.61159902E-02  0.20445419E-01 -0.37823294E-04  0.16677246E+01
   0.51273215E+00  0.20127300E+02  0.67570575E-01 -0.37994418E-01  0.20374613E+01  0.10892470E+01  0.50268918E+00  0.54443592E+00  0.90324605E+00  0.12392960E+01  0.25056651E+00 -0.23313920E+00  0.62533133E-01 -0.33963677E+00  0.52680247E-02  0.14909159E+00  0.90405151E-01  0.11457546E+00  0.56456174E-02  0.20145016E-01 -0.38643324E-04  0.16535645E+01
   0.54816967E+00  0.21518400E+02  0.68499297E-01 -0.38235802E-01  0.20372207E+01  0.10915946E+01  0.49330980E+00  0.53930306E+00  0.90085757E+00  0.11348008E+01  0.19743139E+00 -0.23346834E+00  0.54780103E-01 -0.38704646E+00  0.59172539E-02  0.14480157E+00  0.86719684E-01  0.86665459E-01  0.51985681E-02  0.20091746E-01 -0.39681661E-04  0.16390076E+01
   0.58606035E+00  0.23005800E+02  0.69554441E-01 -0.38476791E-01  0.20377641E+01  0.10947728E+01  0.48070154E+00  0.53420705E+00  0.91236901E+00  0.10436443E+01  0.14077157E+00 -0.23353301E+00  0.46381447E-01 -0.43703553E+00  0.67055323E-02  0.13814369E+00  0.81681080E-01  0.58754247E-01  0.47721169E-02  0.20348486E-01 -0.40990202E-04  0.16241455E+01
   0.62655711E+00  0.24595499E+02  0.70787802E-01 -0.38715042E-01  0.20393953E+01  0.10991908E+01  0.46428815E+00  0.52914602E+00  0.94245690E+00  0.97154343E+00  0.80425911E-01 -0.23314309E+00  0.37263118E-01 -0.48929819E+00  0.76845409E-02  0.12874921E+00  0.75190224E-01  0.32044087E-01  0.43641599E-02  0.21019533E-01 -0.42633033E-04  0.16091614E+01
   0.66984332E+00  0.26294701E+02  0.72280623E-01 -0.38944282E-01  0.20426619E+01  0.11055409E+01  0.44344604E+00  0.52406937E+00  0.99896580E+00  0.92865282E+00  0.16291378E-01 -0.23196185E+00  0.27335500E-01 -0.54307312E+00  0.89329444E-02  0.11630019E+00  0.67282870E-01  0.80576129E-02  0.39723637E-02  0.22279846E-01 -0.44680495E-04  0.15943604E+01
   0.71612537E+00  0.28111500E+02  0.74164987E-01 -0.39149016E-01  0.20485942E+01  0.11150414E+01  0.41754961E+00  0.51876396E+00  0.10952731E+01  0.93371254E+00 -0.51521499E-01 -0.22936398E+00  0.16503245E-01 -0.59681189E+00  0.10569964E-01  0.10065260E+00  0.58255628E-01 -0.11315883E-01  0.35937831E-02  0.24427781E-01 -0.47277295E-04  0.15805359E+01
   0.76560950E+00  0.30054001E+02  0.76662764E-01 -0.39291754E-01  0.20592394E+01  0.11299075E+01  0.38610506E+00  0.51252198E+00  0.12540996E+01  0.10219033E+01 -0.12215272E+00 -0.22419560E+00  0.47244406E-02 -0.64740556E+00  0.12766714E-01  0.82109787E-01  0.48825514E-01 -0.23920972E-01  0.32235307E-02  0.27970072E-01 -0.50584680E-04  0.15692444E+01
   0.81849444E+00  0.32130001E+02  0.80156833E-01 -0.39282225E-01  0.20788772E+01  0.11542519E+01  0.34901965E+00  0.50321013E+00  0.15115310E+01  0.12576444E+01 -0.19285336E+00 -0.21458225E+00 -0.78738574E-02 -0.68926191E+00  0.15722590E-01  0.61914377E-01  0.40136509E-01 -0.27946636E-01  0.30410858E-02  0.33711541E-01 -0.54738124E-04  0.15640259E+01
   0.87497133E+00  0.34347000E+02  0.85310295E-01 -0.38901784E-01  0.21168098E+01  0.11956964E+01  0.30692753E+00  0.48507968E+00  0.19107456E+01  0.17448629E+01 -0.25770837E+00 -0.19813085E+00 -0.20864213E-01 -0.71360356E+00  0.19493032E-01  0.42734846E-01  0.33121694E-01 -0.23595901E-01  0.30239117E-02  0.42615190E-01 -0.59698417E-04  0.15728149E+01
   0.93542224E+00  0.36720001E+02  0.93253605E-01 -0.37616935E-01  0.21936178E+01  0.12681925E+01  0.26051316E+00  0.44568899E+00  0.24526138E+01  0.26006708E+01 -0.30970925E+00 -0.17256057E+00 -0.33602167E-01 -0.70923257E+00  0.23520594E-01  0.27929960E-01  0.27294338E-01 -0.14817745E-01  0.29884388E-02  0.54700430E-01 -0.64927503E-04  0.16137085E+01
   0.10000000E+01  0.39255001E+02  0.10567603E+00 -0.34134191E-01  0.23533905E+01  0.13962791E+01  0.20704418E+00  0.36854148E+00  0.29756336E+01  0.38529701E+01 -0.34358373E+00 -0.13535328E+00 -0.45197684E-01 -0.66412830E+00  0.26319144E-01  0.19001720E-01  0.21826584E-01 -0.61073476E-02  0.28017359E-02  0.66365294E-01 -0.68474881E-04  0.17265015E+01
   0.10690867E+01  0.41966999E+02  0.12511039E+00 -0.24968553E-01  0.27011709E+01  0.16327873E+01  0.13128997E+00  0.23175362E+00  0.29044511E+01  0.50651526E+01 -0.31850290E+00 -0.75978078E-01 -0.49511217E-01 -0.52441335E+00  0.25264829E-01  0.11032111E-01  0.12978155E-01  0.13750204E-02  0.21548839E-02  0.64777717E-01 -0.33056443E-04  0.20071716E+01
   0.11429117E+01  0.44865002E+02  0.15409143E+00  0.18870234E-02  0.35577207E+01  0.21345921E+01  0.19919697E-01  0.31483449E-01  0.41968369E+00  0.13203642E+01 -0.60117673E-01 -0.60796491E-02 -0.10468970E-01 -0.78222141E-01  0.43448075E-02  0.11002658E-02  0.12917341E-02  0.39720998E-03  0.30029181E-03  0.93601681E-02  0.45455366E-04  0.27494202E+01
   0.12217807E+01  0.47960999E+02  0.15620415E+00  0.31314261E-01  0.44589005E+01  0.24708591E+01  0.27928108E-03  0.37569809E-03  0.41228747E-02  0.16243724E-01 -0.74417389E-03  0.47463262E-04 -0.14057125E-03 -0.67844673E-03  0.33128337E-04  0.28465658E-05  0.31160680E-05  0.21078190E-05  0.30223557E-05  0.91952112E-04  0.82787708E-04  0.35617371E+01
   0.13061521E+01  0.51273003E+02  0.14538035E+00  0.48106126E-01  0.49512854E+01  0.25942569E+01  0.15193203E-06  0.15359859E-06  0.15284721E-05  0.45555844E-05 -0.33561011E-06  0.62859144E-07 -0.54312160E-07 -0.19843982E-06  0.42184127E-08  0.25070928E-10  0.24789924E-10  0.19577086E-10  0.10549150E-08  0.34089378E-07  0.69070047E-04  0.39993896E+01
   0.13962553E+01  0.54810001E+02  0.13322355E+00  0.60586512E-01  0.54142561E+01  0.26926396E+01  0.84433242E-12  0.63951980E-12  0.68748813E-11  0.18229694E-10 -0.19215473E-11  0.41177299E-12 -0.22469610E-12 -0.91322067E-12  0.88468797E-14  0.70606030E-19  0.61837735E-19  0.30191931E-19  0.46776526E-14  0.15332986E-12  0.59197482E-04  0.44096069E+01
   0.14927016E+01  0.58596001E+02  0.11822052E+00  0.71073055E-01  0.59040785E+01  0.27910264E+01  0.88056234E-21  0.38919451E-21  0.45040085E-20  0.21745800E-19 -0.24477714E-20  0.39731897E-21 -0.13528720E-21 -0.59872619E-21  0.33441857E-23  0.42436173E-33  0.33856159E-33  0.14264984E-33  0.37670218E-23  0.10045251E-21  0.74616866E-04  0.48440857E+01
   0.15957203E+01  0.62640003E+02  0.10871609E+00  0.73344767E-01  0.65108714E+01  0.28285565E+01  0.72462541E-27  0.11443884E-26  0.40736330E-26  0.59595459E-25 -0.56363871E-27  0.18849317E-27 -0.68379955E-29 -0.19599738E-27  0.39982076E-29  0.00000000E+00  0.00000000E+00  0.00000000E+00  0.65046049E-29  0.90853873E-28  0.92880735E-04  0.54030151E+01
   0.17058464E+01  0.66963005E+02  0.10667438E+00  0.71373530E-01  0.69436998E+01  0.28299534E+01  0.43126508E-21  0.57415675E-21  0.73498128E-21  0.28010452E-19 -0.73769160E-22  0.11274682E-22  0.24321003E-22 -0.46786772E-23  0.25406929E-25  0.00000000E+00  0.00000000E+00  0.00000000E+00  0.29568856E-23  0.16392222E-22  0.92259252E-04  0.57916565E+01
   0.18235384E+01  0.71583000E+02  0.10473182E+00  0.69407567E-01  0.73145080E+01  0.28308158E+01  0.36362066E-28  0.48266808E-28  0.54830624E-28  0.18822572E-26 -0.54826742E-29  0.87281405E-30  0.20459840E-29 -0.30110676E-30  0.12758935E-32  0.00000000E+00  0.00000000E+00  0.00000000E+00  0.00000000E+00  0.12228826E-29  0.86066670E-04  0.61154785E+01
   0.19494077E+01  0.76524002E+02  0.10297275E+00  0.67604013E-01  0.76282988E+01  0.28316302E+01  0.11829033E-38  0.15558645E-38  0.15443052E-38  0.49248550E-37 -0.14829521E-39  0.26117401E-40  0.62106949E-40  0.00000000E+00 -0.53249342E-37  0.00000000E+00  0.00000000E+00  0.00000000E+00  0.00000000E+00  0.34442515E-40  0.80607897E-04  0.63791809E+01
   0.20839128E+01  0.81804001E+02  0.10134178E+00  0.65918185E-01  0.79035034E+01  0.28322408E+01  0.21338973E-40  0.33123893E-40  0.18094967E-40  0.71562211E-39 -0.11667211E-40  0.00000000E+00  0.00000000E+00  0.00000000E+00 -0.67262326E-37  0.00000000E+00  0.00000000E+00  0.00000000E+00  0.00000000E+00  0.40357396E-42  0.75518466E-04  0.66009827E+01
   0.22277417E+01  0.87449997E+02  0.99857986E-01  0.64350948E-01  0.81480894E+01  0.28327901E+01  0.15606261E-40  0.27391181E-40  0.12188494E-40  0.41320788E-39 -0.24110741E-40  0.00000000E+00  0.00000000E+00  0.00000000E+00 -0.75670117E-37  0.00000000E+00  0.00000000E+00  0.00000000E+00  0.00000000E+00  0.27185190E-42  0.71046277E-04  0.67886047E+01
   0.23814290E+01  0.93482994E+02  0.98471649E-01  0.62876761E-01  0.83693485E+01  0.28332224E+01  0.14650575E-40  0.35353359E-40  0.12000720E-40  0.33364776E-39 -0.19703658E-40  0.00000000E+00  0.00000000E+00  0.00000000E+00 -0.84077908E-37  0.00000000E+00  0.00000000E+00  0.00000000E+00  0.00000000E+00  0.26764801E-42  0.66961962E-04  0.69490662E+01
   0.25458157E+01  0.99936005E+02  0.97209387E-01  0.61511863E-01  0.85696545E+01  0.28336229E+01  0.23568439E-40  0.43953128E-40  0.13382400E-40  0.49340139E-39 -0.20739217E-41  0.31809475E-42  0.95568555E-42  0.00000000E+00 -0.93886997E-37  0.00000000E+00  0.00000000E+00  0.00000000E+00  0.00000000E+00  0.29847657E-42  0.63320440E-04  0.70844421E+01
   0.27214367E+01  0.10683000E+03  0.96040085E-01  0.60226023E-01  0.87563324E+01  0.28338878E+01  0.22294659E-40  0.45545003E-40  0.13194626E-40  0.39653664E-39 -0.93326478E-41  0.00000000E+00  0.00000000E+00  0.00000000E+00 -0.10509738E-36  0.00000000E+00  0.00000000E+00  0.00000000E+00  0.00000000E+00  0.29427268E-42  0.60206334E-04  0.72018127E+01
   0.29092090E+01  0.11420100E+03  0.94933219E-01  0.58994807E-01  0.89281063E+01  0.28342228E+01  0.34079579E-40  0.48092563E-40  0.14388533E-40  0.51239459E-39 -0.19962898E-40  0.00000000E+00  0.00000000E+00  0.00000000E+00 -0.11770907E-36  0.00000000E+00  0.00000000E+00  0.00000000E+00  0.00000000E+00  0.32089735E-42  0.57166442E-04  0.72995300E+01
   0.31099732E+01  0.12208199E+03  0.93900651E-01  0.57824720E-01  0.90847559E+01  0.28344722E+01  0.36309045E-40  0.35671454E-40  0.12314611E-40  0.48263802E-39 -0.90734076E-41  0.31809475E-42  0.63759080E-42  0.00000000E+00 -0.12891946E-36  0.00000000E+00  0.00000000E+00  0.00000000E+00  0.00000000E+00  0.27465450E-42  0.54243879E-04  0.73770447E+01
   0.33244936E+01  0.13050301E+03  0.92917487E-01  0.56682110E-01  0.92327480E+01  0.28346312E+01  0.14849027E-37  0.18860513E-37  0.71145254E-38  0.17626038E-36 -0.64010753E-39  0.13090230E-39  0.41882569E-39  0.00000000E+00 -0.14293244E-36  0.00000000E+00  0.00000000E+00  0.00000000E+00  0.00000000E+00  0.15867463E-39  0.51671883E-04  0.74405518E+01
   0.35538404E+01  0.13950601E+03  0.91993004E-01  0.55600584E-01  0.93706875E+01  0.28347347E+01  0.27618079E-34  0.35056074E-34  0.11808857E-34  0.28642270E-33 -0.10743503E-35  0.22106584E-36  0.71388780E-36 -0.21019477E-37 -0.16114932E-36  0.00000000E+00  0.00000000E+00  0.00000000E+00  0.00000000E+00  0.26337189E-36  0.49255399E-04  0.74881897E+01
   0.37990828E+01  0.14913300E+03  0.91112047E-01  0.54560672E-01  0.94998379E+01  0.28348229E+01  0.11763393E-31  0.14931629E-31  0.45677877E-32  0.10789762E-30 -0.41372414E-33  0.87882977E-34  0.28419222E-33 -0.87917464E-35 -0.12751816E-36  0.00000000E+00  0.00000000E+00  0.00000000E+00  0.00000000E+00  0.10187496E-33  0.47119200E-04  0.75208435E+01
   0.40611386E+01  0.15942000E+03  0.90250708E-01  0.53542666E-01  0.96233387E+01  0.28349304E+01  0.36094361E-29  0.45902848E-29  0.12773714E-29  0.28699417E-28 -0.11678922E-30  0.25847375E-31  0.83396493E-31 -0.16341410E-32  0.83237129E-36  0.00000000E+00  0.00000000E+00  0.00000000E+00  0.00000000E+00  0.28489102E-31  0.45015298E-04  0.75412292E+01
   0.43413067E+01  0.17041800E+03  0.89425646E-01  0.52559543E-01  0.97333641E+01  0.28349359E+01  0.87402399E-27  0.11142216E-26  0.28073010E-27  0.60309784E-26 -0.25554388E-28  0.57330703E-29  0.19207596E-28 -0.45200179E-32  0.42038954E-37  0.00000000E+00  0.00000000E+00  0.00000000E+00  0.19228611E-29  0.62610982E-29  0.42850312E-04  0.75411072E+01
   0.46408100E+01  0.18217500E+03  0.88638350E-01  0.51596899E-01  0.98406210E+01  0.28349309E+01  0.73214094E-25  0.93510690E-25  0.21643669E-25  0.45352422E-24 -0.19559981E-26  0.43306032E-27  0.15235581E-26  0.10131608E-28  0.17045577E-32  0.00000000E+00  0.00000000E+00  0.00000000E+00  0.14970680E-27  0.48271681E-27  0.41002153E-04  0.75306091E+01
   0.49609480E+01  0.19474200E+03  0.87864846E-01  0.50639831E-01  0.99416027E+01  0.28348949E+01  0.29992160E-23  0.38422196E-23  0.82510246E-24  0.16179540E-22 -0.75221554E-25  0.17269835E-25  0.61875661E-25  0.64277426E-27  0.16653105E-30  0.00000000E+00  0.00000000E+00  0.00000000E+00  0.57355738E-26  0.18402187E-25  0.39177121E-04  0.75057373E+01
   0.53031716E+01  0.20817601E+03  0.87100729E-01  0.49685147E-01  0.10034322E+02  0.28348713E+01  0.93720550E-22  0.12034697E-21  0.23763119E-22  0.45578727E-21 -0.21691630E-23  0.48954331E-24  0.18249341E-23  0.47977750E-25  0.31416798E-28  0.00000000E+00  0.00000000E+00  0.00000000E+00  0.17044295E-24  0.52998673E-24  0.37579804E-04  0.74639587E+01
   0.56690102E+01  0.22253700E+03  0.86375862E-01  0.48755623E-01  0.10128904E+02  0.28347366E+01  0.48444770E-20  0.62566661E-20  0.11103342E-20  0.20539838E-19 -0.10292127E-21  0.22383422E-22  0.88275643E-22  0.52111363E-23  0.76626004E-26 -0.51378188E-39 -0.24440677E-38 -0.30877892E-39  0.82595890E-23  0.24763685E-22  0.36034577E-04  0.74147949E+01
   0.60600686E+01  0.23788800E+03  0.85692063E-01  0.47864147E-01  0.10207694E+02  0.28345392E+01  0.15040236E-18  0.19535209E-18  0.31291461E-19  0.55290887E-18 -0.29442464E-20  0.61436911E-21  0.25993850E-20  0.22223259E-21  0.48191976E-24 -0.17821523E-36 -0.87861091E-36 -0.10597351E-36  0.23973963E-21  0.69789068E-21  0.34412140E-04  0.73399658E+01
   0.64781046E+01  0.25429800E+03  0.85040934E-01  0.46984799E-01  0.10290852E+02  0.28342698E+01  0.16757583E-17  0.21823984E-17  0.32597691E-18  0.56007667E-17 -0.30458806E-19  0.60328334E-20  0.27906363E-19  0.14308054E-20  0.18686892E-23 -0.15331120E-34 -0.79237509E-34 -0.85938918E-35  0.25516440E-20  0.72702342E-20  0.32996471E-04  0.72589417E+01
   0.69249520E+01  0.27183899E+03  0.84390864E-01  0.46087071E-01  0.10364127E+02  0.28342803E+01  0.13621812E-16  0.17793216E-16  0.25271542E-17  0.39808090E-16 -0.23312421E-18  0.48445254E-19  0.23528592E-18  0.99065881E-20  0.10590518E-22 -0.84354659E-33 -0.42350211E-32 -0.44046439E-33  0.19437615E-19  0.56362898E-19  0.31661155E-04  0.71566772E+01
   0.74026747E+01  0.29059201E+03  0.83736479E-01  0.45168776E-01  0.10437721E+02  0.28340194E+01  0.90940806E-16  0.11920706E-15  0.16121216E-16  0.23650256E-15 -0.15294910E-17  0.33703422E-18  0.15983899E-17  0.19445753E-18  0.60948903E-21 -0.39198279E-31 -0.19516906E-30 -0.18810710E-31  0.12273477E-18  0.35955003E-18  0.30368805E-04  0.70426636E+01
   0.79136415E+01  0.31064999E+03  0.83061844E-01  0.44234667E-01  0.10503354E+02  0.28335843E+01  0.64016484E-15  0.84186308E-15  0.10741521E-15  0.14482093E-14 -0.10133771E-16  0.24003139E-17  0.11533973E-16  0.15779848E-17  0.55995071E-20 -0.15168268E-29 -0.72304421E-29 -0.72390567E-30  0.80772052E-18  0.23956720E-17  0.29015389E-04  0.69076538E+01
   0.84593039E+01  0.33207001E+03  0.82409978E-01  0.43294795E-01  0.10567586E+02  0.28332491E+01  0.33761755E-14  0.44432723E-14  0.53484334E-15  0.73606951E-14 -0.50736049E-16  0.11391955E-16  0.56354465E-16  0.40981084E-17  0.80833406E-20 -0.33852841E-28 -0.18136004E-27 -0.14240725E-28  0.41837083E-17  0.11928563E-16  0.28074017E-04  0.67576599E+01
   0.90424147E+01  0.35496002E+03  0.81743926E-01  0.42346090E-01  0.10637494E+02  0.28331857E+01  0.16439783E-13  0.21837246E-13  0.24661407E-14  0.28598268E-13 -0.23871435E-15  0.59142084E-16  0.30386206E-15  0.26349137E-16  0.64046876E-19 -0.62536101E-27 -0.29724732E-26 -0.25231288E-27  0.18323429E-16  0.55002118E-16  0.26856567E-04  0.65985413E+01
   0.96660299E+01  0.37944000E+03  0.81102371E-01  0.41381206E-01  0.10679882E+02  0.28327200E+01  0.55657288E-13  0.73840965E-13  0.79748491E-14  0.91430661E-13 -0.74958588E-15  0.17054565E-15  0.10011057E-14  0.12073954E-15  0.40761070E-18 -0.86100925E-26 -0.41718573E-25 -0.34936296E-26  0.60224109E-16  0.17786235E-15  0.25715130E-04  0.63961487E+01
   0.10333206E+02  0.40563004E+03  0.80455095E-01  0.40382117E-01  0.10754973E+02  0.28324866E+01  0.24101551E-12  0.31991968E-12  0.32767595E-13  0.37931331E-12 -0.32380075E-14  0.63826310E-15  0.40724993E-14  0.63007853E-15  0.28500467E-17 -0.16225009E-24 -0.89225927E-24 -0.53112569E-25  0.25534915E-15  0.73081277E-15  0.24992258E-04  0.62092285E+01
   0.11046236E+02  0.43362000E+03  0.79834856E-01  0.39391287E-01  0.10795694E+02  0.28317533E+01  0.11838594E-11  0.15890337E-11  0.15251075E-12  0.13417753E-11 -0.15397412E-13  0.38675181E-14  0.24370966E-13  0.49408503E-14  0.29393982E-16 -0.29886191E-23 -0.12528201E-22 -0.10510030E-23  0.10734546E-14  0.34014338E-14  0.23776012E-04  0.59701233E+01
   0.11807412E+02  0.46349997E+03  0.79179771E-01  0.38364083E-01  0.10846550E+02  0.28312702E+01  0.33401736E-11  0.44478605E-11  0.41044129E-12  0.42593689E-11 -0.37461191E-13  0.92241761E-14  0.56753308E-13  0.92575721E-14  0.48664326E-16 -0.17803792E-22 -0.94441273E-22 -0.58405191E-23  0.31924977E-14  0.91540358E-14  0.22943766E-04  0.57221680E+01
   0.12622087E+02  0.49548001E+03  0.78551814E-01  0.37342127E-01  0.10905462E+02  0.28307431E+01  0.99590614E-11  0.13336014E-10  0.11571044E-11  0.10408589E-10 -0.11716841E-12  0.28426531E-13  0.18181967E-12  0.45427966E-13  0.35765085E-15 -0.95533637E-22 -0.51194291E-21 -0.22046365E-22  0.86548480E-14  0.25806797E-13  0.22313598E-04  0.54612732E+01
   0.13492549E+02  0.52965002E+03  0.77907868E-01  0.36289103E-01  0.10940779E+02  0.28296690E+01  0.18699741E-10  0.25443168E-10  0.21145934E-11  0.13921564E-10 -0.22957648E-12  0.67835657E-13  0.43886303E-12  0.99766190E-13  0.73983802E-15 -0.25533153E-21 -0.10262187E-20 -0.58322563E-22  0.13885312E-13  0.47161588E-13  0.21178543E-04  0.51549988E+01
   0.14423386E+02  0.56619000E+03  0.77249311E-01  0.35178296E-01  0.10978663E+02  0.28293133E+01  0.26232100E-10  0.35211549E-10  0.29019745E-11  0.21286913E-10 -0.27041100E-12  0.68193328E-13  0.55879932E-12  0.11689263E-12  0.84097169E-15 -0.59624778E-21 -0.24320150E-20 -0.17312920E-21  0.20125118E-13  0.64722479E-13  0.20254436E-04  0.48274841E+01
   0.15418417E+02  0.60525000E+03  0.76627754E-01  0.34010954E-01  0.11026457E+02  0.28281956E+01  0.49621800E-10  0.66261420E-10  0.53303529E-11  0.40836001E-10 -0.49522669E-12  0.10307325E-12  0.99288904E-12  0.26904699E-12  0.25534585E-14 -0.18631131E-20 -0.89477435E-20 -0.41750550E-21  0.38187660E-13  0.11888239E-12  0.19735209E-04  0.44848022E+01
   0.16481468E+02  0.64698004E+03  0.75976707E-01  0.32810356E-01  0.11070539E+02  0.28274171E+01  0.87516959E-10  0.11809011E-09  0.92094535E-11  0.57079674E-10 -0.94320558E-12  0.35801857E-12  0.20469204E-11  0.56300819E-12  0.55795081E-14 -0.36609794E-20 -0.16636003E-19 -0.49564567E-21  0.60447774E-13  0.20539762E-12  0.19083102E-04  0.41116333E+01
   0.17618649E+02  0.69162000E+03  0.75167894E-01  0.31550672E-01  0.11103858E+02  0.28261411E+01  0.11324896E-09  0.15388768E-09  0.12279217E-10  0.60611814E-10 -0.13003355E-11  0.59045959E-12  0.33474597E-11  0.96956644E-12  0.97906539E-14 -0.27851054E-20 -0.98899281E-20 -0.37996035E-21  0.71272313E-13  0.27386229E-12  0.18225977E-04  0.36987305E+01
   0.18833778E+02  0.73932001E+03  0.74403383E-01  0.30072501E-01  0.11139322E+02  0.28250906E+01  0.11827976E-09  0.15919202E-09  0.12743190E-10  0.68150971E-10 -0.12078983E-11  0.18834516E-12  0.33190846E-11  0.10797812E-11  0.12526108E-13 -0.11728777E-20 -0.24594838E-20 -0.43768669E-21  0.76659972E-13  0.28421024E-12  0.17532388E-04  0.32572937E+01
   0.20132977E+02  0.79032007E+03  0.73842712E-01  0.28617660E-01  0.11183336E+02  0.28232684E+01  0.12224088E-09  0.16356112E-09  0.12416840E-10  0.74184950E-10 -0.12068612E-11  0.64404475E-13  0.29355606E-11  0.13360145E-11  0.22040185E-13  0.13815522E-20  0.45914958E-20  0.44005852E-21  0.80938077E-13  0.27693169E-12  0.17111402E-04  0.27915649E+01
   0.21521589E+02  0.84483002E+03  0.73192813E-01  0.27118925E-01  0.11228170E+02  0.28210711E+01  0.10197838E-09  0.13730653E-09  0.10367127E-10  0.51320753E-10 -0.10088022E-11  0.14661299E-12  0.29065374E-11  0.14970654E-11  0.27195001E-13  0.49070079E-20  0.13588177E-19  0.13852315E-20  0.61794123E-13  0.23121712E-12  0.16659011E-04  0.22915955E+01
   0.23005732E+02  0.90309003E+03  0.72521433E-01  0.25438935E-01  0.11261324E+02  0.28184199E+01  0.65669706E-10  0.89815148E-10  0.69466902E-11  0.23746847E-10 -0.71062785E-12  0.10813604E-12  0.26942895E-11  0.16311264E-11  0.32711864E-13  0.58187120E-20  0.13618729E-19  0.10749150E-20  0.34166375E-13  0.15493142E-12  0.15919442E-04  0.17425537E+01
   0.24592281E+02  0.96537006E+03  0.71806781E-01  0.23535958E-01  0.11288427E+02  0.28147175E+01  0.12333724E-10  0.16810801E-10  0.14183313E-11  0.47844055E-11 -0.15257226E-12  0.11997650E-13  0.55381291E-12  0.40671744E-12  0.99482842E-14  0.67793151E-21  0.16944639E-20  0.91373519E-22  0.66335635E-14  0.31632916E-13  0.15155386E-04  0.11474609E+01
   0.26288879E+02  0.10319700E+04  0.71071565E-01  0.21229746E-01  0.11332088E+02  0.28094091E+01  0.23600851E-12  0.31688820E-12  0.31555802E-13  0.11755823E-12 -0.31735155E-14 -0.17770664E-15  0.11331241E-13  0.11019146E-13  0.32845942E-15  0.20126753E-23  0.49630470E-23  0.26259900E-24  0.14226967E-15  0.70378623E-15  0.14556862E-04  0.52593994E+00
   0.28101643E+02  0.11031300E+04  0.70335150E-01  0.18235208E-01  0.11384616E+02  0.27997599E+01  0.74320397E-15  0.98500212E-15  0.12052978E-15  0.45136258E-15 -0.11677749E-16 -0.36462998E-17  0.42733950E-16  0.59905955E-16  0.23069931E-17  0.10973706E-27  0.23486311E-27  0.15460138E-28  0.49041750E-18  0.26881651E-17  0.13943886E-04 -0.13153076E+00
   0.30040504E+02  0.11792400E+04  0.69911309E-01  0.14245480E-01  0.11458288E+02  0.27814693E+01  0.11171837E-18  0.14807827E-18  0.23132675E-19  0.87068553E-19 -0.23013590E-20 -0.14772122E-20  0.77978979E-20  0.16707549E-19  0.93688544E-21  0.44407582E-34  0.83800596E-34  0.63858372E-35  0.83648254E-22  0.51592599E-21  0.12991469E-04 -0.81594849E+00
   0.32112343E+02  0.12605701E+04  0.70314705E-01  0.86441403E-02  0.11558051E+02  0.27420669E+01  0.27373988E-25  0.36056200E-25  0.76172155E-26  0.33731739E-25 -0.75109294E-27 -0.71523968E-27  0.20710746E-26  0.75844677E-26  0.69153192E-27  0.00000000E+00  0.00000000E+00  0.00000000E+00  0.25674184E-28  0.16988609E-27  0.11266913E-04 -0.15228271E+01
   0.34327091E+02  0.13475100E+04  0.73176131E-01  0.80431596E-03  0.11755417E+02  0.26446671E+01  0.29096171E-34  0.37039031E-35  0.44672129E-35  0.70561694E-34 -0.50422616E-35 -0.11571979E-35  0.17853769E-35  0.11021212E-34  0.29987787E-36  0.00000000E+00  0.00000000E+00  0.00000000E+00  0.00000000E+00  0.99631850E-37  0.97527991E-05 -0.21783142E+01
   0.36694691E+02  0.14404501E+04  0.82904130E-01 -0.10248614E-01  0.12226233E+02  0.23479669E+01  0.16989682E-20  0.36918102E-21  0.58443738E-21  0.52125101E-20 -0.58152610E-21 -0.25048904E-21  0.10269299E-21  0.24443593E-20  0.15541120E-21 -0.19217832E-33 -0.13414774E-33 -0.97607231E-34  0.10972702E-23  0.13034656E-22  0.45749530E-05 -0.25862122E+01
   0.39225067E+02  0.15397800E+04  0.12872131E+00 -0.20269325E-01  0.12771605E+02  0.11223513E+01  0.47540270E-12  0.23615124E-12  0.36240580E-12  0.36331751E-11 -0.26518222E-12 -0.87029295E-13 -0.90947545E-14  0.52188001E-12  0.81867765E-12 -0.34445410E-19 -0.94952037E-19 -0.19412918E-19  0.67622198E-15  0.80827043E-14  0.53596846E-05 -0.28217163E+01
   0.41930454E+02  0.16459800E+04  0.19276720E+00  0.34003954E-02  0.15057846E+02  0.47641870E+00  0.61498253E-06  0.29396188E-05  0.90100201E-06  0.69558891E-05 -0.14949708E-06 -0.34345060E-07 -0.12304155E-07  0.98431691E-07  0.24124263E-04 -0.21259914E-10 -0.96958441E-10 -0.13164743E-10  0.51084048E-08  0.20094967E-07  0.10021963E-04 -0.14856567E+01
   0.44822315E+02  0.17595000E+04  0.19241473E+00  0.30924040E-02  0.16222235E+02  0.36155868E+00  0.52679377E-03  0.97827869E-03  0.90851281E-05  0.37976627E-02 -0.10420279E-05  0.16027704E-07  0.13795007E-07  0.12877828E-05  0.92581846E-02 -0.19622699E-08 -0.52420432E-05 -0.34133780E-07  0.15520469E-05  0.20262480E-06  0.74848340E-05 -0.14365540E+01
   0.47914402E+02  0.18808799E+04  0.19204685E+00  0.27900520E-02  0.17397945E+02  0.29961273E+00  0.10169641E-02  0.18192870E-02  0.15388519E-04  0.68682134E-02 -0.17141894E-05  0.27851012E-07  0.22993580E-07  0.10682281E-05  0.17316829E-01 -0.38443075E-08 -0.10883522E-04 -0.66601878E-07  0.28260224E-05  0.34320877E-06  0.47014655E-05 -0.14639282E+01
   0.51218952E+02  0.20106000E+04  0.19170293E+00  0.25120215E-02  0.18564421E+02  0.27923948E+00  0.17028752E-02  0.28896283E-02  0.20785013E-04  0.10852129E-01 -0.25069587E-05  0.33830574E-07  0.28531394E-07  0.40998040E-06  0.27790025E-01 -0.77680431E-08 -0.23436547E-04 -0.15401086E-06  0.44274939E-05  0.46356629E-06  0.37478810E-05 -0.15912476E+01
   0.54751240E+02  0.21492600E+04  0.19142908E+00  0.22735060E-02  0.19762878E+02  0.27729300E+00  0.27109745E-02  0.40132185E-02  0.24399384E-04  0.16735401E-01 -0.27183030E-05  0.33462751E-07  0.31257667E-07  0.51592075E-07  0.38875643E-01 -0.13960366E-07 -0.40394145E-04 -0.33520081E-06  0.62733811E-05  0.54417728E-06  0.31447385E-05 -0.17792358E+01
   0.58527317E+02  0.22974900E+04  0.19122413E+00  0.20676407E-02  0.21014608E+02  0.27706090E+00  0.40980787E-02  0.49508056E-02  0.26319336E-04  0.24785938E-01 -0.33401686E-05  0.29659462E-07  0.32434389E-07  0.75599971E-08  0.48126511E-01 -0.21415374E-07 -0.53947417E-04 -0.61527419E-06  0.81175822E-05  0.58699783E-06  0.26893738E-05 -0.20099792E+01
   0.62564003E+02  0.24559500E+04  0.19107401E+00  0.18875258E-02  0.22329626E+02  0.27702540E+00  0.57618390E-02  0.56152060E-02  0.26948333E-04  0.34374710E-01 -0.16548531E-05  0.26518517E-07  0.31564074E-07  0.17022238E-08  0.54674011E-01 -0.25921254E-07 -0.56608384E-04 -0.87856989E-06  0.98059909E-05  0.60102627E-06  0.22441857E-05 -0.22797852E+01
   0.66878868E+02  0.26253298E+04  0.19095075E+00  0.17465630E-02  0.23721739E+02  0.27701002E+00  0.73444806E-02  0.60241772E-02  0.26693479E-04  0.43537386E-01 -0.39643310E-05  0.19438311E-07  0.21633182E-07 -0.16630382E-07  0.58722246E-01 -0.21778504E-07 -0.44178636E-04 -0.85116341E-06  0.11171608E-04  0.59534227E-06  0.16231496E-05 -0.25816956E+01
   0.71491783E+02  0.28064099E+04  0.19087812E+00  0.16725066E-02  0.25205767E+02  0.27758536E+00  0.83382567E-02  0.62204003E-02  0.26231712E-04  0.49309481E-01  0.42230556E-06  0.78438234E-08  0.80715878E-08 -0.51650325E-07  0.60676955E-01 -0.86272527E-08 -0.17285378E-04 -0.36794313E-06  0.11963664E-04  0.58504355E-06  0.60335640E-06 -0.29088135E+01
   0.76422623E+02  0.29999700E+04  0.19087812E+00  0.16725067E-02  0.26789022E+02  0.27849951E+00  0.83382567E-02  0.62203999E-02  0.26231712E-04  0.49309488E-01  0.43158778E-02  0.00000000E+00 -0.20762810E-11 -0.67960018E-05  0.60676955E-01 -0.86382830E-08 -0.17285383E-04 -0.36830943E-06  0.11955146E-04  0.58504355E-06  0.60335640E-06 -0.32615967E+01
