   0.19751310E-02  0.46985999E+00  0.13109385E-01 -0.37683058E-02  0.73683138E+01  0.40860705E+01  0.30141526E+00  0.37418321E+00  0.98783779E+01  0.74630150E+02  0.99998122E+00 -0.23391810E+00  0.70202805E-01  0.14374326E+01  0.39556422E-02  0.94636431E-06  0.92670803E-06  0.20444359E-06  0.30787511E+01  0.90128666E+00  0.41413936E-04  0.66665344E+01
   0.21244450E-02  0.50537997E+00  0.13431160E-01 -0.38608003E-02  0.73670831E+01  0.40856032E+01  0.30141526E+00  0.37775683E+00  0.97979507E+01  0.73757401E+02  0.10033720E+01 -0.23577335E+00  0.70751049E-01  0.14500945E+01  0.39820871E-02  0.18385332E-01 -0.82177356E-01  0.47498938E+00  0.28919899E+01  0.89394867E+00  0.39404164E-04  0.66650391E+01
   0.22839739E-02  0.54332995E+00  0.13769433E-01 -0.39580148E-02  0.73657994E+01  0.40851126E+01  0.30142960E+00  0.38146487E+00  0.97135086E+01  0.72832100E+02  0.10030572E+01 -0.23573051E+00  0.70719786E-01  0.14499453E+01  0.40160301E-02  0.17973565E-01 -0.81087522E-01  0.48176458E+00  0.27187541E+01  0.88624430E+00  0.37256901E-04  0.66634521E+01
   0.24544743E-02  0.58389002E+00  0.14125006E-01 -0.40601757E-02  0.73644605E+01  0.40845971E+01  0.30145699E+00  0.38530776E+00  0.96249142E+01  0.71871147E+02  0.10028163E+01 -0.23572907E+00  0.70699781E-01  0.14496871E+01  0.40511428E-02  0.17528169E-01 -0.79963326E-01  0.48367292E+00  0.25577915E+01  0.87816107E+00  0.35830151E-04  0.66618042E+01
   0.26368289E-02  0.62726998E+00  0.14498726E-01 -0.41675223E-02  0.73630648E+01  0.40840564E+01  0.30149758E+00  0.38928688E+00  0.95320034E+01  0.70874107E+02  0.10025837E+01 -0.23572885E+00  0.70678830E-01  0.14495698E+01  0.40872134E-02  0.17133269E-01 -0.78762226E-01  0.48555791E+00  0.24079468E+01  0.86968404E+00  0.35011744E-04  0.66600647E+01
   0.28317948E-02  0.67365003E+00  0.14891055E-01 -0.42801825E-02  0.73616114E+01  0.40834889E+01  0.30155298E+00  0.39339879E+00  0.94347143E+01  0.69841515E+02  0.10023803E+01 -0.23572744E+00  0.70656218E-01  0.14501556E+01  0.41239071E-02  0.16740911E-01 -0.77507272E-01  0.48752159E+00  0.22683434E+01  0.86080760E+00  0.34039178E-04  0.66582642E+01
   0.30401282E-02  0.72320998E+00  0.15302333E-01 -0.43982491E-02  0.73601007E+01  0.40828953E+01  0.30162492E+00  0.39763841E+00  0.93330250E+01  0.68774315E+02  0.10021162E+01 -0.23572254E+00  0.70631288E-01  0.14497079E+01  0.41619348E-02  0.16354324E-01 -0.76197542E-01  0.48956689E+00  0.21382020E+01  0.85152960E+00  0.33692406E-04  0.66563416E+01
   0.32628379E-02  0.77618998E+00  0.15733277E-01 -0.45219222E-02  0.73585320E+01  0.40822744E+01  0.30171531E+00  0.40200382E+00  0.92268267E+01  0.67672600E+02  0.10018239E+01 -0.23571722E+00  0.70604555E-01  0.14495392E+01  0.42012180E-02  0.15973626E-01 -0.74833259E-01  0.49165758E+00  0.20166922E+01  0.84184027E+00  0.33145523E-04  0.66543579E+01
   0.35009333E-02  0.83283001E+00  0.16184453E-01 -0.46513579E-02  0.73569045E+01  0.40816255E+01  0.30182600E+00  0.40649092E+00  0.91160612E+01  0.66536987E+02  0.10014919E+01 -0.23571214E+00  0.70576079E-01  0.14497819E+01  0.42407862E-02  0.15600504E-01 -0.73413961E-01  0.49380726E+00  0.19031085E+01  0.83173418E+00  0.32185413E-04  0.66522827E+01
   0.37554225E-02  0.89336997E+00  0.16656278E-01 -0.47866679E-02  0.73552189E+01  0.40809479E+01  0.30195910E+00  0.41109347E+00  0.90007181E+01  0.65368622E+02  0.10010747E+01 -0.23570566E+00  0.70545606E-01  0.14494246E+01  0.42809891E-02  0.15240045E-01 -0.71939193E-01  0.49600548E+00  0.17968415E+01  0.82121050E+00  0.31741263E-04  0.66501160E+01
   0.40274416E-02  0.95807999E+00  0.17149242E-01 -0.49279863E-02  0.73534756E+01  0.40802417E+01  0.30211669E+00  0.41580534E+00  0.88807783E+01  0.64168518E+02  0.10006222E+01 -0.23569809E+00  0.70513070E-01  0.14493281E+01  0.43221037E-02  0.14892073E-01 -0.70409551E-01  0.49825871E+00  0.16973108E+01  0.81026739E+00  0.31407955E-04  0.66478271E+01
   0.43182508E-02  0.10272601E+01  0.17663887E-01 -0.50754608E-02  0.73516741E+01  0.40795054E+01  0.30230108E+00  0.42062047E+00  0.87562246E+01  0.62937706E+02  0.10002512E+01 -0.23569255E+00  0.70479058E-01  0.14501700E+01  0.43632151E-02  0.14559801E-01 -0.68824574E-01  0.50056332E+00  0.16039742E+01  0.79890329E+00  0.30932235E-04  0.66454773E+01
   0.46291109E-02  0.11012100E+01  0.18200580E-01 -0.52291853E-02  0.73498139E+01  0.40787382E+01  0.30251458E+00  0.42553037E+00  0.86270943E+01  0.61677761E+02  0.99993193E+00 -0.23568772E+00  0.70443116E-01  0.14512838E+01  0.44044526E-02  0.14249884E-01 -0.67182869E-01  0.50292277E+00  0.15163676E+01  0.78712165E+00  0.30702449E-04  0.66430054E+01
   0.49614101E-02  0.11802599E+01  0.18759703E-01 -0.53892606E-02  0.73478956E+01  0.40779409E+01  0.30275959E+00  0.43052632E+00  0.84934320E+01  0.60390270E+02  0.99957782E+00 -0.23568030E+00  0.70404127E-01  0.14517026E+01  0.44462187E-02  0.13965407E-01 -0.65484062E-01  0.50533867E+00  0.14340545E+01  0.77492654E+00  0.30252537E-04  0.66404419E+01
   0.53166617E-02  0.12647700E+01  0.19341653E-01 -0.55557890E-02  0.73459196E+01  0.40771122E+01  0.30303860E+00  0.43559924E+00  0.83552933E+01  0.59076885E+02  0.99914402E+00 -0.23567070E+00  0.70362262E-01  0.14517468E+01  0.44879806E-02  0.13707697E-01 -0.63730262E-01  0.50779873E+00  0.13566320E+01  0.76232302E+00  0.29863002E-04  0.66377563E+01
   0.56963782E-02  0.13551000E+01  0.19946625E-01 -0.57288138E-02  0.73438878E+01  0.40762529E+01  0.30335400E+00  0.44073772E+00  0.82128000E+01  0.57739807E+02  0.99869388E+00 -0.23566160E+00  0.70318103E-01  0.14519292E+01  0.45295781E-02  0.13483596E-01 -0.61920751E-01  0.51029170E+00  0.12837535E+01  0.74932218E+00  0.29718689E-04  0.66349792E+01
   0.61023254E-02  0.14516701E+01  0.20574991E-01 -0.59084287E-02  0.73417997E+01  0.40753627E+01  0.30370849E+00  0.44593170E+00  0.80660419E+01  0.56380886E+02  0.99820071E+00 -0.23565196E+00  0.70271082E-01  0.14518323E+01  0.45708911E-02  0.13297075E-01 -0.60054559E-01  0.51282007E+00  0.12150743E+01  0.73593217E+00  0.29344186E-04  0.66320801E+01
   0.65361429E-02  0.15548699E+01  0.21226702E-01 -0.60946061E-02  0.73396587E+01  0.40744424E+01  0.30410454E+00  0.45116714E+00  0.79152203E+01  0.55002899E+02  0.99757189E+00 -0.23563996E+00  0.70220605E-01  0.14516296E+01  0.46119760E-02  0.13149338E-01 -0.58135305E-01  0.51538479E+00  0.11503195E+01  0.72217149E+00  0.28906763E-04  0.66290894E+01
   0.69999746E-02  0.16652100E+01  0.21902241E-01 -0.62874681E-02  0.73374653E+01  0.40734906E+01  0.30454499E+00  0.45643431E+00  0.77604332E+01  0.53607544E+02  0.99688762E+00 -0.23562668E+00  0.70166774E-01  0.14517554E+01  0.46525579E-02  0.13046997E-01 -0.56161400E-01  0.51798272E+00  0.10891814E+01  0.70804894E+00  0.28812805E-04  0.66259460E+01
   0.74958382E-02  0.17831699E+01  0.22601621E-01 -0.64870031E-02  0.73352213E+01  0.40725079E+01  0.30503240E+00  0.46171939E+00  0.76018925E+01  0.52197506E+02  0.99620908E+00 -0.23561312E+00  0.70109591E-01  0.14517101E+01  0.46921656E-02  0.12992950E-01 -0.54134943E-01  0.52060926E+00  0.10314181E+01  0.69358397E+00  0.28613718E-04  0.66227112E+01
   0.80258772E-02  0.19092599E+01  0.23324799E-01 -0.66931783E-02  0.73329277E+01  0.40714951E+01  0.30556947E+00  0.46700814E+00  0.74398398E+01  0.50775574E+02  0.99553084E+00 -0.23559870E+00  0.70048951E-01  0.14518386E+01  0.47307480E-02  0.12992438E-01 -0.52056849E-01  0.52328455E+00  0.97680819E+00  0.67879856E+00  0.28280747E-04  0.66193237E+01
   0.85924892E-02  0.20440500E+01  0.24071803E-01 -0.69059851E-02  0.73305864E+01  0.40704517E+01  0.30615890E+00  0.47228691E+00  0.72745066E+01  0.49344330E+02  0.99479115E+00 -0.23558158E+00  0.69984004E-01  0.14520329E+01  0.47683967E-02  0.13050916E-01 -0.49927246E-01  0.52598220E+00  0.92513776E+00  0.66371381E+00  0.28153601E-04  0.66158142E+01
   0.91980677E-02  0.21881099E+01  0.24842395E-01 -0.71253320E-02  0.73281999E+01  0.40693793E+01  0.30680335E+00  0.47754037E+00  0.71061940E+01  0.47906830E+02  0.99406332E+00 -0.23556440E+00  0.69915295E-01  0.14519247E+01  0.48050997E-02  0.13173246E-01 -0.47748812E-01  0.52870768E+00  0.87622523E+00  0.64835727E+00  0.27928347E-04  0.66121826E+01
   0.98455157E-02  0.23421299E+01  0.25636697E-01 -0.73512346E-02  0.73257680E+01  0.40682783E+01  0.30750570E+00  0.48275581E+00  0.69351354E+01  0.46465374E+02  0.99324638E+00 -0.23554520E+00  0.69842093E-01  0.14521704E+01  0.48403684E-02  0.13362871E-01 -0.45522619E-01  0.53145915E+00  0.82987869E+00  0.63275015E+00  0.27725944E-04  0.66083984E+01
   0.10537606E-01  0.25067701E+01  0.26454374E-01 -0.75835721E-02  0.73232956E+01  0.40671482E+01  0.30826864E+00  0.48791772E+00  0.67616696E+01  0.45023029E+02  0.99231023E+00 -0.23552257E+00  0.69763765E-01  0.14521058E+01  0.48739365E-02  0.13623955E-01 -0.43250170E-01  0.53423327E+00  0.78594714E+00  0.61692345E+00  0.27555467E-04  0.66044922E+01
   0.11277365E-01  0.26827500E+01  0.27295109E-01 -0.78222286E-02  0.73207841E+01  0.40659914E+01  0.30909485E+00  0.49301115E+00  0.65861359E+01  0.43582710E+02  0.99133396E+00 -0.23549877E+00  0.69680713E-01  0.14520352E+01  0.49056401E-02  0.13962246E-01 -0.40933087E-01  0.53704178E+00  0.74428630E+00  0.60090804E+00  0.27409993E-04  0.66004028E+01
   0.12068201E-01  0.28708801E+01  0.28158706E-01 -0.80671208E-02  0.73182364E+01  0.40648074E+01  0.30998725E+00  0.49802229E+00  0.64088502E+01  0.42146980E+02  0.99024320E+00 -0.23547116E+00  0.69591828E-01  0.14525073E+01  0.49354034E-02  0.14381663E-01 -0.38571928E-01  0.53986830E+00  0.70475549E+00  0.58473277E+00  0.27266762E-04  0.65961914E+01
   0.12913640E-01  0.30720000E+01  0.29044779E-01 -0.83181104E-02  0.73156552E+01  0.40635972E+01  0.31094864E+00  0.50293684E+00  0.62301683E+01  0.40718594E+02  0.98907930E+00 -0.23544009E+00  0.69497094E-01  0.14529641E+01  0.49634692E-02  0.14887044E-01 -0.36167715E-01  0.54271978E+00  0.66723174E+00  0.56843013E+00  0.27072070E-04  0.65917969E+01
   0.13817847E-01  0.32870998E+01  0.29953260E-01 -0.85751489E-02  0.73130422E+01  0.40623617E+01  0.31198239E+00  0.50774282E+00  0.60503836E+01  0.39299667E+02  0.98792487E+00 -0.23540933E+00  0.69397174E-01  0.14536804E+01  0.49893945E-02  0.15482607E-01 -0.33722345E-01  0.54559278E+00  0.63158828E+00  0.55202687E+00  0.26986565E-04  0.65872498E+01
   0.14783847E-01  0.35168998E+01  0.30882662E-01 -0.88377781E-02  0.73104010E+01  0.40611029E+01  0.31309035E+00  0.51242131E+00  0.58700676E+01  0.37894337E+02  0.98670375E+00 -0.23537695E+00  0.69291227E-01  0.14536341E+01  0.50130975E-02  0.16172547E-01 -0.31239239E-01  0.54848802E+00  0.59775949E+00  0.53557515E+00  0.26841775E-04  0.65825500E+01
   0.15815426E-01  0.37623000E+01  0.31832013E-01 -0.91056926E-02  0.73077374E+01  0.40598235E+01  0.31427494E+00  0.51695806E+00  0.56896687E+01  0.36505604E+02  0.98536980E+00 -0.23534122E+00  0.69178879E-01  0.14532834E+01  0.50343927E-02  0.16959043E-01 -0.28721901E-01  0.55139792E+00  0.56565851E+00  0.51911587E+00  0.26678741E-04  0.65776367E+01
   0.16920147E-01  0.40250998E+01  0.32803383E-01 -0.93794381E-02  0.73050456E+01  0.40585217E+01  0.31554267E+00  0.52135277E+00  0.55090666E+01  0.35132004E+02  0.98396629E+00 -0.23530477E+00  0.69060013E-01  0.14533126E+01  0.50533032E-02  0.17849036E-01 -0.26164547E-01  0.55432349E+00  0.53510940E+00  0.50263804E+00  0.26579428E-04  0.65725708E+01
   0.18099273E-01  0.43056002E+01  0.33792879E-01 -0.96578784E-02  0.73023386E+01  0.40572019E+01  0.31689259E+00  0.52557909E+00  0.53292418E+01  0.33780361E+02  0.98244333E+00 -0.23526441E+00  0.68933561E-01  0.14540646E+01  0.50697895E-02  0.18844917E-01 -0.23575669E-01  0.55725634E+00  0.50613290E+00  0.48623109E+00  0.26434358E-04  0.65672913E+01
   0.19361634E-01  0.46059003E+01  0.34802772E-01 -0.99416086E-02  0.72996111E+01  0.40558615E+01  0.31833237E+00  0.52963877E+00  0.51500282E+01  0.32448711E+02  0.98077899E+00 -0.23521678E+00  0.68798177E-01  0.14548485E+01  0.50838911E-02  0.19954352E-01 -0.20947890E-01  0.56022990E+00  0.47856551E+00  0.46987996E+00  0.26354444E-04  0.65617676E+01
   0.20709746E-01  0.49266000E+01  0.35829756E-01 -0.10229660E-01  0.72968745E+01  0.40545053E+01  0.31986228E+00  0.53351116E+00  0.49722438E+01  0.31142368E+02  0.97899008E+00 -0.23516269E+00  0.68654038E-01  0.14551660E+01  0.50955536E-02  0.21180430E-01 -0.18288281E-01  0.56324148E+00  0.45240697E+00  0.45365921E+00  0.26252528E-04  0.65560608E+01
   0.22151180E-01  0.52694998E+01  0.36874261E-01 -0.10522107E-01  0.72941279E+01  0.40531340E+01  0.32148808E+00  0.53719187E+00  0.47960305E+01  0.29861492E+02  0.97714996E+00 -0.23510796E+00  0.68502150E-01  0.14557571E+01  0.51045935E-02  0.22523573E-01 -0.15597678E-01  0.56625539E+00  0.42755803E+00  0.43758181E+00  0.26138978E-04  0.65501404E+01
   0.23690980E-01  0.56357999E+01  0.37934486E-01 -0.10818395E-01  0.72913766E+01  0.40517497E+01  0.32321244E+00  0.54066896E+00  0.46218948E+01  0.28608839E+02  0.97518289E+00 -0.23504880E+00  0.68341121E-01  0.14563656E+01  0.51110275E-02  0.23987116E-01 -0.12878357E-01  0.56928331E+00  0.40397912E+00  0.42169395E+00  0.26054482E-04  0.65439758E+01
   0.25337974E-01  0.60275998E+01  0.39010875E-01 -0.11118602E-01  0.72886214E+01  0.40503526E+01  0.32504222E+00  0.54393935E+00  0.44499483E+01  0.27384268E+02  0.97300768E+00 -0.23497988E+00  0.68168849E-01  0.14569439E+01  0.51149623E-02  0.25579141E-01 -0.10125176E-01  0.57233071E+00  0.38158220E+00  0.40600583E+00  0.25944109E-04  0.65375366E+01
   0.27099727E-01  0.64466996E+01  0.40102549E-01 -0.11422426E-01  0.72858672E+01  0.40489440E+01  0.32698253E+00  0.54699594E+00  0.42805085E+01  0.26189091E+02  0.97068989E+00 -0.23490527E+00  0.67985877E-01  0.14577671E+01  0.51164986E-02  0.27302206E-01 -0.73391604E-02  0.57538116E+00  0.36031482E+00  0.39054644E+00  0.25846077E-04  0.65308533E+01
   0.28981283E-01  0.68943000E+01  0.41206840E-01 -0.11729070E-01  0.72831206E+01  0.40475278E+01  0.32903564E+00  0.54982817E+00  0.41141362E+01  0.25026251E+02  0.96829093E+00 -0.23482904E+00  0.67793362E-01  0.14583991E+01  0.51156553E-02  0.29157665E-01 -0.45240973E-02  0.57843548E+00  0.34015849E+00  0.37536690E+00  0.25734300E-04  0.65238647E+01
   0.30992737E-01  0.73728004E+01  0.42323846E-01 -0.12038506E-01  0.72803822E+01  0.40461049E+01  0.33120918E+00  0.55243438E+00  0.39509406E+01  0.23895477E+02  0.96566159E+00 -0.23474339E+00  0.67588404E-01  0.14589183E+01  0.51124748E-02  0.31149147E-01 -0.16780794E-02  0.58148158E+00  0.32104310E+00  0.36047721E+00  0.25666337E-04  0.65166016E+01
   0.33144169E-01  0.78846002E+01  0.43453123E-01 -0.12350549E-01  0.72776570E+01  0.40446758E+01  0.33351049E+00  0.55481160E+00  0.37910993E+01  0.22797003E+02  0.96282661E+00 -0.23464739E+00  0.67370094E-01  0.14593306E+01  0.51070107E-02  0.33278774E-01  0.11991762E-02  0.58450741E+00  0.30291393E+00  0.34589356E+00  0.25561769E-04  0.65090027E+01
   0.35443150E-01  0.84315004E+01  0.44592574E-01 -0.12664558E-01  0.72749496E+01  0.40432439E+01  0.33594403E+00  0.55695438E+00  0.36349974E+01  0.21732462E+02  0.95990121E+00 -0.23454723E+00  0.67140020E-01  0.14598078E+01  0.50997515E-02  0.35553101E-01  0.41087153E-02  0.58753341E+00  0.28574437E+00  0.33165109E+00  0.25457583E-04  0.65010681E+01
   0.37899766E-01  0.90158997E+01  0.45741152E-01 -0.12980183E-01  0.72722631E+01  0.40418105E+01  0.33851695E+00  0.55886066E+00  0.34828360E+01  0.20702236E+02  0.95675623E+00 -0.23443641E+00  0.66895470E-01  0.14609120E+01  0.50908457E-02  0.37974086E-01  0.70509305E-02  0.59052479E+00  0.26949111E+00  0.31776813E+00  0.25400377E-04  0.64927979E+01
   0.40526636E-01  0.96408005E+01  0.46898607E-01 -0.13297285E-01  0.72696009E+01  0.40403752E+01  0.34123853E+00  0.56053060E+00  0.33346934E+01  0.19705885E+02  0.95338464E+00 -0.23431537E+00  0.66635847E-01  0.14623448E+01  0.50799875E-02  0.40549908E-01  0.10031506E-01  0.59347552E+00  0.25410238E+00  0.30425185E+00  0.25292897E-04  0.64841309E+01
   0.43335099E-01  0.10308900E+02  0.48063703E-01 -0.13615457E-01  0.72669663E+01  0.40389404E+01  0.34411645E+00  0.56196272E+00  0.31907570E+01  0.18743738E+02  0.94975346E+00 -0.23418149E+00  0.66360146E-01  0.14633332E+01  0.50675515E-02  0.43282446E-01  0.13050957E-01  0.59637046E+00  0.23954245E+00  0.29111934E+00  0.25191257E-04  0.64750671E+01
   0.46336509E-01  0.11022900E+02  0.49234942E-01 -0.13934220E-01  0.72643666E+01  0.40375090E+01  0.34715790E+00  0.56315655E+00  0.30512140E+01  0.17816154E+02  0.94583035E+00 -0.23403196E+00  0.66066869E-01  0.14646213E+01  0.50540371E-02  0.46173926E-01  0.16109163E-01  0.59918618E+00  0.22577953E+00  0.27838767E+00  0.25102549E-04  0.64655762E+01
   0.49546007E-01  0.11786401E+02  0.50411977E-01 -0.14253405E-01  0.72618032E+01  0.40360789E+01  0.35037345E+00  0.56411332E+00  0.29160917E+01  0.16922462E+02  0.94170237E+00 -0.23387459E+00  0.65757230E-01  0.14661982E+01  0.50394679E-02  0.49226005E-01  0.19208966E-01  0.60188353E+00  0.21276954E+00  0.26605934E+00  0.25003668E-04  0.64556274E+01
   0.52976187E-01  0.12602400E+02  0.51593196E-01 -0.14572497E-01  0.72592802E+01  0.40346546E+01  0.35377026E+00  0.56483364E+00  0.27855451E+01  0.16062876E+02  0.93731976E+00 -0.23370717E+00  0.65429993E-01  0.14673265E+01  0.50241672E-02  0.52437522E-01  0.22350121E-01  0.60443634E+00  0.20048445E+00  0.25414848E+00  0.24908262E-04  0.64451904E+01
   0.56642201E-01  0.13474501E+02  0.52777633E-01 -0.14891155E-01  0.72568016E+01  0.40332370E+01  0.35735726E+00  0.56531918E+00  0.26596282E+01  0.15237006E+02  0.93264228E+00 -0.23352472E+00  0.65083191E-01  0.14684219E+01  0.50084437E-02  0.55819117E-01  0.25538705E-01  0.60684079E+00  0.18889001E+00  0.24266003E+00  0.24804402E-04  0.64342346E+01
   0.60561694E-01  0.14406900E+02  0.53964771E-01 -0.15209161E-01  0.72543697E+01  0.40318260E+01  0.36114523E+00  0.56557226E+00  0.25383286E+01  0.14444095E+02  0.92760158E+00 -0.23331985E+00  0.64713962E-01  0.14697908E+01  0.49923887E-02  0.59378110E-01  0.28781120E-01  0.60905617E+00  0.17794918E+00  0.23159286E+00  0.24702005E-04  0.64227295E+01
   0.64752325E-01  0.15403801E+02  0.55153709E-01 -0.15526188E-01  0.72519898E+01  0.40304222E+01  0.36514387E+00  0.56559497E+00  0.24216583E+01  0.13683600E+02  0.92216671E+00 -0.23308894E+00  0.64320162E-01  0.14714859E+01  0.49765161E-02  0.63125357E-01  0.32084666E-01  0.61107588E+00  0.16763040E+00  0.22094806E+00  0.24606352E-04  0.64106140E+01
   0.69230475E-01  0.16469101E+02  0.56342956E-01 -0.15841749E-01  0.72496662E+01  0.40290275E+01  0.36936036E+00  0.56538993E+00  0.23096666E+01  0.12955294E+02  0.91640252E+00 -0.23284099E+00  0.63903958E-01  0.14735051E+01  0.49610892E-02  0.67046471E-01  0.35443053E-01  0.61281574E+00  0.15790832E+00  0.21073012E+00  0.24499832E-04  0.63978882E+01
   0.74018866E-01  0.17608200E+02  0.57532471E-01 -0.16155748E-01  0.72473998E+01  0.40276413E+01  0.37380549E+00  0.56495929E+00  0.22022536E+01  0.12258015E+02  0.91024226E+00 -0.23257272E+00  0.63463293E-01  0.14759003E+01  0.49462756E-02  0.71128234E-01  0.38853567E-01  0.61417437E+00  0.14874694E+00  0.20092994E+00  0.24385852E-04  0.63844910E+01
   0.79136401E-01  0.18825600E+02  0.58720905E-01 -0.16467733E-01  0.72451959E+01  0.40262642E+01  0.37848437E+00  0.56430614E+00  0.20994260E+01  0.11591365E+02  0.90367115E+00 -0.23228185E+00  0.62996201E-01  0.14784212E+01  0.49325479E-02  0.75387903E-01  0.42327065E-01  0.61515307E+00  0.14012210E+00  0.19154812E+00  0.24279781E-04  0.63703308E+01
   0.84608309E-01  0.20127300E+02  0.59908159E-01 -0.16777581E-01  0.72430549E+01  0.40248966E+01  0.38340616E+00  0.56343246E+00  0.20010691E+01  0.10954228E+02  0.89668530E+00 -0.23196694E+00  0.62501363E-01  0.14806874E+01  0.49203127E-02  0.79839960E-01  0.45874152E-01  0.61572558E+00  0.13200182E+00  0.18257420E+00  0.24160994E-04  0.63554077E+01
   0.90456016E-01  0.21518400E+02  0.61092988E-01 -0.17084865E-01  0.72409811E+01  0.40235400E+01  0.38857448E+00  0.56234103E+00  0.19071531E+01  0.10346107E+02  0.88919902E+00 -0.23161782E+00  0.61975215E-01  0.14828875E+01  0.49098749E-02  0.84492564E-01  0.49501806E-01  0.61585951E+00  0.12436352E+00  0.17400546E+00  0.24036108E-04  0.63396606E+01
   0.96708536E-01  0.23005800E+02  0.62275469E-01 -0.17389501E-01  0.72389765E+01  0.40221925E+01  0.39399680E+00  0.56103319E+00  0.18175347E+01  0.97658224E+01  0.88115931E+00 -0.23123065E+00  0.61415516E-01  0.14857526E+01  0.49016108E-02  0.89344457E-01  0.53213734E-01  0.61548537E+00  0.11717722E+00  0.16582882E+00  0.23919205E-04  0.63230286E+01
   0.10339109E+00  0.24595499E+02  0.63454680E-01 -0.17691139E-01  0.72370453E+01  0.40208549E+01  0.39967325E+00  0.55951101E+00  0.17321433E+01  0.92127123E+01  0.87256163E+00 -0.23080918E+00  0.60822219E-01  0.14890001E+01  0.48958068E-02  0.94374582E-01  0.57002839E-01  0.61449039E+00  0.11042085E+00  0.15803786E+00  0.23784292E-04  0.63054199E+01
   0.11053395E+00  0.26294701E+02  0.64630441E-01 -0.17989624E-01  0.72351890E+01  0.40195265E+01  0.40560460E+00  0.55777520E+00  0.16508490E+01  0.86857910E+01  0.86341172E+00 -0.23035382E+00  0.60194012E-01  0.14919084E+01  0.48929686E-02  0.99595577E-01  0.60880579E-01  0.61284214E+00  0.10406917E+00  0.15062070E+00  0.23646822E-04  0.62868042E+01
   0.11817116E+00  0.28111500E+02  0.65802865E-01 -0.18284859E-01  0.72334089E+01  0.40182066E+01  0.41179043E+00  0.55582547E+00  0.15735013E+01  0.81839781E+01  0.85367012E+00 -0.22985940E+00  0.59528120E-01  0.14951208E+01  0.48936871E-02  0.10499647E+00  0.64845599E-01  0.61045182E+00  0.98097026E-01  0.14356363E+00  0.23510102E-04  0.62670898E+01
   0.12633677E+00  0.30054001E+02  0.66971801E-01 -0.18576678E-01  0.72317066E+01  0.40168943E+01  0.41822562E+00  0.55366141E+00  0.14999698E+01  0.77063718E+01  0.84324712E+00 -0.22931671E+00  0.58820829E-01  0.14989562E+01  0.48979735E-02  0.11059429E+00  0.68910703E-01  0.60728920E+00  0.92482321E-01  0.13685474E+00  0.23364672E-04  0.62461853E+01
   0.13506356E+00  0.32130001E+02  0.68136744E-01 -0.18864822E-01  0.72300863E+01  0.40155892E+01  0.42489901E+00  0.55128247E+00  0.14301441E+01  0.72522392E+01  0.83203501E+00 -0.22871386E+00  0.58067754E-01  0.15027502E+01  0.49064457E-02  0.11637956E+00  0.73075153E-01  0.60325438E+00  0.87205894E-01  0.13048396E+00  0.23217332E-04  0.62240295E+01
   0.14438307E+00  0.34347000E+02  0.69297023E-01 -0.19148977E-01  0.72285523E+01  0.40142908E+01  0.43179277E+00  0.54868853E+00  0.13639230E+01  0.68209329E+01  0.82005882E+00 -0.22805575E+00  0.57269063E-01  0.15067060E+01  0.49198228E-02  0.12232958E+00  0.77331267E-01  0.59825140E+00  0.82250148E-01  0.12444205E+00  0.23061486E-04  0.62005615E+01
   0.15435836E+00  0.36720001E+02  0.70455544E-01 -0.19429702E-01  0.72271028E+01  0.40129948E+01  0.43890560E+00  0.54587007E+00  0.13010106E+01  0.64105668E+01  0.80732381E+00 -0.22734576E+00  0.56423075E-01  0.15114074E+01  0.49383845E-02  0.12847348E+00  0.81701465E-01  0.59226179E+00  0.77584095E-01  0.11870203E+00  0.22898359E-04  0.61755981E+01
   0.16501462E+00  0.39255001E+02  0.71610443E-01 -0.19706376E-01  0.72257414E+01  0.40117016E+01  0.44620103E+00  0.54282796E+00  0.12413844E+01  0.60210562E+01  0.79371536E+00 -0.22657493E+00  0.55526257E-01  0.15162477E+01  0.49626683E-02  0.13476041E+00  0.86161897E-01  0.58513993E+00  0.73198147E-01  0.11326184E+00  0.22730668E-04  0.61491089E+01
   0.17641495E+00  0.41966999E+02  0.72764039E-01 -0.19979360E-01  0.72244711E+01  0.40104084E+01  0.45366079E+00  0.53955191E+00  0.11848109E+01  0.56509495E+01  0.77907056E+00 -0.22572033E+00  0.54570753E-01  0.15211053E+01  0.49931286E-02  0.14120387E+00  0.90724602E-01  0.57679814E+00  0.69067769E-01  0.10810017E+00  0.22556529E-04  0.61209412E+01
   0.18859716E+00  0.44865002E+02  0.73915705E-01 -0.20248313E-01  0.72232971E+01  0.40091128E+01  0.46124148E+00  0.53603846E+00  0.11312093E+01  0.52998233E+01  0.76348805E+00 -0.22479191E+00  0.53558152E-01  0.15266538E+01  0.50303270E-02  0.14778885E+00  0.95383830E-01  0.56721503E+00  0.65180466E-01  0.10320964E+00  0.22371889E-04  0.60910034E+01
   0.20161168E+00  0.47960999E+02  0.75066186E-01 -0.20513183E-01  0.72222204E+01  0.40078130E+01  0.46889976E+00  0.53228009E+00  0.10804420E+01  0.49668803E+01  0.74684554E+00 -0.22377867E+00  0.52483156E-01  0.15325620E+01  0.50750766E-02  0.15447946E+00  0.10012443E+00  0.55630887E+00  0.61520111E-01  0.98577715E-01  0.22184660E-04  0.60592041E+01
   0.21553421E+00  0.51273003E+02  0.76218210E-01 -0.20774350E-01  0.72212467E+01  0.40065041E+01  0.47659609E+00  0.52826142E+00  0.10323005E+01  0.46508603E+01  0.72902030E+00 -0.22266322E+00  0.51339373E-01  0.15391276E+01  0.51280465E-02  0.16126949E+00  0.10494637E+00  0.54398346E+00  0.58065932E-01  0.94185367E-01  0.21996893E-04  0.60253296E+01
   0.23040256E+00  0.54810001E+02  0.77371188E-01 -0.21031408E-01  0.72203798E+01  0.40051837E+01  0.48425871E+00  0.52397764E+00  0.98673004E+00  0.43515053E+01  0.71009105E+00 -0.22145973E+00  0.50129179E-01  0.15466193E+01  0.51897871E-02  0.16811100E+00  0.10982379E+00  0.53017879E+00  0.54808673E-01  0.90027601E-01  0.21793119E-04  0.59893188E+01
   0.24631760E+00  0.58596001E+02  0.78529507E-01 -0.21285016E-01  0.72196231E+01  0.40038452E+01  0.49183536E+00  0.51940489E+00  0.94349885E+00  0.40673842E+01  0.68982714E+00 -0.22014576E+00  0.48842914E-01  0.15539297E+01  0.52613677E-02  0.17495421E+00  0.11473544E+00  0.51474696E+00  0.51726457E-01  0.86083256E-01  0.21578027E-04  0.59509277E+01
   0.26331720E+00  0.62640003E+02  0.79692751E-01 -0.21534722E-01  0.72189856E+01  0.40024867E+01  0.49922794E+00  0.51453716E+00  0.90257674E+00  0.37983828E+01  0.66818678E+00 -0.21871124E+00  0.47478464E-01  0.15611700E+01  0.53437692E-02  0.18177313E+00  0.11966187E+00  0.49766394E+00  0.48812084E-01  0.82349591E-01  0.21362088E-04  0.59100952E+01
   0.28148961E+00  0.66963005E+02  0.80864273E-01 -0.21780850E-01  0.72184739E+01  0.40011015E+01  0.50634670E+00  0.50935292E+00  0.86381412E+00  0.35435781E+01  0.64503616E+00 -0.21713935E+00  0.46028465E-01  0.15688293E+01  0.54380354E-02  0.18850610E+00  0.12456863E+00  0.47882295E+00  0.46049714E-01  0.78812957E-01  0.21133401E-04  0.58665771E+01
   0.30091050E+00  0.71583000E+02  0.82046650E-01 -0.22023462E-01  0.72180996E+01  0.39996831E+01  0.51307845E+00  0.50383347E+00  0.82711607E+00  0.33023872E+01  0.62029582E+00 -0.21542424E+00  0.44489566E-01  0.15775534E+01  0.55451966E-02  0.19508138E+00  0.12941173E+00  0.45817819E+00  0.43427285E-01  0.75464688E-01  0.20896638E-04  0.58202515E+01
   0.32168078E+00  0.76524002E+02  0.83244212E-01 -0.22262897E-01  0.72178726E+01  0.39982204E+01  0.51929957E+00  0.49795237E+00  0.79236418E+00  0.30740466E+01  0.59391010E+00 -0.21356183E+00  0.42857528E-01  0.15876635E+01  0.56669051E-02  0.20143531E+00  0.13414922E+00  0.43567735E+00  0.40930755E-01  0.72293982E-01  0.20652200E-04  0.57708740E+01
   0.34387609E+00  0.81804001E+02  0.84460132E-01 -0.22499135E-01  0.72178073E+01  0.39967051E+01  0.52485770E+00  0.49168846E+00  0.75950718E+00  0.28582048E+01  0.56574124E+00 -0.21152437E+00  0.41124783E-01  0.15975584E+01  0.58048004E-02  0.20749217E+00  0.13872820E+00  0.41132018E+00  0.38550507E-01  0.69296166E-01  0.20390331E-04  0.57182617E+01
   0.36760998E+00  0.87449997E+02  0.85700162E-01 -0.22732526E-01  0.72179213E+01  0.39951248E+01  0.52958637E+00  0.48500881E+00  0.72845930E+00  0.26542399E+01  0.53562021E+00 -0.20929000E+00  0.39284401E-01  0.16079834E+01  0.59610279E-02  0.21306938E+00  0.14303853E+00  0.38499245E+00  0.36273606E-01  0.66463411E-01  0.20117324E-04  0.56621704E+01
   0.39297062E+00  0.93482994E+02  0.86969592E-01 -0.22963136E-01  0.72182374E+01  0.39934638E+01  0.53328413E+00  0.47788522E+00  0.69919723E+00  0.24618900E+01  0.50347179E+00 -0.20684643E+00  0.37331916E-01  0.16191865E+01  0.61378353E-02  0.21804999E+00  0.14699711E+00  0.35673621E+00  0.34090653E-01  0.63793585E-01  0.19831437E-04  0.56024475E+01
   0.42009684E+00  0.99936005E+02  0.88277206E-01 -0.23191430E-01  0.72187829E+01  0.39917016E+01  0.53572655E+00  0.47027239E+00  0.67167032E+00  0.22806523E+01  0.46910945E+00 -0.20416281E+00  0.35257377E-01  0.16308302E+01  0.63384119E-02  0.22232740E+00  0.15052253E+00  0.32659659E+00  0.31988692E-01  0.61282076E-01  0.19527914E-04  0.55387573E+01
   0.44907689E+00  0.10683000E+03  0.89630984E-01 -0.23417402E-01  0.72195950E+01  0.39898148E+01  0.53664690E+00  0.46213558E+00  0.64591843E+00  0.21105387E+01  0.43248224E+00 -0.20122918E+00  0.33059459E-01  0.16432245E+01  0.65661361E-02  0.22567216E+00  0.15346037E+00  0.29463923E+00  0.29959626E-01  0.58932517E-01  0.19205687E-04  0.54709473E+01
   0.48006207E+00  0.11420100E+03  0.91044053E-01 -0.23641525E-01  0.72207174E+01  0.39877691E+01  0.53574061E+00  0.45341659E+00  0.62196589E+00  0.19513547E+01  0.39347059E+00 -0.19802493E+00  0.30730417E-01  0.16569554E+01  0.68257418E-02  0.22790429E+00  0.15567721E+00  0.26099667E+00  0.27991239E-01  0.56747127E-01  0.18860059E-04  0.53987122E+01
   0.51319104E+00  0.12208199E+03  0.92532232E-01 -0.23864068E-01  0.72222133E+01  0.39855182E+01  0.53264916E+00  0.44405282E+00  0.59991223E+00  0.18032705E+01  0.35181031E+00 -0.19449736E+00  0.28259305E-01  0.16711234E+01  0.71232356E-02  0.22873424E+00  0.15697475E+00  0.22582993E+00  0.26072962E-01  0.54734990E-01  0.18487468E-04  0.53217773E+01
   0.54859012E+00  0.13050301E+03  0.94115458E-01 -0.24085151E-01  0.72241669E+01  0.39830041E+01  0.52695501E+00  0.43397343E+00  0.57994229E+00  0.16668324E+01  0.30735400E+00 -0.19060203E+00  0.25640171E-01  0.16843971E+01  0.74660382E-02  0.22784933E+00  0.15713294E+00  0.18942648E+00  0.24195073E-01  0.52912965E-01  0.18078548E-04  0.52399597E+01
   0.58643568E+00  0.13950601E+03  0.95823035E-01 -0.24305057E-01  0.72266998E+01  0.39801397E+01  0.51816136E+00  0.42307526E+00  0.56232327E+00  0.15428772E+01  0.25997472E+00 -0.18629961E+00  0.22865884E-01  0.16984309E+01  0.78643607E-02  0.22495760E+00  0.15593436E+00  0.15221788E+00  0.22345204E-01  0.51305436E-01  0.17622884E-04  0.51529236E+01
   0.62690425E+00  0.14913300E+03  0.97695343E-01 -0.24523785E-01  0.72299843E+01  0.39767940E+01  0.50567466E+00  0.41122666E+00  0.54749727E+00  0.14330282E+01  0.20942512E+00 -0.18151078E+00  0.19926228E-01  0.17130032E+01  0.83322311E-02  0.21960409E+00  0.15307070E+00  0.11473180E+00  0.20510953E-01  0.49952734E-01  0.17111755E-04  0.50605164E+01
   0.67014730E+00  0.15942000E+03  0.99789105E-01 -0.24740653E-01  0.72342858E+01  0.39727731E+01  0.48879132E+00  0.39825749E+00  0.53617781E+00  0.13401730E+01  0.15557037E+00 -0.17615654E+00  0.16815612E-01  0.17266303E+01  0.88886851E-02  0.21133113E+00  0.14822610E+00  0.77806443E-01  0.18680196E-01  0.48919968E-01  0.16520815E-04  0.49626160E+01
   0.71637917E+00  0.17041800E+03  0.10219362E+00 -0.24954220E-01  0.72400212E+01  0.39677606E+01  0.46663189E+00  0.38390067E+00  0.52949637E+00  0.12691107E+01  0.98285615E-01 -0.17013356E+00  0.13527493E-01  0.17386169E+01  0.95616635E-02  0.19961934E+00  0.14105563E+00  0.42565655E-01  0.16836440E-01  0.48310362E-01  0.15822965E-04  0.48591919E+01
   0.76580155E+00  0.18217500E+03  0.10504963E+00 -0.25160586E-01  0.72478976E+01  0.39612222E+01  0.43810815E+00  0.36774898E+00  0.52935284E+00  0.12284617E+01  0.37353490E-01 -0.16323787E+00  0.10053363E-01  0.17467502E+01  0.10392090E-01  0.18387030E+00  0.13119456E+00  0.10611648E-01  0.14960690E-01  0.48297271E-01  0.14969150E-04  0.47506104E+01
   0.81862897E+00  0.19474200E+03  0.10859640E+00 -0.25350267E-01  0.72591977E+01  0.39521875E+01  0.40182966E+00  0.34910572E+00  0.53903025E+00  0.12341093E+01 -0.27356651E-01 -0.15511547E+00  0.63895159E-02  0.17470386E+01  0.11441171E-01  0.16342190E+00  0.11829994E+00 -0.15757876E-01  0.13027189E-01  0.49180221E-01  0.13868955E-04  0.46377563E+01
   0.87510091E+00  0.20817601E+03  0.11327379E+00 -0.25499657E-01  0.72764988E+01  0.39387369E+01  0.35596558E+00  0.32663473E+00  0.56436265E+00  0.13168545E+01 -0.95748842E-01 -0.14489390E+00  0.25544164E-02  0.17289886E+01  0.12797641E-01  0.13757692E+00  0.10211428E+00 -0.33181004E-01  0.10996301E-01  0.51491506E-01  0.12371599E-04  0.45229492E+01
   0.93546963E+00  0.22253700E+03  0.11995605E+00 -0.25545593E-01  0.73056417E+01  0.39167371E+01  0.29811838E+00  0.29741290E+00  0.61522859E+00  0.15382303E+01 -0.16533272E+00 -0.13040951E+00 -0.13101753E-02  0.16680079E+01  0.14555220E-01  0.10586589E+00  0.82555801E-01 -0.36808364E-01  0.89106048E-02  0.56132428E-01  0.10197970E-04  0.44121704E+01
   0.10000000E+01  0.23788800E+03  0.13051273E+00 -0.25305787E-01  0.73619142E+01  0.38765090E+01  0.22549658E+00  0.25407729E+00  0.70041460E+00  0.20052941E+01 -0.22243351E+00 -0.10727588E+00 -0.46551446E-02  0.15100334E+01  0.16555766E-01  0.69253542E-01  0.59572745E-01 -0.21659141E-01  0.75191050E-02  0.63904658E-01  0.71878312E-05  0.43216248E+01
   0.10689820E+01  0.25429800E+03  0.14910030E+00 -0.24214536E-01  0.74917760E+01  0.37946317E+01  0.13637514E+00  0.17708308E+00  0.74809152E+00  0.26536312E+01 -0.21418147E+00 -0.69110900E-01 -0.60032024E-02  0.11322199E+01  0.16677430E-01  0.31138008E-01  0.30494284E-01  0.14904748E-02  0.54241242E-02  0.68254620E-01  0.87421649E-05  0.43010254E+01
   0.11427184E+01  0.27183899E+03  0.18299872E+00 -0.20551305E-01  0.78342547E+01  0.36251426E+01  0.41869950E-01  0.51057074E-01  0.26198128E+00  0.15595455E+01 -0.83711214E-01 -0.17186280E-01 -0.24218599E-02  0.31069258E+00  0.63147051E-02  0.54552420E-02  0.58269678E-02  0.18889302E-02  0.15193946E-02  0.23902735E-01  0.21844282E-04  0.44962158E+01
   0.12215496E+01  0.29059201E+03  0.20439248E+00 -0.16057175E-01  0.83365383E+01  0.34904542E+01  0.73682489E-02  0.98850466E-02  0.26526658E-01  0.37200123E+00 -0.93450649E-02 -0.15701299E-02 -0.39514591E-03  0.33226836E-01  0.26502609E-02  0.33635201E-03  0.37974276E-03  0.28880156E-03  0.23140527E-03  0.24202480E-02  0.33358981E-04  0.48328857E+01
   0.13058666E+01  0.31064999E+03  0.20717861E+00 -0.14149254E-01  0.85889196E+01  0.34266253E+01  0.11425249E-01  0.15646001E-01  0.10364799E-01  0.37660256E+00 -0.22829811E-02 -0.30901321E-03 -0.25751378E-03  0.23573715E-01  0.68653557E-02 -0.12262224E-03 -0.38911667E-03 -0.25979261E-04  0.28921259E-03  0.94566692E-03  0.32715623E-04  0.48950500E+01
   0.13959090E+01  0.33207001E+03  0.20794319E+00 -0.12826318E-01  0.87749596E+01  0.33670478E+01  0.16878635E-01  0.19949783E-01  0.86503010E-02  0.40750861E+00 -0.95338834E-03 -0.12776439E-03 -0.25128611E-03  0.33233609E-01  0.10929920E-01 -0.16630729E-03 -0.61850582E-03 -0.40360690E-04  0.34701146E-03  0.78923901E-03  0.29281933E-04  0.48767090E+01
   0.14921308E+01  0.35496002E+03  0.20821123E+00 -0.11771779E-01  0.89298716E+01  0.33037157E+01  0.21211028E-01  0.23113290E-01  0.81912614E-02  0.40126356E+00 -0.49117673E-03 -0.58538626E-04 -0.24759700E-03  0.44664029E-01  0.15807467E-01 -0.13634222E-03 -0.67748595E-03  0.99092096E-04  0.38146513E-03  0.74735703E-03  0.27667256E-04  0.48132629E+01
   0.15950363E+01  0.37944000E+03  0.20827106E+00 -0.10928852E-01  0.90601149E+01  0.32370241E+01  0.24674095E-01  0.25735093E-01  0.79604760E-02  0.36106971E+00 -0.37203886E-03 -0.13136701E-04 -0.23565703E-03  0.57049245E-01  0.22422306E-01 -0.94923787E-04 -0.70158381E-03  0.31570185E-03  0.39660759E-03  0.72630052E-03  0.26432261E-04  0.47098694E+01
   0.17051302E+01  0.40563004E+03  0.20820671E+00 -0.10287059E-01  0.91654310E+01  0.31685486E+01  0.27883323E-01  0.28038040E-01  0.78232642E-02  0.29985863E+00 -0.51275518E-03  0.26676562E-04 -0.22013091E-03  0.72297871E-01  0.31777918E-01 -0.71488437E-04 -0.72271237E-03  0.57559495E-03  0.39673338E-03  0.71378151E-03  0.25141033E-04  0.45648193E+01
   0.18227905E+01  0.43362000E+03  0.20807703E+00 -0.98318039E-02  0.92449389E+01  0.31012292E+01  0.31757601E-01  0.30100379E-01  0.77688140E-02  0.23376426E+00 -0.86989632E-03  0.62570289E-04 -0.20842958E-03  0.92753336E-01  0.44884097E-01 -0.98710116E-04 -0.76853548E-03  0.88607380E-03  0.38813392E-03  0.70881360E-03  0.23676037E-04  0.43758240E+01
   0.19483957E+01  0.46349997E+03  0.20793909E+00 -0.95284339E-02  0.93004532E+01  0.30400779E+01  0.37087012E-01  0.31922638E-01  0.77942461E-02  0.17424811E+00 -0.13832189E-02  0.91136506E-04 -0.20657014E-03  0.11812814E+00  0.62419496E-01 -0.19845380E-03 -0.85041928E-03  0.12828065E-02  0.37754228E-03  0.71113399E-03  0.22082257E-04  0.41429138E+01
   0.20828290E+01  0.49548001E+03  0.20783068E+00 -0.93287108E-02  0.93370953E+01  0.29906437E+01  0.43930411E-01  0.33491105E-01  0.78843953E-02  0.12714042E+00 -0.15988604E-02  0.10529956E-03 -0.22253607E-03  0.14750142E+00  0.84752023E-01 -0.33468232E-03 -0.93160151E-03  0.16842094E-02  0.37014586E-03  0.71935903E-03  0.20494748E-04  0.38681641E+01
   0.22264678E+01  0.52965002E+03  0.20776294E+00 -0.91868462E-02  0.93613472E+01  0.29546492E+01  0.51046249E-01  0.34786250E-01  0.80031184E-02  0.95959373E-01 -0.47372465E-03  0.94069597E-04 -0.27337915E-03  0.18785009E+00  0.11240513E+00 -0.38852982E-03 -0.89820119E-03  0.16674021E-02  0.36795842E-03  0.73019112E-03  0.19032801E-04  0.35568542E+01
   0.23800697E+01  0.56619000E+03  0.20772913E+00 -0.90622799E-02  0.93792973E+01  0.29271934E+01  0.56052294E-01  0.35747748E-01  0.80830362E-02  0.81030220E-01  0.13349382E-02  0.49400973E-04 -0.37437203E-03  0.23171207E+00  0.14725827E+00 -0.31810516E-03 -0.66923141E-03  0.75974560E-03  0.36873645E-03  0.73748268E-03  0.17736882E-04  0.32140808E+01
   0.25442646E+01  0.60525000E+03  0.20771627E+00 -0.89110527E-02  0.93958588E+01  0.29004047E+01  0.56755848E-01  0.36295027E-01  0.80566108E-02  0.80910437E-01  0.12783087E-02 -0.90405211E-06 -0.50052057E-03  0.25192955E+00  0.19378354E+00 -0.19354603E-03 -0.33516847E-03 -0.69033331E-03  0.36936981E-03  0.73507166E-03  0.16551414E-04  0.28446045E+01
   0.27196832E+01  0.64698004E+03  0.20771392E+00 -0.86674420E-02  0.94160252E+01  0.28639181E+01  0.52706156E-01  0.36468312E-01  0.79200957E-02  0.97275458E-01 -0.47761560E-03 -0.22039570E-04 -0.56067837E-03  0.23921399E+00  0.26114571E+00 -0.65350861E-04 -0.89611189E-04 -0.16233615E-02  0.37139529E-03  0.72261627E-03  0.15378511E-04  0.24537048E+01
   0.29073346E+01  0.69162000E+03  0.20771515E+00 -0.82273530E-02  0.94477434E+01  0.27993824E+01  0.45936517E-01  0.36493000E-01  0.77501349E-02  0.13556895E+00 -0.11932087E-02 -0.18847682E-04 -0.52601652E-03  0.21261273E+00  0.36698550E+00 -0.77270015E-04 -0.81586448E-04 -0.16269537E-02  0.38276656E-03  0.70710934E-03  0.14171892E-04  0.20500488E+01
   0.31078489E+01  0.73932001E+03  0.20770980E+00 -0.74557001E-02  0.95053272E+01  0.26843891E+01  0.40152244E-01  0.36677647E-01  0.76321643E-02  0.20265265E+00 -0.89034165E-03 -0.76433962E-05 -0.44227293E-03  0.17242804E+00  0.53930026E+00 -0.22830417E-03 -0.25063849E-03 -0.13400883E-02  0.41416526E-03  0.69634593E-03  0.12992978E-04  0.16502991E+01
   0.33222358E+01  0.79032007E+03  0.20767896E+00 -0.62548472E-02  0.96106291E+01  0.25178678E+01  0.38636625E-01  0.37318058E-01  0.75835367E-02  0.31460676E+00 -0.51035389E-03  0.30183887E-05 -0.36100246E-03  0.13361230E+00  0.80320537E+00 -0.31965569E-03 -0.42268046E-03 -0.12102748E-02  0.47459314E-03  0.69190923E-03  0.12004365E-04  0.12740479E+01
   0.35513773E+01  0.84483002E+03  0.20760289E+00 -0.46826033E-02  0.97848673E+01  0.23133483E+01  0.41743413E-01  0.38399436E-01  0.74902778E-02  0.48952362E+00 -0.28482205E-03  0.11719602E-04 -0.29544628E-03  0.99862240E-01  0.11492651E+01 -0.29852166E-03 -0.51987945E-03 -0.11704883E-02  0.56126737E-03  0.68340043E-03  0.11286816E-04  0.93807983E+00
   0.37962823E+01  0.90309003E+03  0.20746934E+00 -0.29252830E-02  0.10038889E+02  0.21158688E+01  0.46354085E-01  0.39551172E-01  0.71838405E-02  0.70505816E+00 -0.23051561E-03  0.17926812E-04 -0.22920885E-03  0.66658027E-01  0.15466951E+01 -0.20966082E-03 -0.50445553E-03 -0.10452342E-02  0.65238232E-03  0.65544160E-03  0.10792354E-04  0.64315796E+00
   0.40580864E+01  0.96537006E+03  0.20727323E+00 -0.11669465E-02  0.10376755E+02  0.19490097E+01  0.50230008E-01  0.40481329E-01  0.66227852E-02  0.92077768E+00 -0.19684430E-03  0.20876423E-04 -0.16468159E-03  0.43244071E-01  0.19771819E+01 -0.12145032E-03 -0.39385480E-03 -0.82806486E-03  0.73061214E-03  0.60425187E-03  0.10507501E-04  0.38653564E+00
   0.43380499E+01  0.10319700E+04  0.20701376E+00  0.45991721E-03  0.10800060E+02  0.17979603E+01  0.52804813E-01  0.41047856E-01  0.58838511E-02  0.11088707E+01 -0.16081487E-03  0.20853011E-04 -0.11033759E-03  0.30729691E-01  0.24290273E+01 -0.60464812E-04 -0.21467089E-03 -0.58523420E-03  0.78922848E-03  0.53683273E-03  0.10412910E-04  0.16943359E+00
   0.46371822E+01  0.11031300E+04  0.20669559E+00  0.18793102E-02  0.11307403E+02  0.16443971E+01  0.54053791E-01  0.41194424E-01  0.50790925E-02  0.12514299E+01 -0.12222996E-03  0.18856390E-04 -0.70274051E-04  0.24244595E-01  0.28891952E+01 -0.23531933E-04  0.16458765E-04 -0.35556810E-03  0.82584913E-03  0.46340792E-03  0.10387562E-04 -0.87890625E-02
   0.49571228E+01  0.11792400E+04  0.20632765E+00  0.30708867E-02  0.11895747E+02  0.14739310E+01  0.54055534E-01  0.40920649E-01  0.42959950E-02  0.13383993E+01 -0.98991623E-04  0.15928528E-04 -0.43428099E-04  0.20392062E-01  0.33462794E+01 -0.28419565E-05  0.27904878E-03 -0.15912956E-03  0.84033539E-03  0.39195942E-03  0.10252222E-04 -0.15255737E+00
   0.52990065E+01  0.12605701E+04  0.20592245E+00  0.40513929E-02  0.12558963E+02  0.12775284E+01  0.52909553E-01  0.40261205E-01  0.35836902E-02  0.13668718E+01 -0.91685950E-04  0.12788074E-04 -0.26652417E-04  0.17216841E-01  0.37909262E+01  0.77279446E-05  0.54596423E-03 -0.63968500E-05  0.83412358E-03  0.32696989E-03  0.98315886E-05 -0.26910400E+00
   0.56644721E+01  0.13475100E+04  0.20549588E+00  0.48623262E-02  0.13290462E+02  0.10584188E+01  0.50710849E-01  0.39269429E-01  0.29586602E-02  0.13401891E+01 -0.85588195E-04  0.98740156E-05 -0.16621831E-04  0.13673919E-01  0.42179456E+01  0.12187602E-04  0.78856526E-03  0.99185956E-04  0.80976466E-03  0.26994321E-03  0.90138665E-05 -0.36935425E+00
   0.60551605E+01  0.14404501E+04  0.20506084E+00  0.55522686E-02  0.14083328E+02  0.83614010E+00  0.47596857E-01  0.38007017E-01  0.24201856E-02  0.12671397E+01 -0.99680685E-04  0.73165920E-05 -0.10678015E-04  0.97234240E-02  0.46249175E+01  0.12928289E-04  0.98116382E-03  0.15827277E-03  0.77074359E-03  0.22081369E-03  0.78130752E-05 -0.46752930E+00
   0.64727101E+01  0.15397800E+04  0.20463580E+00  0.61650062E-02  0.14931103E+02  0.63528448E+00  0.43779910E-01  0.36542166E-01  0.19610736E-02  0.11610982E+01 -0.97793920E-04  0.52123823E-05 -0.71110248E-05  0.61501130E-02  0.50110402E+01  0.11400149E-04  0.11039613E-02  0.17477901E-03  0.72142319E-03  0.17892508E-03  0.63753705E-05 -0.57824707E+00
   0.69191380E+01  0.16459800E+04  0.20423140E+00  0.67314408E-02  0.15829968E+02  0.47342619E+00  0.39626446E-01  0.34952503E-01  0.15735707E-02  0.10399861E+01 -0.89088266E-04  0.35768542E-05 -0.48316997E-05  0.33980927E-02  0.53757710E+01  0.86546861E-05  0.11469389E-02  0.15719260E-03  0.66729897E-03  0.14356995E-03  0.49213108E-05 -0.71322632E+00
   0.73963375E+01  0.17595000E+04  0.20385890E+00  0.72644874E-02  0.16778622E+02  0.36124954E+00  0.35646304E-01  0.33335347E-01  0.12525759E-02  0.92370480E+00 -0.86894834E-04  0.23653529E-05 -0.32600835E-05  0.15499677E-02  0.57162790E+01  0.56815443E-05  0.11131020E-02  0.12003160E-03  0.61464217E-03  0.11428294E-03  0.36727572E-05 -0.88021851E+00
   0.79065776E+01  0.18808799E+04  0.20352282E+00  0.77598915E-02  0.17780191E+02  0.30058748E+00  0.32322496E-01  0.31804115E-01  0.99486834E-03  0.82839763E+00 -0.78239558E-04  0.15335464E-05 -0.21477219E-05  0.52903895E-03  0.60267124E+01  0.32510966E-05  0.10170240E-02  0.79524267E-04  0.56901749E-03  0.90770125E-04  0.27744832E-05 -0.10819092E+01
   0.84518766E+01  0.20106000E+04  0.20322610E+00  0.82013886E-02  0.18840765E+02  0.28030685E+00  0.29898439E-01  0.30467045E-01  0.79672318E-03  0.76102310E+00 -0.67494904E-04  0.98553187E-06 -0.13672562E-05  0.10784417E-03  0.62992554E+01  0.16608875E-05  0.87772275E-03  0.46794972E-04  0.53354504E-03  0.72691691E-04  0.22209431E-05 -0.13151245E+01
   0.90347557E+01  0.21492600E+04  0.20297056E+00  0.85711377E-02  0.19969519E+02  0.27853307E+00  0.28319752E-01  0.29389562E-01  0.65119908E-03  0.71898144E+00 -0.29693329E-04  0.64013500E-06 -0.85178266E-06  0.70308756E-05  0.65281205E+01  0.78493082E-06  0.71322394E-03  0.25155525E-04  0.50825812E-03  0.59414317E-04  0.18846847E-05 -0.15728455E+01
   0.96578636E+01  0.22974900E+04  0.20276026E+00  0.88572018E-02  0.21175348E+02  0.27848202E+00  0.27377255E-01  0.28583325E-01  0.54890238E-03  0.69499838E+00 -0.19562562E-04  0.39970575E-06 -0.49800974E-06  0.14850869E-06  0.67113657E+01  0.35723565E-06  0.54043118E-03  0.12870508E-04  0.49126177E-03  0.50080936E-04  0.16300470E-05 -0.18495178E+01
   0.10323977E+02  0.24559500E+04  0.20260172E+00  0.90562385E-02  0.22465147E+02  0.27848491E+00  0.26847029E-01  0.28021626E-01  0.48034126E-03  0.68165773E+00 -0.12688855E-04  0.23058051E-06 -0.26730476E-06  0.98927844E-08  0.68498859E+01  0.16013564E-06  0.37300732E-03  0.65523068E-05  0.48017243E-03  0.43825534E-04  0.13688988E-05 -0.21445312E+01
   0.11035992E+02  0.26253298E+04  0.20250188E+00  0.91726473E-02  0.23843481E+02  0.27847713E+00  0.26577676E-01  0.27667372E-01  0.43800694E-03  0.67428535E+00 -0.43315602E-04  0.10563120E-06 -0.11534478E-06 -0.57199032E-08  0.69445939E+01  0.68708125E-07  0.21797912E-03  0.32847688E-05  0.47324982E-03  0.39963023E-04  0.88499354E-06 -0.24602356E+01
   0.11797190E+02  0.28064099E+04  0.20246020E+00  0.92187058E-02  0.25315025E+02  0.27848926E+00  0.26460640E-01  0.27492112E-01  0.41729654E-03  0.67047685E+00 -0.28951465E-04  0.29140500E-07 -0.30644522E-07 -0.39269597E-07  0.69944367E+01  0.20120607E-07  0.73137802E-04  0.10896053E-05  0.46950931E-03  0.38073438E-04  0.27019351E-06 -0.27997437E+01
   0.12610850E+02  0.29999700E+04  0.20246020E+00  0.92187058E-02  0.26886200E+02  0.27849951E+00  0.26460640E-01  0.27492110E-01  0.41729654E-03  0.67047691E+00  0.84763272E-02  0.00000000E+00  0.00000000E+00 -0.64763361E-06  0.69944372E+01  0.20136490E-07  0.73137817E-04  0.10902465E-05  0.46887278E-03  0.38073438E-04  0.27019351E-06 -0.31644287E+01
