   0.94829255E-03  0.46985999E+00  0.75255837E-02 -0.24404016E-02  0.88554840E+01  0.38757272E+01  0.22876261E+00  0.34273955E+00  0.83378143E+01  0.12988121E+03  0.10001342E+01 -0.15051405E+00  0.51597141E-01  0.19589524E+01  0.49804342E-02 -0.70792402E-06 -0.52473700E-06 -0.23436671E-06  0.71067405E+01  0.10368526E+01  0.35494388E-04  0.81860046E+01
   0.10199806E-02  0.50537997E+00  0.77108317E-02 -0.25004740E-02  0.88560791E+01  0.38754425E+01  0.22876261E+00  0.34334657E+00  0.82963772E+01  0.12895151E+03  0.99874198E+00 -0.15098792E+00  0.51754933E-01  0.19672755E+01  0.50156359E-02  0.27353346E-01 -0.11586922E-01  0.71500927E+00  0.66214185E+01  0.10316997E+01  0.35339141E-04  0.81862793E+01
   0.10965730E-02  0.54332995E+00  0.79074381E-02 -0.25642191E-02  0.88567085E+01  0.38751402E+01  0.22876137E+00  0.34398612E+00  0.82525702E+01  0.12800066E+03  0.99881703E+00 -0.15099002E+00  0.51745716E-01  0.19703184E+01  0.50563156E-02  0.27184596E-01 -0.11479999E-01  0.70349747E+00  0.61728315E+01  0.10262520E+01  0.35173271E-04  0.81865845E+01
   0.11784331E-02  0.58389002E+00  0.81160804E-02 -0.26318547E-02  0.88573742E+01  0.38748190E+01  0.22875975E+00  0.34465966E+00  0.82062702E+01  0.12699821E+03  0.99857181E+00 -0.15098590E+00  0.51733784E-01  0.19711224E+01  0.50998568E-02  0.27285976E-01 -0.11227079E-01  0.70321608E+00  0.57576795E+01  0.10204943E+01  0.35776517E-04  0.81868896E+01
   0.12659845E-02  0.62726998E+00  0.83375573E-02 -0.27036374E-02  0.88580799E+01  0.38744783E+01  0.22876005E+00  0.34536880E+00  0.81573353E+01  0.12594205E+03  0.99842107E+00 -0.15098359E+00  0.51721711E-01  0.19706092E+01  0.51452825E-02  0.27266029E-01 -0.11023563E-01  0.70276392E+00  0.53729181E+01  0.10144091E+01  0.35981506E-04  0.81872253E+01
   0.13595908E-02  0.67365003E+00  0.85724667E-02 -0.27797581E-02  0.88588247E+01  0.38741176E+01  0.22876258E+00  0.34611446E+00  0.81056728E+01  0.12483066E+03  0.99844623E+00 -0.15098435E+00  0.51709976E-01  0.19705853E+01  0.51929574E-02  0.27247982E-01 -0.10807004E-01  0.70227742E+00  0.50161877E+01  0.10079845E+01  0.35838126E-04  0.81875610E+01
   0.14596148E-02  0.72320998E+00  0.88213636E-02 -0.28603943E-02  0.88596115E+01  0.38737352E+01  0.22876775E+00  0.34689724E+00  0.80512009E+01  0.12366299E+03  0.99820518E+00 -0.15098275E+00  0.51696606E-01  0.19718654E+01  0.52422700E-02  0.27228445E-01 -0.10580471E-01  0.70169288E+00  0.46853871E+01  0.10012107E+01  0.35931738E-04  0.81879272E+01
   0.15665415E-02  0.77618998E+00  0.90850610E-02 -0.29458054E-02  0.88604422E+01  0.38733301E+01  0.22877599E+00  0.34771848E+00  0.79937921E+01  0.12243694E+03  0.99808806E+00 -0.15098293E+00  0.51682942E-01  0.19732122E+01  0.52938899E-02  0.27210202E-01 -0.10341151E-01  0.70110881E+00  0.43782911E+01  0.99407154E+00  0.36362868E-04  0.81882935E+01
   0.16808549E-02  0.83283001E+00  0.93643004E-02 -0.30362287E-02  0.88613176E+01  0.38729012E+01  0.22878776E+00  0.34857911E+00  0.79333334E+01  0.12115081E+03  0.99789447E+00 -0.15098114E+00  0.51667806E-01  0.19723957E+01  0.53485180E-02  0.27193096E-01 -0.10088831E-01  0.70050377E+00  0.40929995E+01  0.98655319E+00  0.36463138E-04  0.81886597E+01
   0.18030393E-02  0.89336997E+00  0.96597690E-02 -0.31318825E-02  0.88622408E+01  0.38724484E+01  0.22880363E+00  0.34947985E+00  0.78697362E+01  0.11980350E+03  0.99758148E+00 -0.15097855E+00  0.51651306E-01  0.19713830E+01  0.54061972E-02  0.27176380E-01 -0.98230867E-02  0.69982839E+00  0.38278613E+01  0.97864449E+00  0.36558169E-04  0.81890564E+01
   0.19336401E-02  0.95807999E+00  0.99722324E-02 -0.32330099E-02  0.88632126E+01  0.38719697E+01  0.22882423E+00  0.35042131E+00  0.78028994E+01  0.11839376E+03  0.99744344E+00 -0.15097879E+00  0.51634647E-01  0.19729855E+01  0.54671126E-02  0.27163144E-01 -0.95423432E-02  0.69912189E+00  0.35813003E+01  0.97033298E+00  0.36608988E-04  0.81894531E+01
   0.20732624E-02  0.10272601E+01  0.10302520E-01 -0.33398736E-02  0.88642340E+01  0.38714635E+01  0.22885029E+00  0.35140419E+00  0.77327170E+01  0.11692020E+03  0.99742055E+00 -0.15098032E+00  0.51617306E-01  0.19747190E+01  0.55308482E-02  0.27154602E-01 -0.92463763E-02  0.69840866E+00  0.33518491E+01  0.96160543E+00  0.36657322E-04  0.81898804E+01
   0.22225115E-02  0.11012100E+01  0.10651377E-01 -0.34527089E-02  0.88653059E+01  0.38709292E+01  0.22888249E+00  0.35242885E+00  0.76591082E+01  0.11538212E+03  0.99744976E+00 -0.15098393E+00  0.51599573E-01  0.19760764E+01  0.55973968E-02  0.27149739E-01 -0.89341868E-02  0.69762045E+00  0.31382346E+01  0.95245177E+00  0.36656565E-04  0.81903076E+01
   0.23820538E-02  0.11802599E+01  0.11019601E-01 -0.35717685E-02  0.88664293E+01  0.38703651E+01  0.22892168E+00  0.35349548E+00  0.75819893E+01  0.11377885E+03  0.99733627E+00 -0.15098628E+00  0.51580153E-01  0.19769757E+01  0.56668012E-02  0.27151542E-01 -0.86046169E-02  0.69675374E+00  0.29392595E+01  0.94286162E+00  0.36794867E-04  0.81907349E+01
   0.25526157E-02  0.12647700E+01  0.11408024E-01 -0.36973138E-02  0.88676071E+01  0.38697710E+01  0.22896877E+00  0.35460410E+00  0.75012784E+01  0.11210983E+03  0.99702454E+00 -0.15098532E+00  0.51558141E-01  0.19771360E+01  0.57392553E-02  0.27160203E-01 -0.82576359E-02  0.69585007E+00  0.27538137E+01  0.93282479E+00  0.36927464E-04  0.81911621E+01
   0.27349237E-02  0.13551000E+01  0.11817371E-01 -0.38295693E-02  0.88688402E+01  0.38691454E+01  0.22902478E+00  0.35575435E+00  0.74169264E+01  0.11037522E+03  0.99670506E+00 -0.15098433E+00  0.51534634E-01  0.19785061E+01  0.58149011E-02  0.27176002E-01 -0.78925462E-02  0.69490218E+00  0.25809283E+01  0.92233515E+00  0.36961668E-04  0.81915894E+01
   0.29298256E-02  0.14516701E+01  0.12248509E-01 -0.39688083E-02  0.88701296E+01  0.38684864E+01  0.22909077E+00  0.35694602E+00  0.73288622E+01  0.10857487E+03  0.99632251E+00 -0.15098223E+00  0.51509194E-01  0.19799750E+01  0.58931001E-02  0.27200548E-01 -0.75090881E-02  0.69390798E+00  0.24196482E+01  0.91138387E+00  0.37022055E-04  0.81920166E+01
   0.31381084E-02  0.15548699E+01  0.12702048E-01 -0.41152164E-02  0.88714762E+01  0.38677940E+01  0.22916791E+00  0.35817793E+00  0.72370787E+01  0.10671000E+03  0.99594444E+00 -0.15098016E+00  0.51482148E-01  0.19805206E+01  0.59744180E-02  0.27235534E-01 -0.71060364E-02  0.69286531E+00  0.22691844E+01  0.89997011E+00  0.37080496E-04  0.81924438E+01
   0.33608016E-02  0.16652100E+01  0.13178981E-01 -0.42691035E-02  0.88728800E+01  0.38670666E+01  0.22925749E+00  0.35944971E+00  0.71415043E+01  0.10478053E+03  0.99564666E+00 -0.15097980E+00  0.51453937E-01  0.19811546E+01  0.60588792E-02  0.27281778E-01 -0.66829985E-02  0.69177502E+00  0.21286795E+01  0.88808489E+00  0.37095746E-04  0.81928711E+01
   0.35988737E-02  0.17831699E+01  0.13680007E-01 -0.44306829E-02  0.88743410E+01  0.38663034E+01  0.22936091E+00  0.36076000E+00  0.70421352E+01  0.10278787E+03  0.99536973E+00 -0.15098017E+00  0.51424079E-01  0.19822028E+01  0.61463546E-02  0.27339710E-01 -0.62396177E-02  0.69062495E+00  0.19974375E+01  0.87572783E+00  0.37155402E-04  0.81932983E+01
   0.38533541E-02  0.19092599E+01  0.14205791E-01 -0.46001552E-02  0.88758583E+01  0.38655033E+01  0.22947966E+00  0.36210698E+00  0.69389882E+01  0.10073391E+03  0.99515271E+00 -0.15098174E+00  0.51392600E-01  0.19839313E+01  0.62368936E-02  0.27412055E-01 -0.57748756E-02  0.68942267E+00  0.18748121E+01  0.86290091E+00  0.37099780E-04  0.81936646E+01
   0.41253935E-02  0.20440500E+01  0.14757065E-01 -0.47777407E-02  0.88774309E+01  0.38646648E+01  0.22961533E+00  0.36348894E+00  0.68320770E+01  0.98620468E+02  0.99486667E+00 -0.15098093E+00  0.51358122E-01  0.19861627E+01  0.63301711E-02  0.27501620E-01 -0.52875616E-02  0.68818241E+00  0.17601821E+01  0.84960598E+00  0.37173948E-04  0.81940308E+01
   0.44161417E-02  0.21881099E+01  0.15334361E-01 -0.49635945E-02  0.88790588E+01  0.38637872E+01  0.22976969E+00  0.36490345E+00  0.67214661E+01  0.96450439E+02  0.99454159E+00 -0.15097851E+00  0.51320888E-01  0.19882903E+01  0.64262087E-02  0.27610917E-01 -0.47766911E-02  0.68691033E+00  0.16530046E+01  0.83585089E+00  0.37207588E-04  0.81943665E+01
   0.47269920E-02  0.23421299E+01  0.15938492E-01 -0.51579596E-02  0.88807402E+01  0.38628700E+01  0.22994462E+00  0.36634842E+00  0.66071758E+01  0.94225891E+02  0.99420875E+00 -0.15097709E+00  0.51281575E-01  0.19904114E+01  0.65253768E-02  0.27739301E-01 -0.42433296E-02  0.68557048E+00  0.15527207E+01  0.82163829E+00  0.36994617E-04  0.81946716E+01
   0.50592758E-02  0.25067701E+01  0.16569935E-01 -0.53609684E-02  0.88824739E+01  0.38619118E+01  0.23014201E+00  0.36782077E+00  0.64893084E+01  0.91950455E+02  0.99381459E+00 -0.15097666E+00  0.51239986E-01  0.19927078E+01  0.66275252E-02  0.27885592E-01 -0.36883685E-02  0.68413401E+00  0.14588673E+01  0.80698079E+00  0.36957987E-04  0.81949158E+01
   0.54144464E-02  0.26827500E+01  0.17229158E-01 -0.55727507E-02  0.88842573E+01  0.38609128E+01  0.23036389E+00  0.36931726E+00  0.63679733E+01  0.89627953E+02  0.99340725E+00 -0.15097681E+00  0.51195808E-01  0.19948100E+01  0.67320773E-02  0.28054593E-01 -0.31098805E-02  0.68263996E+00  0.13710039E+01  0.79189211E+00  0.37055015E-04  0.81950989E+01
   0.57941391E-02  0.28708801E+01  0.17916717E-01 -0.57934588E-02  0.88860884E+01  0.38598721E+01  0.23061249E+00  0.37083465E+00  0.62432766E+01  0.87262062E+02  0.99298340E+00 -0.15097658E+00  0.51148534E-01  0.19973490E+01  0.68393424E-02  0.28248806E-01 -0.25078326E-02  0.68109447E+00  0.12887042E+01  0.77638543E+00  0.36986716E-04  0.81952209E+01
   0.62000486E-02  0.30720000E+01  0.18632995E-01 -0.60231900E-02  0.88879633E+01  0.38587890E+01  0.23089005E+00  0.37236917E+00  0.61153646E+01  0.84857216E+02  0.99247962E+00 -0.15097421E+00  0.51097482E-01  0.20000248E+01  0.69492524E-02  0.28472090E-01 -0.18806120E-02  0.67950284E+00  0.12115879E+01  0.76047885E+00  0.36872534E-04  0.81952820E+01
   0.66341725E-02  0.32870998E+01  0.19378617E-01 -0.62621138E-02  0.88898811E+01  0.38576629E+01  0.23119926E+00  0.37391737E+00  0.59843493E+01  0.82417183E+02  0.99196213E+00 -0.15097171E+00  0.51043011E-01  0.20029135E+01  0.70615085E-02  0.28726874E-01 -0.12276594E-02  0.67786223E+00  0.11392738E+01  0.74418640E+00  0.36802932E-04  0.81952209E+01
   0.70979656E-02  0.35168998E+01  0.20152994E-01 -0.65100105E-02  0.88918333E+01  0.38564949E+01  0.23154232E+00  0.37547338E+00  0.58505659E+01  0.79949753E+02  0.99142301E+00 -0.15096942E+00  0.50985087E-01  0.20060201E+01  0.71759187E-02  0.29012743E-01 -0.55124349E-03  0.67616713E+00  0.10715131E+01  0.72754973E+00  0.36736503E-04  0.81950684E+01
   0.75932429E-02  0.37623000E+01  0.20955903E-01 -0.67667747E-02  0.88938169E+01  0.38552854E+01  0.23192172E+00  0.37703198E+00  0.57142839E+01  0.77461304E+02  0.99078721E+00 -0.15096582E+00  0.50922997E-01  0.20087247E+01  0.72924960E-02  0.29332271E-01  0.14925131E-03  0.67442304E+00  0.10080177E+01  0.71060228E+00  0.36607227E-04  0.81948242E+01
   0.81236372E-02  0.40250998E+01  0.21789681E-01 -0.70331134E-02  0.88958311E+01  0.38540318E+01  0.23234132E+00  0.37859300E+00  0.55753536E+01  0.74950554E+02  0.99023670E+00 -0.15096559E+00  0.50857984E-01  0.20119138E+01  0.74114599E-02  0.29689291E-01  0.87626453E-03  0.67261070E+00  0.94833505E+00  0.69332558E+00  0.36427238E-04  0.81943970E+01
   0.86897556E-02  0.43056002E+01  0.22651518E-01 -0.73080906E-02  0.88978624E+01  0.38527381E+01  0.23280266E+00  0.38014632E+00  0.54344897E+01  0.72431686E+02  0.98966378E+00 -0.15096635E+00  0.50789118E-01  0.20157940E+01  0.75323507E-02  0.30086881E-01  0.16284283E-02  0.67074817E+00  0.89240605E+00  0.67580837E+00  0.36351765E-04  0.81938477E+01
   0.92958342E-02  0.46059003E+01  0.23543876E-01 -0.75924457E-02  0.88999119E+01  0.38514004E+01  0.23331022E+00  0.38169163E+00  0.52915378E+01  0.69903145E+02  0.98896718E+00 -0.15096436E+00  0.50714709E-01  0.20198798E+01  0.76552825E-02  0.30530768E-01  0.24089091E-02  0.66885448E+00  0.83982021E+00  0.65803152E+00  0.36183290E-04  0.81931152E+01
   0.99430857E-02  0.49266000E+01  0.24464281E-01 -0.78853434E-02  0.89019690E+01  0.38500230E+01  0.23386607E+00  0.38322011E+00  0.51471415E+01  0.67377373E+02  0.98823905E+00 -0.15096134E+00  0.50635245E-01  0.20242677E+01  0.77797147E-02  0.31022990E-01  0.32160478E-02  0.66694427E+00  0.79048872E+00  0.64007503E+00  0.35995450E-04  0.81921997E+01
   0.10635141E-01  0.52694998E+01  0.25413472E-01 -0.81869671E-02  0.89040279E+01  0.38486049E+01  0.23447424E+00  0.38472852E+00  0.50014286E+01  0.64857430E+02  0.98751199E+00 -0.15095983E+00  0.50551042E-01  0.20289962E+01  0.79057096E-02  0.31563237E-01  0.40490380E-02  0.66499656E+00  0.74414039E+00  0.62195486E+00  0.35873374E-04  0.81910706E+01
   0.11374425E-01  0.56357999E+01  0.26390107E-01 -0.84968349E-02  0.89060802E+01  0.38471482E+01  0.23513772E+00  0.38621062E+00  0.48548460E+01  0.62351738E+02  0.98668402E+00 -0.15095736E+00  0.50461169E-01  0.20337670E+01  0.80333482E-02  0.32152675E-01  0.49062292E-02  0.66301030E+00  0.70062375E+00  0.60372651E+00  0.35669753E-04  0.81896973E+01
   0.12165173E-01  0.60275998E+01  0.27394855E-01 -0.88151004E-02  0.89081221E+01  0.38456528E+01  0.23586102E+00  0.38766330E+00  0.47075310E+01  0.59863190E+02  0.98576766E+00 -0.15095299E+00  0.50364908E-01  0.20389676E+01  0.81628794E-02  0.32798845E-01  0.57914387E-02  0.66101706E+00  0.65970498E+00  0.58540708E+00  0.35449670E-04  0.81880798E+01
   0.13011020E-01  0.64466996E+01  0.28427085E-01 -0.91415001E-02  0.89101458E+01  0.38441191E+01  0.23664820E+00  0.38908184E+00  0.45598121E+01  0.57397747E+02  0.98475361E+00 -0.15094757E+00  0.50262053E-01  0.20446374E+01  0.82941819E-02  0.33504833E-01  0.67047481E-02  0.65901297E+00  0.62122297E+00  0.56703746E+00  0.35253935E-04  0.81861572E+01
   0.13914386E-01  0.68943000E+01  0.29484387E-01 -0.94752032E-02  0.89121418E+01  0.38425515E+01  0.23750202E+00  0.39045933E+00  0.44122577E+01  0.54964996E+02  0.98366439E+00 -0.15094274E+00  0.50152879E-01  0.20506310E+01  0.84269866E-02  0.34270387E-01  0.76432708E-02  0.65697193E+00  0.58508343E+00  0.54868823E+00  0.35026522E-04  0.81839600E+01
   0.14880117E-01  0.73728004E+01  0.30566875E-01 -0.98161753E-02  0.89141035E+01  0.38409495E+01  0.23842753E+00  0.39179295E+00  0.42650580E+01  0.52568020E+02  0.98254389E+00 -0.15093865E+00  0.50037064E-01  0.20576952E+01  0.85612861E-02  0.35102837E-01  0.86104022E-02  0.65494388E+00  0.55110502E+00  0.53038317E+00  0.34768371E-04  0.81813965E+01
   0.15913054E-01  0.78846002E+01  0.31674091E-01 -0.10164196E-01  0.89160242E+01  0.38393137E+01  0.23942992E+00  0.39307913E+00  0.41184793E+01  0.50210934E+02  0.98132247E+00 -0.15093273E+00  0.49913146E-01  0.20650289E+01  0.86974027E-02  0.36006443E-01  0.96073672E-02  0.65295732E+00  0.51914048E+00  0.51215529E+00  0.34516608E-04  0.81784668E+01
   0.17016832E-01  0.84315004E+01  0.32803871E-01 -0.10518502E-01  0.89178953E+01  0.38376484E+01  0.24051315E+00  0.39431289E+00  0.39729927E+01  0.47900883E+02  0.98000675E+00 -0.15092652E+00  0.49781296E-01  0.20722311E+01  0.88356379E-02  0.36977500E-01  0.10630316E-01  0.65096933E+00  0.48909771E+00  0.49406326E+00  0.34280845E-04  0.81751709E+01
   0.18196294E-01  0.90158997E+01  0.33955008E-01 -0.10878632E-01  0.89197092E+01  0.38359551E+01  0.24168208E+00  0.39549083E+00  0.38289218E+01  0.45642319E+02  0.97864598E+00 -0.15092246E+00  0.49641956E-01  0.20803511E+01  0.89760395E-02  0.38020760E-01  0.11680751E-01  0.64899498E+00  0.46085918E+00  0.47614726E+00  0.34014436E-04  0.81714172E+01
   0.19457497E-01  0.96408005E+01  0.35126995E-01 -0.11244337E-01  0.89214592E+01  0.38342347E+01  0.24294299E+00  0.39661074E+00  0.36864829E+01  0.43437820E+02  0.97718209E+00 -0.15091704E+00  0.49493264E-01  0.20888674E+01  0.91185914E-02  0.39148916E-01  0.12763971E-01  0.64708984E+00  0.43429849E+00  0.45843419E+00  0.33731212E-04  0.81672058E+01
   0.20805884E-01  0.10308900E+02  0.36318243E-01 -0.11615027E-01  0.89231396E+01  0.38324904E+01  0.24430165E+00  0.39766973E+00  0.35460043E+01  0.41291531E+02  0.97556728E+00 -0.15090869E+00  0.49334198E-01  0.20976310E+01  0.92636896E-02  0.40365804E-01  0.13880635E-01  0.64525700E+00  0.40932184E+00  0.44096494E+00  0.33439577E-04  0.81625061E+01
   0.22246912E-01  0.11022900E+02  0.37526835E-01 -0.11990002E-01  0.89247437E+01  0.38307247E+01  0.24576366E+00  0.39866522E+00  0.34078300E+01  0.39207516E+02  0.97383761E+00 -0.15090151E+00  0.49165465E-01  0.21073248E+01  0.94118193E-02  0.41663982E-01  0.15026065E-01  0.64344656E+00  0.38584554E+00  0.42378220E+00  0.33151453E-04  0.81572571E+01
   0.23787843E-01  0.11786401E+02  0.38751967E-01 -0.12368915E-01  0.89262667E+01  0.38289385E+01  0.24733618E+00  0.39959598E+00  0.32721508E+01  0.37187355E+02  0.97195590E+00 -0.15089376E+00  0.48985887E-01  0.21174803E+01  0.95632402E-02  0.43051057E-01  0.16203241E-01  0.64169729E+00  0.36376882E+00  0.40690976E+00  0.32861557E-04  0.81514587E+01
   0.25434729E-01  0.12602400E+02  0.39991412E-01 -0.12750964E-01  0.89277039E+01  0.38271360E+01  0.24902548E+00  0.40046009E+00  0.31392906E+01  0.35234451E+02  0.96999985E+00 -0.15088622E+00  0.48795279E-01  0.21281555E+01  0.97184135E-02  0.44536233E-01  0.17415920E-01  0.64004010E+00  0.34302214E+00  0.39038786E+00  0.32561125E-04  0.81450500E+01
   0.27194843E-01  0.13474501E+02  0.41243538E-01 -0.13135535E-01  0.89290476E+01  0.38253193E+01  0.25083899E+00  0.40125671E+00  0.30094764E+01  0.33350597E+02  0.96796876E+00 -0.15088019E+00  0.48593082E-01  0.21398458E+01  0.98777618E-02  0.46122685E-01  0.18665150E-01  0.63847685E+00  0.32352805E+00  0.37424478E+00  0.32248881E-04  0.81379700E+01
   0.29076654E-01  0.14406900E+02  0.42507138E-01 -0.13522139E-01  0.89302959E+01  0.38234897E+01  0.25278527E+00  0.40198559E+00  0.28828697E+01  0.31536484E+02  0.96576262E+00 -0.15087336E+00  0.48377875E-01  0.21527178E+01  0.10041711E-01  0.47812305E-01  0.19951571E-01  0.63699919E+00  0.30520758E+00  0.35850054E+00  0.31941083E-04  0.81301880E+01
   0.31088643E-01  0.15403801E+02  0.43780576E-01 -0.13910157E-01  0.89314451E+01  0.38216491E+01  0.25487271E+00  0.40264648E+00  0.27596536E+01  0.29793022E+02  0.96336329E+00 -0.15086667E+00  0.48149262E-01  0.21662614E+01  0.10210999E-01  0.49606044E-01  0.21275356E-01  0.63559735E+00  0.28799319E+00  0.34317794E+00  0.31617608E-04  0.81217041E+01
   0.33238679E-01  0.16469101E+02  0.45061529E-01 -0.14298749E-01  0.89324942E+01  0.38198016E+01  0.25710890E+00  0.40323940E+00  0.26400521E+01  0.28121595E+02  0.96078241E+00 -0.15086019E+00  0.47906335E-01  0.21806777E+01  0.10386270E-01  0.51508825E-01  0.22638433E-01  0.63429701E+00  0.27183029E+00  0.32830483E+00  0.31297095E-04  0.81123962E+01
   0.35537660E-01  0.17608200E+02  0.46349086E-01 -0.14687513E-01  0.89334402E+01  0.38179474E+01  0.25950453E+00  0.40376523E+00  0.25241258E+01  0.26521250E+02  0.95803851E+00 -0.15085335E+00  0.47648072E-01  0.21962240E+01  0.10568342E-01  0.53531293E-01  0.24046628E-01  0.63311684E+00  0.25664866E+00  0.31388879E+00  0.30987037E-04  0.81022644E+01
   0.37994672E-01  0.18825600E+02  0.47640912E-01 -0.15075609E-01  0.89342833E+01  0.38160901E+01  0.26206845E+00  0.40422449E+00  0.24120438E+01  0.24992517E+02  0.95501387E+00 -0.15084328E+00  0.47372587E-01  0.22123032E+01  0.10757751E-01  0.55678263E-01  0.25502490E-01  0.63204414E+00  0.24239974E+00  0.29995078E+00  0.30669355E-04  0.80912476E+01
   0.40621821E-01  0.20127300E+02  0.48936006E-01 -0.15462595E-01  0.89350252E+01  0.38142307E+01  0.26481199E+00  0.40461844E+00  0.23038402E+01  0.23534019E+02  0.95183367E+00 -0.15083800E+00  0.47081437E-01  0.22296793E+01  0.10955446E-01  0.57948835E-01  0.27005624E-01  0.63104534E+00  0.22902332E+00  0.28649506E+00  0.30352980E-04  0.80793152E+01
   0.43429401E-01  0.21518400E+02  0.50232068E-01 -0.15847649E-01  0.89356623E+01  0.38123720E+01  0.26774430E+00  0.40494820E+00  0.21996336E+01  0.22145555E+02  0.94844043E+00 -0.15083396E+00  0.46772432E-01  0.22485187E+01  0.11162121E-01  0.60355850E-01  0.28562974E-01  0.63015974E+00  0.21647622E+00  0.27353641E+00  0.30026758E-04  0.80663452E+01
   0.46431340E-01  0.23005800E+02  0.51528212E-01 -0.16230352E-01  0.89362001E+01  0.38105142E+01  0.27087805E+00  0.40521523E+00  0.20994098E+01  0.20825163E+02  0.94470298E+00 -0.15082514E+00  0.46442330E-01  0.22686880E+01  0.11378940E-01  0.62903687E-01  0.30178489E-01  0.62935036E+00  0.20470417E+00  0.26107302E+00  0.29697329E-04  0.80523376E+01
   0.49639743E-01  0.24595499E+02  0.52822407E-01 -0.16609963E-01  0.89366398E+01  0.38086598E+01  0.27422327E+00  0.40542066E+00  0.20032263E+01  0.19571896E+02  0.94077557E+00 -0.15082088E+00  0.46093285E-01  0.22903466E+01  0.11606846E-01  0.65592304E-01  0.31852715E-01  0.62860990E+00  0.19366705E+00  0.24911208E+00  0.29372384E-04  0.80371704E+01
   0.53069148E-01  0.26294701E+02  0.54113377E-01 -0.16985949E-01  0.89369822E+01  0.38068094E+01  0.27779171E+00  0.40556604E+00  0.19110657E+01  0.18383856E+02  0.93658340E+00 -0.15081961E+00  0.45723040E-01  0.23135703E+01  0.11846890E-01  0.68418272E-01  0.33585269E-01  0.62791681E+00  0.18332061E+00  0.23765142E+00  0.29057093E-04  0.80208435E+01
   0.56735892E-01  0.28111500E+02  0.55400200E-01 -0.17357884E-01  0.89372320E+01  0.38049638E+01  0.28159595E+00  0.40565252E+00  0.18228762E+01  0.17258797E+02  0.93207067E+00 -0.15082061E+00  0.45330148E-01  0.23382716E+01  0.12100059E-01  0.71387760E-01  0.35381101E-01  0.62723392E+00  0.17362127E+00  0.22668457E+00  0.28743083E-04  0.80032349E+01
   0.60656335E-01  0.30054001E+02  0.56681607E-01 -0.17725242E-01  0.89373922E+01  0.38031237E+01  0.28564739E+00  0.40568128E+00  0.17386196E+01  0.16194708E+02  0.92724818E+00 -0.15082403E+00  0.44913188E-01  0.23644245E+01  0.12367622E-01  0.74519038E-01  0.37251722E-01  0.62656772E+00  0.16453123E+00  0.21620680E+00  0.28423328E-04  0.79842834E+01
   0.64846210E-01  0.32130001E+02  0.57955924E-01 -0.18087376E-01  0.89374676E+01  0.38012910E+01  0.28995606E+00  0.40565312E+00  0.16582701E+01  0.15189857E+02  0.92207068E+00 -0.15082793E+00  0.44470210E-01  0.23921924E+01  0.12650637E-01  0.77821463E-01  0.39203886E-01  0.62591571E+00  0.15601780E+00  0.20621490E+00  0.28119985E-04  0.79639282E+01
   0.69320656E-01  0.34347000E+02  0.59221249E-01 -0.18443581E-01  0.89374628E+01  0.37994666E+01  0.29452977E+00  0.40556851E+00  0.15818013E+01  0.14242570E+02  0.91654342E+00 -0.15083553E+00  0.44000883E-01  0.24224169E+01  0.12950283E-01  0.81294127E-01  0.41239262E-01  0.62522918E+00  0.14805153E+00  0.19670559E+00  0.27817587E-04  0.79420776E+01
   0.74109957E-01  0.36720001E+02  0.60479589E-01 -0.18794246E-01  0.89373827E+01  0.37976460E+01  0.29938948E+00  0.40542740E+00  0.15089524E+01  0.13348370E+02  0.91057432E+00 -0.15084572E+00  0.43501765E-01  0.24548666E+01  0.13268631E-01  0.84944881E-01  0.43365330E-01  0.62444508E+00  0.14058158E+00  0.18764643E+00  0.27498270E-04  0.79185791E+01
   0.79226203E-01  0.39255001E+02  0.61727740E-01 -0.19138295E-01  0.89372349E+01  0.37958331E+01  0.30453524E+00  0.40522972E+00  0.14397680E+01  0.12506660E+02  0.90415025E+00 -0.15085840E+00  0.42972140E-01  0.24892170E+01  0.13606159E-01  0.88770702E-01  0.45582995E-01  0.62352681E+00  0.13359195E+00  0.17904298E+00  0.27186989E-04  0.78933716E+01
   0.84699683E-01  0.41966999E+02  0.62966906E-01 -0.19475870E-01  0.89370241E+01  0.37940240E+01  0.30998299E+00  0.40497422E+00  0.13740366E+01  0.11713811E+02  0.89731115E+00 -0.15087955E+00  0.42410977E-01  0.25266800E+01  0.13965143E-01  0.92782661E-01  0.47902092E-01  0.62242037E+00  0.12704290E+00  0.17086892E+00  0.26889291E-04  0.78663635E+01
   0.90548560E-01  0.44865002E+02  0.64195216E-01 -0.19806270E-01  0.89367561E+01  0.37922194E+01  0.31573361E+00  0.40465972E+00  0.13117154E+01  0.10968347E+02  0.89000469E+00 -0.15090828E+00  0.41816872E-01  0.25666270E+01  0.14346620E-01  0.96985981E-01  0.50328616E-01  0.62108165E+00  0.12091401E+00  0.16311894E+00  0.26589576E-04  0.78374329E+01
   0.96797042E-01  0.47960999E+02  0.65412126E-01 -0.20129155E-01  0.89364376E+01  0.37904191E+01  0.32179096E+00  0.40428418E+00  0.12526853E+01  0.10267956E+02  0.88216519E+00 -0.15094145E+00  0.41186385E-01  0.26092219E+01  0.14752172E-01  0.10136779E+00  0.52860092E-01  0.61942989E+00  0.11517919E+00  0.15577823E+00  0.26293801E-04  0.78064575E+01
   0.10348147E+00  0.51273003E+02  0.66619143E-01 -0.20444714E-01  0.89360752E+01  0.37886181E+01  0.32816595E+00  0.40384424E+00  0.11967348E+01  0.96093397E+01  0.87374127E+00 -0.15098071E+00  0.40516537E-01  0.26549699E+01  0.15184190E-01  0.10591266E+00  0.55493359E-01  0.61734611E+00  0.10980518E+00  0.14882047E+00  0.25998119E-04  0.77732849E+01
   0.11062001E+00  0.54810001E+02  0.67814268E-01 -0.20752201E-01  0.89356766E+01  0.37868183E+01  0.33484846E+00  0.40333721E+00  0.11438215E+01  0.89912834E+01  0.86478150E+00 -0.15103285E+00  0.39808176E-01  0.27038262E+01  0.15643576E-01  0.11068521E+00  0.58264758E-01  0.61490262E+00  0.10477690E+00  0.14224042E+00  0.25704025E-04  0.77378235E+01
   0.11826108E+00  0.58596001E+02  0.69000408E-01 -0.21052128E-01  0.89352455E+01  0.37850125E+01  0.34185275E+00  0.40275744E+00  0.10936880E+01  0.84101410E+01  0.85519451E+00 -0.15109760E+00  0.39056767E-01  0.27566378E+01  0.16133567E-01  0.11568251E+00  0.61178740E-01  0.61195856E+00  0.10006003E+00  0.13600606E+00  0.25414913E-04  0.76998291E+01
   0.12642287E+00  0.62640003E+02  0.70175461E-01 -0.21343715E-01  0.89347916E+01  0.37832017E+01  0.34915769E+00  0.40210077E+00  0.10463023E+01  0.78649621E+01  0.84488308E+00 -0.15117221E+00  0.38260430E-01  0.28126457E+01  0.16655581E-01  0.12085436E+00  0.64213179E-01  0.60836309E+00  0.95642790E-01  0.13011339E+00  0.25125453E-04  0.76592407E+01
   0.13514774E+00  0.66963005E+02  0.71340986E-01 -0.21627087E-01  0.89343214E+01  0.37813816E+01  0.35675806E+00  0.40136084E+00  0.10014838E+01  0.73531404E+01  0.83380669E+00 -0.15125659E+00  0.37415173E-01  0.28726346E+01  0.17212192E-01  0.12620570E+00  0.67375809E-01  0.60403413E+00  0.91500230E-01  0.12453996E+00  0.24843506E-04  0.76158752E+01
   0.14447203E+00  0.71583000E+02  0.72497413E-01 -0.21902058E-01  0.89338436E+01  0.37795479E+01  0.36463705E+00  0.40053087E+00  0.95910531E+00  0.68727684E+01  0.82196993E+00 -0.15135647E+00  0.36519554E-01  0.29369938E+01  0.17806057E-01  0.13173608E+00  0.70671126E-01  0.59890097E+00  0.87613463E-01  0.11926997E+00  0.24562358E-04  0.75694885E+01
   0.15444417E+00  0.76524002E+02  0.73646508E-01 -0.22168742E-01  0.89333630E+01  0.37776959E+01  0.37278190E+00  0.39960256E+00  0.91900265E+00  0.64215713E+01  0.80936337E+00 -0.15147692E+00  0.35571262E-01  0.30059693E+01  0.18440407E-01  0.13747270E+00  0.74117675E-01  0.59295434E+00  0.83960935E-01  0.11428298E+00  0.24282084E-04  0.75199280E+01
   0.16510051E+00  0.81804001E+02  0.74788444E-01 -0.22426834E-01  0.89328871E+01  0.37758214E+01  0.38116336E+00  0.39856780E+00  0.88107759E+00  0.59980712E+01  0.79585922E+00 -0.15161185E+00  0.34565344E-01  0.30800216E+01  0.19117584E-01  0.14341693E+00  0.77719823E-01  0.58612591E+00  0.80527879E-01  0.10956679E+00  0.24004261E-04  0.74669800E+01
   0.17649552E+00  0.87449997E+02  0.75925335E-01 -0.22676433E-01  0.89324236E+01  0.37739179E+01  0.38975713E+00  0.39741635E+00  0.84517783E+00  0.56002197E+01  0.78141612E+00 -0.15176792E+00  0.33498663E-01  0.31591811E+01  0.19841835E-01  0.14951743E+00  0.81455678E-01  0.57822526E+00  0.77294871E-01  0.10510246E+00  0.23730068E-04  0.74103699E+01
   0.18867159E+00  0.93482994E+02  0.77057913E-01 -0.22917286E-01  0.89319792E+01  0.37719805E+01  0.39851984E+00  0.39613861E+00  0.81120741E+00  0.52266388E+01  0.76599455E+00 -0.15194827E+00  0.32369237E-01  0.32438393E+01  0.20616498E-01  0.15576003E+00  0.85320979E-01  0.56918222E+00  0.74247837E-01  0.10087805E+00  0.23458286E-04  0.73499451E+01
   0.20169532E+00  0.99936005E+02  0.78189164E-01 -0.23149557E-01  0.89315615E+01  0.37699995E+01  0.40741497E+00  0.39472172E+00  0.77901703E+00  0.48753905E+01  0.74949455E+00 -0.15215614E+00  0.31171875E-01  0.33344483E+01  0.21446986E-01  0.16211689E+00  0.89304484E-01  0.55884129E+00  0.71367949E-01  0.96875004E-01  0.23188190E-04  0.72853394E+01
   0.21560912E+00  0.10683000E+03  0.79319865E-01 -0.23372885E-01  0.89311781E+01  0.37679698E+01  0.41637734E+00  0.39315525E+00  0.74853593E+00  0.45454054E+01  0.73185712E+00 -0.15238924E+00  0.29903438E-01  0.34317160E+01  0.22336949E-01  0.16857372E+00  0.93399614E-01  0.54713982E+00  0.68643473E-01  0.93084514E-01  0.22919839E-04  0.72163696E+01
   0.23048560E+00  0.11420100E+03  0.80453306E-01 -0.23587337E-01  0.89308376E+01  0.37658784E+01  0.42535242E+00  0.39142486E+00  0.71963680E+00  0.42350235E+01  0.71299458E+00 -0.15265198E+00  0.28558951E-01  0.35368145E+01  0.23292629E-01  0.17517351E+00  0.97629406E-01  0.53409702E+00  0.66057622E-01  0.89490749E-01  0.22650807E-04  0.71426697E+01
   0.24639137E+00  0.12208199E+03  0.81592329E-01 -0.23792770E-01  0.89305477E+01  0.37637146E+01  0.43426695E+00  0.38951617E+00  0.69222718E+00  0.39429522E+01  0.69287145E+00 -0.15295736E+00  0.27135428E-01  0.36491716E+01  0.24321167E-01  0.18175779E+00  0.10191281E+00  0.51945621E+00  0.63596420E-01  0.86082220E-01  0.22386650E-04  0.70639343E+01
   0.26338702E+00  0.13050301E+03  0.82739487E-01 -0.23988878E-01  0.89303169E+01  0.37614663E+01  0.44302973E+00  0.38741559E+00  0.66623777E+00  0.36681504E+01  0.67130589E+00 -0.15328930E+00  0.25626114E-01  0.37690659E+01  0.25428733E-01  0.18840680E+00  0.10628504E+00  0.50331289E+00  0.61247550E-01  0.82850292E-01  0.22126478E-04  0.69798889E+01
   0.28155729E+00  0.13950601E+03  0.83899163E-01 -0.24175528E-01  0.89301577E+01  0.37591164E+01  0.45154956E+00  0.38510627E+00  0.64157772E+00  0.34093378E+01  0.64822620E+00 -0.15365125E+00  0.24025230E-01  0.38975928E+01  0.26625043E-01  0.19497624E+00  0.11066895E+00  0.48548633E+00  0.58996484E-01  0.79783678E-01  0.21866103E-04  0.68901062E+01
   0.30098692E+00  0.14913300E+03  0.85075930E-01 -0.24352415E-01  0.89300785E+01  0.37566454E+01  0.45971581E+00  0.38257092E+00  0.61817843E+00  0.31654394E+01  0.62367564E+00 -0.15406857E+00  0.22330850E-01  0.40357485E+01  0.27920274E-01  0.20137288E+00  0.11501078E+00  0.46590120E+00  0.56829788E-01  0.76873854E-01  0.21606364E-04  0.67941589E+01
   0.32174861E+00  0.15942000E+03  0.86274162E-01 -0.24518996E-01  0.89300900E+01  0.37540326E+01  0.46739495E+00  0.37979364E+00  0.59600234E+00  0.29356651E+01  0.59745687E+00 -0.15452529E+00  0.20535810E-01  0.41832371E+01  0.29325321E-01  0.20756263E+00  0.11928158E+00  0.44458011E+00  0.54736070E-01  0.74116133E-01  0.21351756E-04  0.66917419E+01
   0.34394526E+00  0.17041800E+03  0.87500557E-01 -0.24674786E-01  0.89302073E+01  0.37512488E+01  0.47444618E+00  0.37675437E+00  0.57499671E+00  0.27190158E+01  0.56949013E+00 -0.15502594E+00  0.18633500E-01  0.43410397E+01  0.30855408E-01  0.21348369E+00  0.12343691E+00  0.42149681E+00  0.52701410E-01  0.71503967E-01  0.21100032E-04  0.65823669E+01
   0.36767375E+00  0.18217500E+03  0.88762365E-01 -0.24819028E-01  0.89304428E+01  0.37482605E+01  0.48070329E+00  0.37343350E+00  0.55513930E+00  0.25147235E+01  0.53966689E+00 -0.15557636E+00  0.16619505E-01  0.45099735E+01  0.32527205E-01  0.21903238E+00  0.12740637E+00  0.39664629E+00  0.50713267E-01  0.69034591E-01  0.20846752E-04  0.64655457E+01
   0.39303708E+00  0.19474200E+03  0.90068474E-01 -0.24950728E-01  0.89308176E+01  0.37450244E+01  0.48597366E+00  0.36981019E+00  0.53642535E+00  0.23220901E+01  0.50779969E+00 -0.15617090E+00  0.14486954E-01  0.46912913E+01  0.34361158E-01  0.22400120E+00  0.13106319E+00  0.36993751E+00  0.48758760E-01  0.66707410E-01  0.20597601E-04  0.63407898E+01
   0.42015016E+00  0.20817601E+03  0.91430217E-01 -0.25068605E-01  0.89313526E+01  0.37414837E+01  0.49003515E+00  0.36586165E+00  0.51886970E+00  0.21404634E+01  0.47384822E+00 -0.15682100E+00  0.12230447E-01  0.48855014E+01  0.36382679E-01  0.22826827E+00  0.13431913E+00  0.34143594E+00  0.46824194E-01  0.64524271E-01  0.20352325E-04  0.62076111E+01
   0.44913417E+00  0.22253700E+03  0.92861630E-01 -0.25170911E-01  0.89320755E+01  0.37375679E+01  0.49263340E+00  0.36156288E+00  0.50251669E+00  0.19693112E+01  0.43764031E+00 -0.15750925E+00  0.98419925E-02  0.50924134E+01  0.38623095E-01  0.23157476E+00  0.13701308E+00  0.31118044E+00  0.44895656E-01  0.62490683E-01  0.20107826E-04  0.60653992E+01
   0.48011625E+00  0.23788800E+03  0.94380565E-01 -0.25255244E-01  0.89330215E+01  0.37331812E+01  0.49347705E+00  0.35688651E+00  0.48744974E+00  0.18082244E+01  0.39905432E+00 -0.15822783E+00  0.73164962E-02  0.53128085E+01  0.41121285E-01  0.23381779E+00  0.13905627E+00  0.27939820E+00  0.42958867E-01  0.60617026E-01  0.19863295E-04  0.59135742E+01
   0.51323563E+00  0.25429800E+03  0.96010551E-01 -0.25318343E-01  0.89342365E+01  0.37281957E+01  0.49222869E+00  0.35180065E+00  0.47380126E+00  0.16569060E+01  0.35800129E+00 -0.15897810E+00  0.46497113E-02  0.55482035E+01  0.43927658E-01  0.23467679E+00  0.14024709E+00  0.24620584E+00  0.40998485E-01  0.58919765E-01  0.19621004E-04  0.57515259E+01
   0.54863769E+00  0.27183899E+03  0.97782992E-01 -0.25355581E-01  0.89357805E+01  0.37224295E+01  0.48849148E+00  0.34626743E+00  0.46177560E+00  0.15152459E+01  0.31426936E+00 -0.15972951E+00  0.18367816E-02  0.57985559E+01  0.47107108E-01  0.23377462E+00  0.14035299E+00  0.21181104E+00  0.38997982E-01  0.57424307E-01  0.19379562E-04  0.55786438E+01
   0.58648580E+00  0.29059201E+03  0.99741504E-01 -0.25360310E-01  0.89377432E+01  0.37156248E+01  0.48179901E+00  0.34023735E+00  0.45167625E+00  0.13833494E+01  0.26775140E+00 -0.16044132E+00 -0.11247019E-02  0.60625925E+01  0.50745770E-01  0.23081093E+00  0.13918073E+00  0.17664513E+00  0.36938816E-01  0.56168400E-01  0.19135099E-04  0.53942566E+01
   0.62696779E+00  0.31064999E+03  0.10194822E+00 -0.25322607E-01  0.89402466E+01  0.37073956E+01  0.47159746E+00  0.33364078E+00  0.44395885E+00  0.12616664E+01  0.21843502E+00 -0.16106901E+00 -0.42340225E-02  0.63401074E+01  0.54959726E-01  0.22537044E+00  0.13648830E+00  0.14124446E+00  0.34799602E-01  0.55208698E-01  0.18886591E-04  0.51975708E+01
   0.67019856E+00  0.33207001E+03  0.10448898E+00 -0.25227446E-01  0.89434710E+01  0.36971724E+01  0.45725283E+00  0.32638949E+00  0.43932280E+00  0.11514425E+01  0.16623624E+00 -0.16150008E+00 -0.74763945E-02  0.66260085E+01  0.59897799E-01  0.21699661E+00  0.13203514E+00  0.10640028E+00  0.32559946E-01  0.54632179E-01  0.18629609E-04  0.49883423E+01
   0.71639621E+00  0.35496002E+03  0.10750116E+00 -0.25050770E-01  0.89477100E+01  0.36840150E+01  0.43797031E+00  0.31831750E+00  0.43880853E+00  0.10545604E+01  0.11109082E+00 -0.16155195E+00 -0.10828454E-01  0.69129896E+01  0.65776318E-01  0.20515305E+00  0.12558562E+00  0.73104188E-01  0.30188862E-01  0.54568227E-01  0.18355135E-04  0.47659302E+01
   0.76580286E+00  0.37944000E+03  0.11120421E+00 -0.24752241E-01  0.89534540E+01  0.36663358E+01  0.41276172E+00  0.30912679E+00  0.44403380E+00  0.97453594E+00  0.53259674E-01 -0.16089436E+00 -0.14236004E-01  0.71860151E+01  0.72886527E-01  0.18930539E+00  0.11699556E+00  0.42789984E-01  0.27645096E-01  0.55218019E-01  0.18047536E-04  0.45298767E+01
   0.81866074E+00  0.40563004E+03  0.11596364E+00 -0.24260826E-01  0.89615631E+01  0.36413276E+01  0.38039967E+00  0.29822490E+00  0.45745823E+00  0.91778147E+00 -0.67298878E-02 -0.15878049E+00 -0.17563740E-01  0.74090929E+01  0.81592292E-01  0.16890690E+00  0.10628153E+00  0.17412817E-01  0.24868637E-01  0.56887418E-01  0.17684504E-04  0.42803650E+01
   0.87515134E+00  0.43362000E+03  0.12241215E+00 -0.23446064E-01  0.89736853E+01  0.36037903E+01  0.33939064E+00  0.28430569E+00  0.48233563E+00  0.89549035E+00 -0.67247815E-01 -0.15355976E+00 -0.20470934E-01  0.75008702E+01  0.92179559E-01  0.14356978E+00  0.93772650E-01 -0.42612612E-03  0.21760719E-01  0.59981059E-01  0.17230908E-04  0.40189819E+01
   0.93545645E+00  0.46349997E+03  0.13168772E+00 -0.22058757E-01  0.89932241E+01  0.35437164E+01  0.28791338E+00  0.26414493E+00  0.52023447E+00  0.92434329E+00 -0.12335746E+00 -0.14178482E+00 -0.22165284E-01  0.72857203E+01  0.10411030E+00  0.11341418E+00  0.80042906E-01 -0.78280019E-02  0.18125964E-01  0.64693987E-01  0.16659980E-04  0.37499695E+01
   0.10000000E+01  0.49548001E+03  0.14582965E+00 -0.19619811E-01  0.90278549E+01  0.34419210E+01  0.22374435E+00  0.22930782E+00  0.55544865E+00  0.10116594E+01 -0.16117142E+00 -0.11740261E+00 -0.21078585E-01  0.64098716E+01  0.11285517E+00  0.79457752E-01  0.64367630E-01 -0.36931885E-02  0.13552520E-01  0.69073059E-01  0.16151240E-04  0.34821472E+01
   0.10689634E+01  0.52965002E+03  0.16752551E+00 -0.15389742E-01  0.90940447E+01  0.32704067E+01  0.14606836E+00  0.16177812E+00  0.49232715E+00  0.10428379E+01 -0.14855346E+00 -0.74900456E-01 -0.15201030E-01  0.43736000E+01  0.10072678E+00  0.44091482E-01  0.41340046E-01  0.42775613E-02  0.80237417E-02  0.61223559E-01  0.16583908E-04  0.32359009E+01
   0.11427101E+01  0.56619000E+03  0.19524571E+00 -0.93241334E-02  0.92117758E+01  0.30359178E+01  0.64302430E-01  0.61398730E-01  0.19305079E+00  0.58917779E+00 -0.75697221E-01 -0.25342761E-01 -0.57043340E-02  0.14830017E+01  0.53938933E-01  0.15414071E-01  0.15247138E-01  0.39091990E-02  0.24491348E-02  0.24006916E-01  0.17724235E-04  0.30281982E+01
   0.12215427E+01  0.60525000E+03  0.20947458E+00 -0.57655508E-02  0.93252106E+01  0.29047368E+01  0.14944254E-01  0.96956734E-02  0.21161675E-01  0.10977286E+00 -0.16620077E-01 -0.25954214E-02 -0.69661188E-03  0.15093523E+00  0.62273897E-01  0.24560441E-02  0.22887317E-02  0.10315964E-02  0.26860763E-03  0.26315695E-02  0.17375985E-04  0.27733459E+01
   0.13057642E+01  0.64698004E+03  0.21034583E+00 -0.51863585E-02  0.93730268E+01  0.28577683E+01  0.50234152E-02  0.42418283E-02  0.22453202E-02  0.32225531E-01 -0.26743806E-02 -0.26882413E-04 -0.45607489E-04  0.67379642E-02  0.11467454E+00  0.22699848E-03  0.23310869E-03  0.12227986E-03  0.72231305E-04  0.27921778E-03  0.15422213E-04  0.24118347E+01
   0.13958586E+01  0.69162000E+03  0.20994693E+00 -0.47886688E-02  0.94175167E+01  0.27979903E+01  0.43018549E-02  0.42250706E-02  0.10025314E-02  0.33678651E-01 -0.33838759E-03  0.19247720E-04 -0.28633574E-04  0.20596642E-01  0.14461714E+00  0.46028076E-05  0.24366236E-05 -0.12191133E-04  0.69031761E-04  0.12467023E-03  0.13627907E-04  0.20201111E+01
   0.14921288E+01  0.73932001E+03  0.20963530E+00 -0.41379244E-02  0.94819708E+01  0.26918836E+01  0.38176356E-02  0.42383103E-02  0.86794433E-03  0.43204047E-01 -0.85355547E-04  0.10239345E-04 -0.25941186E-04  0.22175817E-01  0.17251040E+00  0.42432362E-06  0.17101887E-05 -0.15836042E-04  0.74623371E-04  0.10793360E-03  0.12332539E-04  0.16256714E+01
   0.15950594E+01  0.79032007E+03  0.20927639E+00 -0.31531896E-02  0.95853949E+01  0.25269978E+01  0.33600258E-02  0.41737701E-02  0.89477666E-03  0.57313859E-01 -0.77964280E-04  0.81324615E-05 -0.21843791E-04  0.18146152E-01  0.21304573E+00 -0.47864762E-06  0.11643889E-05 -0.13340027E-04  0.81798069E-04  0.11127035E-03  0.11251780E-04  0.12472534E+01
   0.17050740E+01  0.84483002E+03  0.20873833E+00 -0.18263698E-02  0.97524147E+01  0.23225136E+01  0.32200727E-02  0.41864957E-02  0.97577448E-03  0.79651564E-01 -0.87899069E-04  0.77804953E-05 -0.18539688E-04  0.13575800E-01  0.28222293E+00 -0.15731803E-05 -0.69080070E-05 -0.13319026E-04  0.93201510E-04  0.12134287E-03  0.10457993E-04  0.90408325E+00
   0.18226569E+01  0.90309003E+03  0.20804001E+00 -0.27495815E-03  0.10003549E+02  0.21228108E+01  0.35295510E-02  0.44987616E-02  0.10748921E-02  0.11615804E+00 -0.98067270E-04  0.74560103E-05 -0.15873798E-04  0.98329941E-02  0.40023687E+00 -0.25011877E-05 -0.20442874E-04 -0.16260426E-04  0.11351897E-03  0.13366868E-03  0.10027517E-04  0.60665894E+00
   0.19483532E+01  0.96537006E+03  0.20726255E+00  0.12955863E-02  0.10345029E+02  0.19525505E+01  0.43009296E-02  0.51608910E-02  0.11618384E-02  0.17256771E+00 -0.10009263E-03  0.70133801E-05 -0.13326417E-04  0.75118612E-02  0.57945698E+00 -0.32691428E-05 -0.39061699E-04 -0.22138091E-04  0.14536093E-03  0.14448093E-03  0.99060089E-05  0.35424805E+00
   0.20827682E+01  0.10319700E+04  0.20647025E+00  0.27294357E-02  0.10773848E+02  0.17994903E+01  0.54705325E-02  0.60189175E-02  0.12098026E-02  0.25081667E+00 -0.91591392E-04  0.64821793E-05 -0.10786345E-04  0.65528592E-02  0.81232649E+00 -0.37343725E-05 -0.60694048E-04 -0.29745923E-04  0.18639404E-03  0.15044553E-03  0.99548406E-05  0.14300537E+00
   0.22263865E+01  0.11031300E+04  0.20568815E+00  0.39589787E-02  0.11284027E+02  0.16450266E+01  0.68842899E-02  0.68933279E-02  0.12108975E-02  0.34531605E+00 -0.77626028E-04  0.58666228E-05 -0.83553268E-05  0.64003314E-02  0.10785189E+01 -0.36963222E-05 -0.80705227E-04 -0.35962214E-04  0.23127161E-03  0.15058169E-03  0.10003259E-04 -0.32257080E-01
   0.23799951E+01  0.11792400E+04  0.20492581E+00  0.49769003E-02  0.11870747E+02  0.14742754E+01  0.83281547E-02  0.76847398E-02  0.11745152E-02  0.44382164E+00 -0.61868086E-04  0.51434081E-05 -0.61955157E-05  0.65830224E-02  0.13611273E+01 -0.31359664E-05 -0.94786934E-04 -0.37219255E-04  0.27465224E-03  0.14605735E-03  0.98863284E-05 -0.17761230E+00
   0.25441391E+01  0.12605701E+04  0.20419456E+00  0.58011394E-02  0.12528818E+02  0.12780399E+01  0.95924754E-02  0.83632590E-02  0.11144194E-02  0.53183228E+00 -0.49596281E-04  0.43581767E-05 -0.44278586E-05  0.66493289E-02  0.16518917E+01 -0.22539614E-05 -0.10121700E-03 -0.32023687E-04  0.31243530E-03  0.13858412E-03  0.94648240E-05 -0.29931641E+00
   0.27196052E+01  0.13475100E+04  0.20349737E+00  0.64626336E-02  0.13254044E+02  0.10592343E+01  0.10529941E-01  0.89351851E-02  0.10413170E-02  0.59780997E+00 -0.43891170E-04  0.35943426E-05 -0.30873359E-05  0.61694942E-02  0.19500535E+01 -0.13195317E-05 -0.10075097E-03 -0.21875361E-04  0.34222842E-03  0.12949343E-03  0.86580258E-05 -0.40588379E+00
   0.29071810E+01  0.14404501E+04  0.20283380E+00  0.69963718E-02  0.14042342E+02  0.83711123E+00  0.11073246E-01  0.94177835E-02  0.96148351E-03  0.63584644E+00 -0.42424184E-04  0.28878385E-05 -0.21375379E-05  0.50619212E-02  0.22585933E+01 -0.53852312E-06 -0.95450770E-04 -0.10070636E-04  0.36321886E-03  0.11956571E-03  0.74966965E-05 -0.50866699E+00
   0.31076531E+01  0.15397800E+04  0.20220923E+00  0.74372389E-02  0.14889752E+02  0.63607180E+00  0.11232992E-01  0.98292157E-02  0.87827287E-03  0.64606881E+00 -0.41074760E-04  0.22608417E-05 -0.14984275E-05  0.36441588E-02  0.25813839E+01 -0.19064878E-07 -0.87669308E-04 -0.50610478E-07  0.37592693E-03  0.10921801E-03  0.61272035E-05 -0.61972046E+00
   0.33219907E+01  0.16459800E+04  0.20162439E+00  0.78160735E-02  0.15793221E+02  0.47404259E+00  0.11097288E-01  0.10185516E-01  0.79379097E-03  0.63466829E+00 -0.44375945E-04  0.17240629E-05 -0.10733514E-05  0.22638552E-02  0.29209881E+01  0.21989305E-06 -0.79394697E-04  0.58038186E-05  0.38213731E-03  0.98712226E-04  0.47538351E-05 -0.75006104E+00
   0.35511019E+01  0.17595000E+04  0.20108348E+00  0.81551122E-02  0.16750631E+02  0.36159247E+00  0.10816558E-01  0.10498073E-01  0.71017887E-03  0.61256486E+00 -0.43949429E-04  0.12832584E-05 -0.78518616E-06  0.11659529E-02  0.32748935E+01  0.24038644E-06 -0.71781942E-04  0.71037844E-05  0.38460380E-03  0.88314606E-04  0.35793300E-05 -0.90826416E+00
   0.37960763E+01  0.18808799E+04  0.20059152E+00  0.84647043E-02  0.17763075E+02  0.30077279E+00  0.10553114E-01  0.10772714E-01  0.63025457E-03  0.59112209E+00 -0.42987147E-04  0.92613379E-06 -0.57460386E-06  0.44614953E-03  0.36329825E+01  0.15270389E-06 -0.64961794E-04  0.53383537E-05  0.38611901E-03  0.78375582E-04  0.27339659E-05 -0.10990601E+01
   0.40578833E+01  0.20106000E+04  0.20016216E+00  0.87431725E-02  0.18833391E+02  0.28035966E+00  0.10410517E-01  0.11009677E-01  0.55743742E-03  0.57759088E+00 -0.35419605E-04  0.65358927E-06 -0.41207764E-06  0.10194587E-03  0.39775591E+01  0.55219218E-07 -0.58255613E-04  0.25872923E-05  0.38846026E-03  0.69320376E-04  0.22052852E-05 -0.13225098E+01
   0.43377333E+01  0.21492600E+04  0.19979531E+00  0.89814011E-02  0.19968216E+02  0.27857101E+00  0.10399279E-01  0.11207072E-01  0.49462687E-03  0.57327217E+00 -0.33191140E-04  0.44394838E-06 -0.28011158E-06  0.71136460E-05  0.42892933E+01 -0.61561094E-08 -0.50687373E-04  0.33180399E-06  0.39197912E-03  0.61509541E-04  0.18692053E-05 -0.15741577E+01
   0.46368976E+01  0.22974900E+04  0.19950601E+00  0.91696801E-02  0.21175812E+02  0.27848202E+00  0.10474858E-01  0.11363582E-01  0.44352774E-03  0.57551026E+00 -0.36076406E-04  0.28044602E-06 -0.17567453E-06  0.27245352E-06  0.45533042E+01 -0.29267810E-07 -0.41646526E-04 -0.85192681E-06  0.39605549E-03  0.55155087E-04  0.15993695E-05 -0.18490601E+01
   0.49567089E+01  0.24559500E+04  0.19929810E+00  0.93021793E-02  0.22464169E+02  0.27848491E+00  0.10578603E-01  0.11479913E-01  0.40477526E-03  0.58027786E+00 -0.32003860E-04  0.16172814E-06 -0.98737829E-07 -0.10057210E-07  0.47606134E+01 -0.29906854E-07 -0.31138388E-04 -0.11334290E-05  0.39973756E-03  0.50336006E-04  0.13176227E-05 -0.21455078E+01
   0.52985587E+01  0.26253298E+04  0.19917196E+00  0.93795834E-02  0.23839693E+02  0.27848586E+00  0.10675784E-01  0.11558022E-01  0.37846732E-03  0.58512866E+00 -0.20601008E-04  0.76582289E-07 -0.45354998E-07  0.19497310E-06  0.49056454E+01 -0.20762798E-07 -0.19475683E-04 -0.88614985E-06  0.40247635E-03  0.47064470E-04  0.81824032E-06 -0.24640198E+01
   0.56640224E+01  0.28064099E+04  0.19912127E+00  0.94099632E-02  0.25309587E+02  0.27839273E+00  0.10732786E-01  0.11598508E-01  0.36478203E-03  0.58810741E+00 -0.27297749E-04  0.20330535E-07 -0.11837126E-07 -0.69502160E-09  0.49828362E+01 -0.73265509E-08 -0.68031009E-05 -0.33291687E-06  0.40381803E-03  0.45362631E-04  0.23556197E-06 -0.28051758E+01
   0.60546741E+01  0.29999700E+04  0.19912127E+00  0.94099632E-02  0.26880728E+02  0.27849951E+00  0.10732786E-01  0.11598508E-01  0.36478206E-03  0.58810729E+00  0.87444037E-04  0.00000000E+00  0.00000000E+00 -0.53243969E-06  0.49828362E+01 -0.73267201E-08 -0.68030995E-05 -0.33292284E-06  0.40341582E-03  0.45362634E-04  0.23556197E-06 -0.31699219E+01
