   0.48671491E-03  0.46985999E+00  0.54317694E-02 -0.15986355E-02  0.96434345E+01  0.33714812E+01  0.21003552E+00  0.33424971E+00  0.96202364E+01  0.19187187E+03  0.10000689E+01 -0.12229240E+00  0.37660163E-01  0.22696884E+01  0.44005006E-02 -0.12107372E-05 -0.91185063E-06 -0.71370431E-06  0.15110037E+02  0.13853271E+01  0.28907474E-04  0.90586548E+01
   0.52350911E-03  0.50537997E+00  0.55651809E-02 -0.16379002E-02  0.96441946E+01  0.33713055E+01  0.21003552E+00  0.33432406E+00  0.95868797E+01  0.19095068E+03  0.99772894E+00 -0.12250559E+00  0.37723139E-01  0.22728181E+01  0.44235215E-02  0.25299758E-01  0.80305552E-02  0.81032628E+00  0.14054177E+02  0.13805238E+01  0.29885066E-04  0.90590820E+01
   0.56282041E-03  0.54332995E+00  0.57071890E-02 -0.16796893E-02  0.96450024E+01  0.33711188E+01  0.21003151E+00  0.33440286E+00  0.95514956E+01  0.19003436E+03  0.99724090E+00 -0.12250911E+00  0.37718568E-01  0.22715876E+01  0.44490714E-02  0.25076715E-01  0.79381652E-02  0.78377551E+00  0.13078512E+02  0.13754284E+01  0.30929536E-04  0.90595398E+01
   0.60483546E-03  0.58389002E+00  0.58583524E-02 -0.17241664E-02  0.96458607E+01  0.33709202E+01  0.21002504E+00  0.33448637E+00  0.95139647E+01  0.18906151E+03  0.99691600E+00 -0.12250893E+00  0.37712563E-01  0.22707033E+01  0.44763312E-02  0.25305282E-01  0.80729183E-02  0.78382790E+00  0.12175881E+02  0.13700238E+01  0.31396081E-04  0.90600281E+01
   0.64977154E-03  0.62726998E+00  0.60193310E-02 -0.17715243E-02  0.96467724E+01  0.33707087E+01  0.21001877E+00  0.33457488E+00  0.94741468E+01  0.18803061E+03  0.99692047E+00 -0.12251209E+00  0.37707161E-01  0.22728319E+01  0.45047887E-02  0.25295254E-01  0.80908444E-02  0.78302741E+00  0.11339665E+02  0.13642901E+01  0.31651016E-04  0.90605469E+01
   0.69781533E-03  0.67365003E+00  0.61906548E-02 -0.18219177E-02  0.96477394E+01  0.33704834E+01  0.21001272E+00  0.33466861E+00  0.94319391E+01  0.18693919E+03  0.99743092E+00 -0.12252048E+00  0.37702844E-01  0.22734215E+01  0.45354874E-02  0.25292225E-01  0.81136832E-02  0.78215599E+00  0.10564726E+02  0.13582121E+01  0.31989945E-04  0.90610657E+01
   0.74915314E-03  0.72320998E+00  0.63728308E-02 -0.18754937E-02  0.96487627E+01  0.33702443E+01  0.21000698E+00  0.33476773E+00  0.93872480E+01  0.18578508E+03  0.99746275E+00 -0.12252208E+00  0.37695974E-01  0.22724674E+01  0.45680185E-02  0.25291208E-01  0.81384890E-02  0.78133738E+00  0.98464861E+01  0.13517765E+01  0.32140979E-04  0.90616455E+01
   0.80403365E-03  0.77618998E+00  0.65665622E-02 -0.19324577E-02  0.96498489E+01  0.33699899E+01  0.21000168E+00  0.33487251E+00  0.93399343E+01  0.18456494E+03  0.99712092E+00 -0.12251925E+00  0.37687331E-01  0.22731190E+01  0.46024472E-02  0.25290530E-01  0.81666149E-02  0.78048891E+00  0.91800919E+01  0.13449633E+01  0.32228236E-04  0.90622253E+01
   0.86270546E-03  0.83283001E+00  0.67725293E-02 -0.19930075E-02  0.96509991E+01  0.33697195E+01  0.20999694E+00  0.33498314E+00  0.92898712E+01  0.18327582E+03  0.99731636E+00 -0.12252406E+00  0.37680481E-01  0.22725639E+01  0.46392311E-02  0.25289038E-01  0.81962254E-02  0.77948928E+00  0.85614100E+01  0.13377541E+01  0.32518408E-04  0.90628662E+01
   0.92541712E-03  0.89336997E+00  0.69913836E-02 -0.20573325E-02  0.96522160E+01  0.33694324E+01  0.20999289E+00  0.33509997E+00  0.92369442E+01  0.18191516E+03  0.99734640E+00 -0.12252852E+00  0.37672963E-01  0.22732768E+01  0.46786275E-02  0.25291784E-01  0.82290098E-02  0.77846330E+00  0.79868426E+01  0.13301326E+01  0.32675885E-04  0.90635376E+01
   0.99244842E-03  0.95807999E+00  0.72238506E-02 -0.21256434E-02  0.96535034E+01  0.33691275E+01  0.20998968E+00  0.33522314E+00  0.91810265E+01  0.18048007E+03  0.99732524E+00 -0.12253204E+00  0.37664566E-01  0.22745335E+01  0.47204690E-02  0.25294542E-01  0.82638189E-02  0.77735972E+00  0.74529581E+01  0.13220803E+01  0.32809097E-04  0.90642090E+01
   0.10641101E-02  0.10272601E+01  0.74707200E-02 -0.21981690E-02  0.96548643E+01  0.33688035E+01  0.20998754E+00  0.33535296E+00  0.91219835E+01  0.17896745E+03  0.99759966E+00 -0.12253615E+00  0.37655678E-01  0.22746944E+01  0.47643478E-02  0.25302839E-01  0.83034644E-02  0.77630001E+00  0.69565606E+01  0.13135780E+01  0.33081764E-04  0.90649414E+01
   0.11407129E-02  0.11012100E+01  0.77327322E-02 -0.22751237E-02  0.96563005E+01  0.33684602E+01  0.20998670E+00  0.33548969E+00  0.90596943E+01  0.17737466E+03  0.99794352E+00 -0.12253923E+00  0.37645824E-01  0.22744319E+01  0.48112595E-02  0.25317082E-01  0.83481306E-02  0.77522558E+00  0.64948764E+01  0.13046083E+01  0.33184151E-04  0.90656738E+01
   0.12225985E-02  0.11802599E+01  0.80106976E-02 -0.23567420E-02  0.96578159E+01  0.33680959E+01  0.20998745E+00  0.33563349E+00  0.89940348E+01  0.17569899E+03  0.99776226E+00 -0.12253723E+00  0.37633710E-01  0.22746093E+01  0.48607327E-02  0.25331352E-01  0.83954036E-02  0.77402979E+00  0.60652986E+01  0.12951533E+01  0.33262189E-04  0.90664673E+01
   0.13101401E-02  0.12647700E+01  0.83054779E-02 -0.24432726E-02  0.96594162E+01  0.33677099E+01  0.20999001E+00  0.33578461E+00  0.89248743E+01  0.17393776E+03  0.99746329E+00 -0.12253463E+00  0.37620604E-01  0.22759697E+01  0.49122814E-02  0.25345454E-01  0.84445644E-02  0.77277178E+00  0.56654081E+01  0.12851940E+01  0.33596949E-04  0.90672913E+01
   0.14037105E-02  0.13551000E+01  0.86178752E-02 -0.25349464E-02  0.96611023E+01  0.33673005E+01  0.20999482E+00  0.33594319E+00  0.88521042E+01  0.17208884E+03  0.99742037E+00 -0.12253474E+00  0.37607536E-01  0.22771914E+01  0.49663996E-02  0.25358537E-01  0.84938565E-02  0.77142769E+00  0.52930956E+01  0.12747151E+01  0.33789853E-04  0.90681458E+01
   0.15037446E-02  0.14516701E+01  0.89488328E-02 -0.26320345E-02  0.96628780E+01  0.33668673E+01  0.21000227E+00  0.33610952E+00  0.87755976E+01  0.17014964E+03  0.99735010E+00 -0.12253357E+00  0.37593182E-01  0.22774396E+01  0.50235265E-02  0.25377020E-01  0.85482737E-02  0.77004254E+00  0.49462786E+01  0.12636980E+01  0.33851746E-04  0.90690308E+01
   0.16106466E-02  0.15548699E+01  0.92991143E-02 -0.27347549E-02  0.96647453E+01  0.33664088E+01  0.21001278E+00  0.33628362E+00  0.86952744E+01  0.16811884E+03  0.99719620E+00 -0.12253057E+00  0.37577331E-01  0.22787414E+01  0.50834985E-02  0.25402529E-01  0.86092493E-02  0.76862043E+00  0.46232347E+01  0.12521313E+01  0.33910801E-04  0.90699463E+01
   0.17249448E-02  0.16652100E+01  0.96698115E-02 -0.28434223E-02  0.96667089E+01  0.33659236E+01  0.21002688E+00  0.33646572E+00  0.86109896E+01  0.16599361E+03  0.99686247E+00 -0.12252637E+00  0.37560221E-01  0.22795484E+01  0.51461873E-02  0.25430327E-01  0.86736511E-02  0.76710093E+00  0.43220978E+01  0.12399942E+01  0.33900898E-04  0.90708618E+01
   0.18471362E-02  0.17831699E+01  0.10061834E-01 -0.29582952E-02  0.96687717E+01  0.33654110E+01  0.21004499E+00  0.33665591E+00  0.85226564E+01  0.16377272E+03  0.99673736E+00 -0.12252671E+00  0.37543468E-01  0.22804742E+01  0.52122343E-02  0.25456129E-01  0.87394519E-02  0.76541245E+00  0.40413451E+01  0.12272742E+01  0.34037595E-04  0.90718384E+01
   0.19777494E-02  0.19092599E+01  0.10476092E-01 -0.30796318E-02  0.96709337E+01  0.33648691E+01  0.21006778E+00  0.33685428E+00  0.84302006E+01  0.16145529E+03  0.99662071E+00 -0.12252745E+00  0.37525650E-01  0.22819126E+01  0.52812533E-02  0.25485560E-01  0.88094743E-02  0.76364702E+00  0.37795656E+01  0.12139604E+01  0.34194618E-04  0.90728149E+01
   0.21173747E-02  0.20440500E+01  0.10913573E-01 -0.32077127E-02  0.96731997E+01  0.33642974E+01  0.21009587E+00  0.33706081E+00  0.83335390E+01  0.15904033E+03  0.99636996E+00 -0.12252565E+00  0.37505865E-01  0.22831826E+01  0.53531830E-02  0.25522305E-01  0.88857934E-02  0.76184803E+00  0.35353992E+01  0.12000409E+01  0.34267632E-04  0.90738525E+01
   0.22666024E-02  0.21881099E+01  0.11375150E-01 -0.33427824E-02  0.96755695E+01  0.33636940E+01  0.21013005E+00  0.33727551E+00  0.82326288E+01  0.15652788E+03  0.99614567E+00 -0.12252394E+00  0.37484895E-01  0.22854741E+01  0.54282076E-02  0.25562759E-01  0.89662066E-02  0.75993788E+00  0.33076572E+01  0.11855098E+01  0.34418274E-04  0.90748596E+01
   0.24261475E-02  0.23421299E+01  0.11861950E-01 -0.34851595E-02  0.96780472E+01  0.33630579E+01  0.21017116E+00  0.33749837E+00  0.81273890E+01  0.15391719E+03  0.99576557E+00 -0.12252057E+00  0.37462126E-01  0.22877631E+01  0.55062003E-02  0.25606263E-01  0.90504130E-02  0.75791681E+00  0.30951171E+01  0.11703551E+01  0.34456090E-04  0.90758972E+01
   0.25966933E-02  0.25067701E+01  0.12374858E-01 -0.36350910E-02  0.96806335E+01  0.33623874E+01  0.21022008E+00  0.33772933E+00  0.80178061E+01  0.15120918E+03  0.99535370E+00 -0.12251732E+00  0.37437975E-01  0.22886720E+01  0.55879885E-02  0.25657345E-01  0.91411220E-02  0.75580823E+00  0.28967605E+01  0.11545750E+01  0.34481785E-04  0.90769653E+01
   0.27789862E-02  0.26827500E+01  0.12914795E-01 -0.37928310E-02  0.96833296E+01  0.33616827E+01  0.21027781E+00  0.33796817E+00  0.79038720E+01  0.14840517E+03  0.99505591E+00 -0.12251683E+00  0.37413172E-01  0.22895255E+01  0.56732334E-02  0.25714904E-01  0.92375241E-02  0.75357378E+00  0.27116177E+01  0.11381683E+01  0.34561323E-04  0.90780029E+01
   0.29738650E-02  0.28708801E+01  0.13482794E-01 -0.39586658E-02  0.96861343E+01  0.33609416E+01  0.21034551E+00  0.33821473E+00  0.77855754E+01  0.14550630E+03  0.99481463E+00 -0.12251866E+00  0.37387509E-01  0.22909319E+01  0.57616751E-02  0.25776364E-01  0.93384916E-02  0.75119758E+00  0.25387511E+01  0.11211334E+01  0.34596251E-04  0.90790405E+01
   0.31821996E-02  0.30720000E+01  0.14079781E-01 -0.41328492E-02  0.96890488E+01  0.33601635E+01  0.21042432E+00  0.33846885E+00  0.76629405E+01  0.14251479E+03  0.99450469E+00 -0.12251955E+00  0.37359864E-01  0.22926702E+01  0.58537498E-02  0.25848050E-01  0.94472729E-02  0.74874622E+00  0.23773198E+01  0.11034739E+01  0.34629749E-04  0.90800781E+01
   0.34050154E-02  0.32870998E+01  0.14706912E-01 -0.43156976E-02  0.96920729E+01  0.33593462E+01  0.21051563E+00  0.33873025E+00  0.75359616E+01  0.13943217E+03  0.99409807E+00 -0.12251926E+00  0.37330091E-01  0.22947044E+01  0.59494949E-02  0.25928756E-01  0.95628500E-02  0.74617708E+00  0.22264833E+01  0.10851887E+01  0.34623765E-04  0.90810852E+01
   0.36430589E-02  0.35168998E+01  0.15364351E-01 -0.45072399E-02  0.96952038E+01  0.33584902E+01  0.21062082E+00  0.33899838E+00  0.74048486E+01  0.13626529E+03  0.99363148E+00 -0.12251788E+00  0.37298132E-01  0.22962017E+01  0.60484912E-02  0.26019167E-01  0.96855462E-02  0.74351180E+00  0.20856786E+01  0.10663083E+01  0.34667861E-04  0.90820618E+01
   0.38972620E-02  0.37623000E+01  0.16052572E-01 -0.47075902E-02  0.96984367E+01  0.33575950E+01  0.21074136E+00  0.33927265E+00  0.72697568E+01  0.13301965E+03  0.99317396E+00 -0.12251534E+00  0.37263848E-01  0.22979240E+01  0.61506638E-02  0.26123097E-01  0.98174531E-02  0.74078715E+00  0.19542601E+01  0.10468549E+01  0.34664055E-04  0.90830078E+01
   0.41694893E-02  0.40250998E+01  0.16774280E-01 -0.49175103E-02  0.97017794E+01  0.33566573E+01  0.21087934E+00  0.33955336E+00  0.71304255E+01  0.12969090E+03  0.99260348E+00 -0.12251082E+00  0.37226852E-01  0.23000906E+01  0.62565338E-02  0.26238834E-01  0.99576963E-02  0.73794609E+00  0.18312466E+01  0.10267910E+01  0.34639994E-04  0.90838623E+01
   0.44600512E-02  0.43056002E+01  0.17527768E-01 -0.51364768E-02  0.97052174E+01  0.33556786E+01  0.21103619E+00  0.33983904E+00  0.69874659E+01  0.12629552E+03  0.99203110E+00 -0.12250676E+00  0.37187848E-01  0.23021004E+01  0.63658692E-02  0.26366055E-01  0.10105425E-01  0.73501122E+00  0.17164692E+01  0.10062046E+01  0.34638571E-04  0.90846558E+01
   0.47711241E-02  0.46059003E+01  0.18315936E-01 -0.53653009E-02  0.97087564E+01  0.33546565E+01  0.21121441E+00  0.34013000E+00  0.68406196E+01  0.12282939E+03  0.99144304E+00 -0.12250323E+00  0.37146598E-01  0.23039227E+01  0.64788256E-02  0.26505429E-01  0.10261210E-01  0.73194444E+00  0.16090388E+01  0.98505855E+00  0.34559245E-04  0.90853577E+01
   0.51033283E-02  0.49266000E+01  0.19137366E-01 -0.56035393E-02  0.97123833E+01  0.33535922E+01  0.21141560E+00  0.34042478E+00  0.66904526E+01  0.11930786E+03  0.99082905E+00 -0.12249947E+00  0.37102878E-01  0.23058836E+01  0.65948977E-02  0.26661545E-01  0.10427407E-01  0.72879553E+00  0.15087261E+01  0.96343428E+00  0.34466615E-04  0.90859680E+01
   0.54585286E-02  0.52694998E+01  0.19993469E-01 -0.58515645E-02  0.97160959E+01  0.33524849E+01  0.21164238E+00  0.34072289E+00  0.65370121E+01  0.11573399E+03  0.99023551E+00 -0.12249664E+00  0.37056778E-01  0.23073559E+01  0.67142881E-02  0.26836656E-01  0.10604894E-01  0.72555506E+00  0.14149309E+01  0.94133866E+00  0.34438614E-04  0.90864258E+01
   0.58379686E-02  0.56357999E+01  0.20883797E-01 -0.61092079E-02  0.97198839E+01  0.33513353E+01  0.21189697E+00  0.34102339E+00  0.63806915E+01  0.11211894E+03  0.98969102E+00 -0.12249575E+00  0.37008535E-01  0.23090627E+01  0.68369224E-02  0.27028730E-01  0.10792101E-01  0.72218460E+00  0.13272986E+01  0.91882825E+00  0.34365152E-04  0.90867310E+01
   0.62438231E-02  0.60275998E+01  0.21809725E-01 -0.63768253E-02  0.97237434E+01  0.33501418E+01  0.21218222E+00  0.34132591E+00  0.62215695E+01  0.10846644E+03  0.98905915E+00 -0.12249378E+00  0.36957096E-01  0.23116176E+01  0.69631683E-02  0.27241370E-01  0.10990920E-01  0.71873778E+00  0.12453109E+01  0.89591449E+00  0.34213354E-04  0.90868835E+01
   0.66779573E-02  0.64466996E+01  0.22771444E-01 -0.66544274E-02  0.97276688E+01  0.33489034E+01  0.21250105E+00  0.34162951E+00  0.60599422E+01  0.10478519E+03  0.98831290E+00 -0.12248965E+00  0.36901921E-01  0.23149042E+01  0.70928992E-02  0.27476877E-01  0.11202465E-01  0.71522862E+00  0.11685987E+01  0.87263995E+00  0.34100682E-04  0.90868225E+01
   0.71416134E-02  0.68943000E+01  0.23767432E-01 -0.69415234E-02  0.97316437E+01  0.33476231E+01  0.21285599E+00  0.34193283E+00  0.58963857E+01  0.10109011E+03  0.98753268E+00 -0.12248470E+00  0.36843300E-01  0.23179576E+01  0.72255884E-02  0.27734697E-01  0.11425717E-01  0.71164685E+00  0.10969278E+01  0.84908760E+00  0.33999095E-04  0.90865173E+01
   0.76372791E-02  0.73728004E+01  0.24798488E-01 -0.72382935E-02  0.97356634E+01  0.33462999E+01  0.21325053E+00  0.34223527E+00  0.57310829E+01  0.97387032E+02  0.98670584E+00 -0.12247927E+00  0.36781192E-01  0.23216555E+01  0.73615913E-02  0.28017465E-01  0.11661920E-01  0.70798594E+00  0.10298930E+01  0.82528377E+00  0.33836342E-04  0.90859680E+01
   0.81674382E-02  0.78846002E+01  0.25864886E-01 -0.75447597E-02  0.97397184E+01  0.33449333E+01  0.21368833E+00  0.34253612E+00  0.55643115E+01  0.93683762E+02  0.98590255E+00 -0.12247449E+00  0.36715716E-01  0.23252773E+01  0.75010913E-02  0.28329100E-01  0.11912743E-01  0.70426917E+00  0.96716034E+00  0.80126846E+00  0.33671735E-04  0.90851440E+01
   0.87339571E-02  0.84315004E+01  0.26965201E-01 -0.78604529E-02  0.97437935E+01  0.33435264E+01  0.21417254E+00  0.34283409E+00  0.53966041E+01  0.89993538E+02  0.98502553E+00 -0.12246826E+00  0.36646135E-01  0.23285637E+01  0.76436964E-02  0.28671229E-01  0.12178889E-01  0.70052034E+00  0.90850621E+00  0.77711833E+00  0.33470285E-04  0.90839844E+01
   0.93393205E-02  0.90158997E+01  0.28098840E-01 -0.81851399E-02  0.97478781E+01  0.33420794E+01  0.21470700E+00  0.34312838E+00  0.52283444E+01  0.86326042E+02  0.98406595E+00 -0.12246028E+00  0.36572121E-01  0.23326001E+01  0.77899378E-02  0.29044660E-01  0.12460421E-01  0.69673419E+00  0.85366029E+00  0.75288874E+00  0.33266089E-04  0.90824585E+01
   0.99866372E-02  0.96408005E+01  0.29265866E-01 -0.85187713E-02  0.97519627E+01  0.33405931E+01  0.21529607E+00  0.34341830E+00  0.50598111E+01  0.82688354E+02  0.98311549E+00 -0.12245238E+00  0.36494024E-01  0.23366416E+01  0.79398723E-02  0.29451793E-01  0.12757790E-01  0.69292390E+00  0.80233753E+00  0.72861969E+00  0.33084700E-04  0.90805359E+01
   0.10678703E-01  0.10308900E+02  0.30465234E-01 -0.88609774E-02  0.97560329E+01  0.33390691E+01  0.21594390E+00  0.34370297E+00  0.48914309E+01  0.79090561E+02  0.98209572E+00 -0.12244345E+00  0.36411364E-01  0.23408778E+01  0.80933394E-02  0.29895157E-01  0.13072402E-01  0.68908870E+00  0.75431931E+00  0.70437270E+00  0.32838001E-04  0.90781860E+01
   0.11418316E-01  0.11022900E+02  0.31695459E-01 -0.92112599E-02  0.97600765E+01  0.33375096E+01  0.21665469E+00  0.34398147E+00  0.47236691E+01  0.75543182E+02  0.98098725E+00 -0.12243357E+00  0.36323927E-01  0.23451848E+01  0.82504973E-02  0.30376341E-01  0.13404713E-01  0.68522865E+00  0.70940888E+00  0.68021476E+00  0.32588719E-04  0.90753479E+01
   0.12209205E-01  0.11786401E+02  0.32956120E-01 -0.95694205E-02  0.97640820E+01  0.33359163E+01  0.21743348E+00  0.34425336E+00  0.45568242E+01  0.72052856E+02  0.97981399E+00 -0.12242415E+00  0.36231857E-01  0.23499243E+01  0.84117185E-02  0.30897273E-01  0.13755187E-01  0.68134934E+00  0.66738003E+00  0.65618891E+00  0.32356067E-04  0.90719910E+01
   0.13054476E-01  0.12602400E+02  0.34245275E-01 -0.99348240E-02  0.97680359E+01  0.33342905E+01  0.21828480E+00  0.34451777E+00  0.43913746E+01  0.68629677E+02  0.97855496E+00 -0.12241337E+00  0.36134392E-01  0.23554788E+01  0.85773133E-02  0.31461243E-01  0.14125179E-01  0.67748201E+00  0.62806851E+00  0.63236392E+00  0.32097047E-04  0.90680542E+01
   0.13957861E-01  0.13474501E+02  0.35561472E-01 -0.10306972E-01  0.97719250E+01  0.33326354E+01  0.21921386E+00  0.34477419E+00  0.42276969E+01  0.65281227E+02  0.97722530E+00 -0.12239956E+00  0.36030918E-01  0.23608348E+01  0.87475888E-02  0.32072008E-01  0.14516130E-01  0.67366266E+00  0.59129828E+00  0.60879409E+00  0.31807256E-04  0.90635071E+01
   0.14923708E-01  0.14406900E+02  0.36903601E-01 -0.10685466E-01  0.97757397E+01  0.33309526E+01  0.22022662E+00  0.34502217E+00  0.40660958E+01  0.62013325E+02  0.97577292E+00 -0.12238184E+00  0.35920937E-01  0.23665960E+01  0.89227417E-02  0.32733530E-01  0.14930157E-01  0.66991097E+00  0.55689281E+00  0.58552337E+00  0.31507796E-04  0.90582581E+01
   0.15956370E-01  0.15403801E+02  0.38270023E-01 -0.11069749E-01  0.97794685E+01  0.33292444E+01  0.22132896E+00  0.34526131E+00  0.39069192E+01  0.58832283E+02  0.97430319E+00 -0.12236404E+00  0.35805274E-01  0.23733723E+01  0.91032442E-02  0.33445917E-01  0.15367026E-01  0.66619927E+00  0.52470064E+00  0.56260169E+00  0.31226802E-04  0.90523071E+01
   0.17059883E-01  0.16469101E+02  0.39658230E-01 -0.11459021E-01  0.97830963E+01  0.33275137E+01  0.22252634E+00  0.34549123E+00  0.37505777E+01  0.55745323E+02  0.97277790E+00 -0.12234531E+00  0.35683453E-01  0.23811834E+01  0.92897005E-02  0.34212373E-01  0.15827876E-01  0.66253948E+00  0.49459583E+00  0.54008830E+00  0.30918563E-04  0.90455933E+01
   0.18239846E-01  0.17608200E+02  0.41067179E-01 -0.11852895E-01  0.97866163E+01  0.33257618E+01  0.22382595E+00  0.34571189E+00  0.35972805E+01  0.52755341E+02  0.97110552E+00 -0.12232259E+00  0.35554271E-01  0.23893561E+01  0.94825272E-02  0.35038568E-01  0.16315268E-01  0.65897840E+00  0.46642688E+00  0.51801330E+00  0.30585808E-04  0.90379944E+01
   0.19500915E-01  0.18825600E+02  0.42494182E-01 -0.12250515E-01  0.97900171E+01  0.33239927E+01  0.22523388E+00  0.34592298E+00  0.34473882E+01  0.49867912E+02  0.96928996E+00 -0.12229615E+00  0.35417583E-01  0.23972883E+01  0.96821757E-02  0.35922784E-01  0.16828528E-01  0.65549397E+00  0.44008431E+00  0.49642861E+00  0.30267809E-04  0.90295410E+01
   0.20849312E-01  0.20127300E+02  0.43937858E-01 -0.12651396E-01  0.97932930E+01  0.33222089E+01  0.22675775E+00  0.34612456E+00  0.33010862E+01  0.47084908E+02  0.96740115E+00 -0.12226799E+00  0.35273734E-01  0.24057064E+01  0.98895412E-02  0.36870364E-01  0.17370399E-01  0.65209836E+00  0.41543955E+00  0.47536090E+00  0.29937206E-04  0.90200806E+01
   0.22290314E-01  0.21518400E+02  0.45395322E-01 -0.13054636E-01  0.97964315E+01  0.33204136E+01  0.22840419E+00  0.34631652E+00  0.31586792E+01  0.44410248E+02  0.96539503E+00 -0.12223585E+00  0.35121780E-01  0.24151654E+01  0.10105344E-01  0.37886143E-01  0.17943051E-01  0.64882106E+00  0.39239725E+00  0.45485410E+00  0.29606006E-04  0.90096130E+01
   0.23831069E-01  0.23005800E+02  0.46865139E-01 -0.13459732E-01  0.97994308E+01  0.33186085E+01  0.23018195E+00  0.34649912E+00  0.30202940E+01  0.41844299E+02  0.96317536E+00 -0.12219602E+00  0.34960214E-01  0.24252117E+01  0.10330259E-01  0.38976163E-01  0.18549746E-01  0.64569312E+00  0.37084433E+00  0.43492645E+00  0.29265688E-04  0.89980469E+01
   0.25477795E-01  0.24595499E+02  0.48344493E-01 -0.13865801E-01  0.98022833E+01  0.33167975E+01  0.23209842E+00  0.34667218E+00  0.28861592E+01  0.39389091E+02  0.96088541E+00 -0.12215447E+00  0.34790605E-01  0.24360809E+01  0.10565026E-01  0.40138915E-01  0.19189991E-01  0.64268452E+00  0.35069504E+00  0.41561085E+00  0.28910585E-04  0.89852905E+01
   0.27237950E-01  0.26294701E+02  0.49831346E-01 -0.14272180E-01  0.98049831E+01  0.33149824E+01  0.23416212E+00  0.34683591E+00  0.27563987E+01  0.37044552E+02  0.95847464E+00 -0.12210943E+00  0.34612123E-01  0.24483221E+01  0.10810826E-01  0.41379523E-01  0.19866483E-01  0.63979703E+00  0.33185789E+00  0.39692515E+00  0.28566221E-04  0.89713135E+01
   0.29119922E-01  0.28111500E+02  0.51323947E-01 -0.14678282E-01  0.98075285E+01  0.33131652E+01  0.23638254E+00  0.34699041E+00  0.26310847E+01  0.34809624E+02  0.95591784E+00 -0.12205838E+00  0.34423556E-01  0.24607573E+01  0.11068509E-01  0.42709030E-01  0.20585375E-01  0.63708472E+00  0.31424451E+00  0.37887979E+00  0.28220105E-04  0.89559937E+01
   0.31132106E-01  0.30054001E+02  0.52820046E-01 -0.15083386E-01  0.98099155E+01  0.33113494E+01  0.23876919E+00  0.34713569E+00  0.25103056E+01  0.32683441E+02  0.95319790E+00 -0.12200092E+00  0.34224555E-01  0.24737306E+01  0.11339083E-01  0.44125933E-01  0.21346614E-01  0.63453597E+00  0.29777843E+00  0.36148742E+00  0.27869099E-04  0.89392700E+01
   0.33282574E-01  0.32130001E+02  0.54316852E-01 -0.15486635E-01  0.98121433E+01  0.33095374E+01  0.24133053E+00  0.34727156E+00  0.23941665E+01  0.30665352E+02  0.95029783E+00 -0.12193652E+00  0.34014706E-01  0.24880111E+01  0.11623703E-01  0.45628529E-01  0.22150088E-01  0.63212854E+00  0.28239375E+00  0.34476322E+00  0.27514143E-04  0.89210510E+01
   0.35579104E-01  0.34347000E+02  0.55811204E-01 -0.15887074E-01  0.98142090E+01  0.33077331E+01  0.24407426E+00  0.34739774E+00  0.22827666E+01  0.28754530E+02  0.94722039E+00 -0.12186544E+00  0.33793774E-01  0.25035746E+01  0.11923199E-01  0.47223255E-01  0.22999819E-01  0.62986439E+00  0.26803127E+00  0.32872149E+00  0.27156779E-04  0.89012451E+01
   0.38037229E-01  0.36720001E+02  0.57304475E-01 -0.16284967E-01  0.98161192E+01  0.33059335E+01  0.24701673E+00  0.34751403E+00  0.21758566E+01  0.26944233E+02  0.94392008E+00 -0.12178573E+00  0.33560343E-01  0.25204086E+01  0.12239498E-01  0.48920248E-01  0.23902338E-01  0.62773514E+00  0.25459483E+00  0.31332630E+00  0.26807505E-04  0.88797302E+01
   0.40663164E-01  0.39255001E+02  0.58791764E-01 -0.16678900E-01  0.98178711E+01  0.33041444E+01  0.25016275E+00  0.34761953E+00  0.20736272E+01  0.25235273E+02  0.94041878E+00 -0.12169697E+00  0.33314522E-01  0.25378962E+01  0.12573374E-01  0.50721191E-01  0.24859985E-01  0.62575036E+00  0.24205188E+00  0.29860514E+00  0.26458189E-04  0.88564453E+01
   0.43472450E-01  0.41966999E+02  0.60273357E-01 -0.17068852E-01  0.98194704E+01  0.33023653E+01  0.25352758E+00  0.34771350E+00  0.19758854E+01  0.23622051E+02  0.93666577E+00 -0.12159605E+00  0.33054758E-01  0.25561414E+01  0.12926601E-01  0.52634556E-01  0.25878418E-01  0.62391436E+00  0.23032810E+00  0.28453019E+00  0.26106794E-04  0.88312073E+01
   0.46474408E-01  0.44865002E+02  0.61745752E-01 -0.17453803E-01  0.98209190E+01  0.33005998E+01  0.25711828E+00  0.34779465E+00  0.18826802E+01  0.22103071E+02  0.93267804E+00 -0.12148343E+00  0.32780778E-01  0.25755451E+01  0.13300113E-01  0.54663368E-01  0.26960824E-01  0.62222207E+00  0.21938485E+00  0.27110851E+00  0.25754300E-04  0.88039856E+01
   0.49681466E-01  0.47960999E+02  0.63207015E-01 -0.17833153E-01  0.98222208E+01  0.32988493E+01  0.26094472E+00  0.34786138E+00  0.17939390E+01  0.20674910E+02  0.92848194E+00 -0.12136176E+00  0.32492992E-01  0.25964096E+01  0.13695423E-01  0.56812722E-01  0.28111875E-01  0.62065387E+00  0.20917390E+00  0.25832966E+00  0.25406629E-04  0.87746277E+01
   0.53112280E-01  0.51273003E+02  0.64657621E-01 -0.18206928E-01  0.98233814E+01  0.32971125E+01  0.26502255E+00  0.34791178E+00  0.17094418E+01  0.19331886E+02  0.92399150E+00 -0.12122778E+00  0.32189656E-01  0.26190727E+01  0.14114452E-01  0.59080970E-01  0.29333262E-01  0.61912876E+00  0.19963488E+00  0.24616195E+00  0.25064428E-04  0.87429810E+01
   0.56776159E-01  0.54810001E+02  0.66093773E-01 -0.18574055E-01  0.98244066E+01  0.32953923E+01  0.26935503E+00  0.34794334E+00  0.16292137E+01  0.18072372E+02  0.91920614E+00 -0.12108044E+00  0.31870559E-01  0.26431513E+01  0.14558121E-01  0.61484206E-01  0.30635819E-01  0.61768270E+00  0.19074018E+00  0.23460899E+00  0.24718460E-04  0.87089233E+01
   0.60697969E-01  0.58596001E+02  0.67517489E-01 -0.18934969E-01  0.98253031E+01  0.32936859E+01  0.27396274E+00  0.34795314E+00  0.15529453E+01  0.16889622E+02  0.91413993E+00 -0.12092039E+00  0.31534784E-01  0.26687558E+01  0.15029205E-01  0.64027645E-01  0.32025263E-01  0.61628151E+00  0.18242860E+00  0.22362623E+00  0.24379886E-04  0.86722412E+01
   0.64887039E-01  0.62640003E+02  0.68924710E-01 -0.19288538E-01  0.98260765E+01  0.32919967E+01  0.27884567E+00  0.34793770E+00  0.14806607E+01  0.15782242E+02  0.90870309E+00 -0.12074172E+00  0.31180741E-01  0.26962624E+01  0.15528475E-01  0.66687599E-01  0.33492532E-01  0.61481857E+00  0.17467955E+00  0.21321715E+00  0.24043491E-04  0.86328735E+01
   0.69365114E-01  0.66963005E+02  0.70315637E-01 -0.19634735E-01  0.98267355E+01  0.32903230E+01  0.28401655E+00  0.34789288E+00  0.14121492E+01  0.14745342E+02  0.90289336E+00 -0.12054176E+00  0.30806959E-01  0.27256906E+01  0.16058110E-01  0.69500618E-01  0.35059854E-01  0.61336023E+00  0.16744970E+00  0.20335141E+00  0.23706209E-04  0.85905762E+01
   0.74150845E-01  0.71583000E+02  0.71689114E-01 -0.19973177E-01  0.98272877E+01  0.32886651E+01  0.28948307E+00  0.34781405E+00  0.13472735E+01  0.13775328E+02  0.89672667E+00 -0.12032278E+00  0.30413613E-01  0.27568266E+01  0.16619703E-01  0.72469682E-01  0.36732342E-01  0.61185569E+00  0.16070674E+00  0.19400921E+00  0.23375978E-04  0.85452271E+01
   0.79269081E-01  0.76524002E+02  0.73045477E-01 -0.20303873E-01  0.98277407E+01  0.32870214E+01  0.29525658E+00  0.34769577E+00  0.12858292E+01  0.12867728E+02  0.89015996E+00 -0.12008443E+00  0.29999875E-01  0.27898273E+01  0.17215895E-01  0.75584076E-01  0.38509034E-01  0.61018473E+00  0.15441367E+00  0.18516116E+00  0.23049706E-04  0.84965515E+01
   0.84738493E-01  0.81804001E+02  0.74383192E-01 -0.20626353E-01  0.98281031E+01  0.32853920E+01  0.30133751E+00  0.34753203E+00  0.12277048E+01  0.12019576E+02  0.88314682E+00 -0.11982426E+00  0.29564453E-01  0.28257596E+01  0.17848313E-01  0.78848749E-01  0.40397070E-01  0.60828763E+00  0.14854500E+00  0.17679116E+00  0.22723658E-04  0.84443970E+01
   0.90587027E-01  0.87449997E+02  0.75702816E-01 -0.20940661E-01  0.98283834E+01  0.32837739E+01  0.30773360E+00  0.34731564E+00  0.11726975E+01  0.11226726E+02  0.87559044E+00 -0.11953419E+00  0.29104661E-01  0.28637080E+01  0.18519422E-01  0.82277440E-01  0.42408247E-01  0.60611588E+00  0.14306797E+00  0.16887005E+00  0.22400187E-04  0.83884888E+01
   0.96836440E-01  0.93482994E+02  0.77003203E-01 -0.21246444E-01  0.98285933E+01  0.32821681E+01  0.31444234E+00  0.34703925E+00  0.11206826E+01  0.10486291E+02  0.86757076E+00 -0.11921915E+00  0.28621525E-01  0.29042094E+01  0.19231316E-01  0.85854493E-01  0.44539250E-01  0.60359436E+00  0.13795903E+00  0.16137983E+00  0.22080820E-04  0.83286438E+01
   0.10352093E+00  0.99936005E+02  0.78285649E-01 -0.21543909E-01  0.98287373E+01  0.32805700E+01  0.32147068E+00  0.34669420E+00  0.10714453E+01  0.97942381E+01  0.85911483E+00 -0.11888225E+00  0.28114405E-01  0.29483526E+01  0.19986980E-01  0.89602649E-01  0.46807021E-01  0.60072833E+00  0.13318749E+00  0.15428959E+00  0.21764423E-04  0.82645264E+01
   0.11066224E+00  0.10683000E+03  0.79548702E-01 -0.21832623E-01  0.98288260E+01  0.32789800E+01  0.32880828E+00  0.34627157E+00  0.10248826E+01  0.91482296E+01  0.85003495E+00 -0.11850901E+00  0.27579574E-01  0.29946654E+01  0.20788489E-01  0.93525201E-01  0.49218509E-01  0.59741825E+00  0.12873451E+00  0.14758448E+00  0.21450192E-04  0.81959534E+01
   0.11829765E+00  0.11420100E+03  0.80793619E-01 -0.22112774E-01  0.98288689E+01  0.32773945E+01  0.33645511E+00  0.34576085E+00  0.98079634E+00  0.85447206E+01  0.84024358E+00 -0.11809298E+00  0.27014626E-01  0.30433176E+01  0.21639468E-01  0.97613186E-01  0.51775143E-01  0.59350139E+00  0.12457281E+00  0.14123601E+00  0.21139977E-04  0.81225586E+01
   0.12646134E+00  0.12208199E+03  0.82020745E-01 -0.22384329E-01  0.98288784E+01  0.32758112E+01  0.34440118E+00  0.34515101E+00  0.93903404E+00  0.79808927E+01  0.82977486E+00 -0.11763957E+00  0.26419865E-01  0.30953164E+01  0.22542758E-01  0.10183173E+00  0.54465059E-01  0.58884764E+00  0.12068008E+00  0.13522218E+00  0.20832096E-04  0.80440369E+01
   0.13518444E+00  0.13050301E+03  0.83229885E-01 -0.22647124E-01  0.98288612E+01  0.32742274E+01  0.35262755E+00  0.34443054E+00  0.89946967E+00  0.74543777E+01  0.81876892E+00 -0.11715962E+00  0.25797324E-01  0.31518259E+01  0.23501411E-01  0.10620361E+00  0.57305381E-01  0.58347583E+00  0.11703698E+00  0.12952486E+00  0.20524738E-04  0.79600830E+01
   0.14451039E+00  0.13950601E+03  0.84422313E-01 -0.22901321E-01  0.98288250E+01  0.32726395E+01  0.36112085E+00  0.34358603E+00  0.86193377E+00  0.69623384E+01  0.80700189E+00 -0.11663507E+00  0.25141848E-01  0.32121353E+01  0.24519626E-01  0.11072824E+00  0.60301870E-01  0.57726139E+00  0.11362056E+00  0.12411964E+00  0.20224337E-04  0.78702698E+01
   0.15448274E+00  0.14913300E+03  0.85599005E-01 -0.23146968E-01  0.98287821E+01  0.32710428E+01  0.36986017E+00  0.34260356E+00  0.82628095E+00  0.65023494E+01  0.79435182E+00 -0.11605646E+00  0.24450304E-01  0.32767777E+01  0.25601480E-01  0.11544567E+00  0.63479811E-01  0.57013571E+00  0.11041040E+00  0.11898559E+00  0.19925379E-04  0.77742310E+01
   0.16513875E+00  0.15942000E+03  0.86759970E-01 -0.23383927E-01  0.98287420E+01  0.32694342E+01  0.37881055E+00  0.34146902E+00  0.79240084E+00  0.60725098E+01  0.78085744E+00 -0.11542880E+00  0.23723396E-01  0.33450155E+01  0.26750850E-01  0.12031198E+00  0.66822432E-01  0.56194049E+00  0.10738917E+00  0.11410680E+00  0.19628229E-04  0.76716003E+01
   0.17653129E+00  0.17041800E+03  0.87906905E-01 -0.23612354E-01  0.98287153E+01  0.32678089E+01  0.38793895E+00  0.34016591E+00  0.76014560E+00  0.56704993E+01  0.76643342E+00 -0.11474757E+00  0.22958973E-01  0.34167676E+01  0.27973456E-01  0.12524271E+00  0.70292942E-01  0.55248445E+00  0.10453567E+00  0.10946200E+00  0.19336218E-04  0.75618896E+01
   0.18871002E+00  0.18217500E+03  0.89040823E-01 -0.23832262E-01  0.98287125E+01  0.32661617E+01  0.39720166E+00  0.33867744E+00  0.72939610E+00  0.52944555E+01  0.75113660E+00 -0.11401260E+00  0.22156026E-01  0.34943330E+01  0.29274646E-01  0.13034646E+00  0.73949546E-01  0.54189777E+00  0.10183136E+00  0.10503403E+00  0.19044555E-04  0.74445801E+01
   0.20172784E+00  0.19474200E+03  0.90162791E-01 -0.24043623E-01  0.98287411E+01  0.32644866E+01  0.40655032E+00  0.33698577E+00  0.70003837E+00  0.49426527E+01  0.73492271E+00 -0.11322284E+00  0.21312969E-01  0.35774770E+01  0.30660406E-01  0.13556486E+00  0.77766694E-01  0.52999526E+00  0.99258371E-01  0.10080648E+00  0.18756493E-04  0.73192444E+01
   0.21564375E+00  0.20817601E+03  0.91274396E-01 -0.24246471E-01  0.98288126E+01  0.32627773E+01  0.41592622E+00  0.33507159E+00  0.67195970E+00  0.46134148E+01  0.71749532E+00 -0.11235803E+00  0.20425420E-01  0.36653495E+01  0.32137670E-01  0.14083639E+00  0.81716545E-01  0.51656699E+00  0.96797727E-01  0.96763112E-01  0.18472112E-04  0.71852722E+01
   0.23051991E+00  0.22253700E+03  0.92377231E-01 -0.24440803E-01  0.98289423E+01  0.32610252E+01  0.42525777E+00  0.33291459E+00  0.64505577E+00  0.43052258E+01  0.69877881E+00 -0.11141055E+00  0.19491058E-01  0.37600365E+01  0.33714298E-01  0.14618881E+00  0.85813962E-01  0.50154817E+00  0.94430462E-01  0.92888907E-01  0.18190418E-04  0.70420837E+01
   0.24642158E+00  0.23788800E+03  0.93473017E-01 -0.24626572E-01  0.98291426E+01  0.32592211E+01  0.43446049E+00  0.33049315E+00  0.61923069E+00  0.40167184E+01  0.67874134E+00 -0.11038123E+00  0.18508965E-01  0.38601856E+01  0.35399355E-01  0.15149109E+00  0.89993440E-01  0.48473004E+00  0.92137389E-01  0.89170061E-01  0.17912520E-04  0.68890686E+01
   0.26342022E+00  0.25429800E+03  0.94563901E-01 -0.24803735E-01  0.98294296E+01  0.32573550E+01  0.44343987E+00  0.32778424E+00  0.59439212E+00  0.37466266E+01  0.65742999E+00 -0.10927066E+00  0.17478248E-01  0.39662886E+01  0.37203074E-01  0.15679450E+00  0.94277941E-01  0.46622398E+00  0.89898922E-01  0.85593276E-01  0.17638959E-04  0.67255859E+01
   0.28159046E+00  0.27183899E+03  0.95651999E-01 -0.24972152E-01  0.98298140E+01  0.32554147E+01  0.45209059E+00  0.32476372E+00  0.57045716E+00  0.34938514E+01  0.63474435E+00 -0.10806640E+00  0.16395867E-01  0.40798821E+01  0.39137024E-01  0.16207822E+00  0.98652907E-01  0.44599715E+00  0.87695770E-01  0.82146607E-01  0.17369286E-04  0.65509033E+01
   0.30101618E+00  0.29059201E+03  0.96740037E-01 -0.25131688E-01  0.98303165E+01  0.32533853E+01  0.46029013E+00  0.32140490E+00  0.54734415E+00  0.32573516E+01  0.61047471E+00 -0.10675701E+00  0.15259259E-01  0.41999960E+01  0.41215174E-01  0.16713834E+00  0.10300953E+00  0.42374378E+00  0.85507087E-01  0.78818306E-01  0.17101758E-04  0.63642273E+01
   0.32179371E+00  0.31064999E+03  0.97831540E-01 -0.25282174E-01  0.98309546E+01  0.32512484E+01  0.46789643E+00  0.31767836E+00  0.52497250E+00  0.30361516E+01  0.58457989E+00 -0.10534024E+00  0.14066753E-01  0.43280902E+01  0.43454587E-01  0.17201594E+00  0.10735820E+00  0.39953271E+00  0.83310232E-01  0.75596757E-01  0.16839333E-04  0.61646423E+01
   0.34398207E+00  0.33207001E+03  0.98928265E-01 -0.25423061E-01  0.98317518E+01  0.32489846E+01  0.47473636E+00  0.31356025E+00  0.50331277E+00  0.28298435E+01  0.55703926E+00 -0.10380909E+00  0.12817799E-01  0.44649706E+01  0.45870338E-01  0.17668739E+00  0.11166976E+00  0.37345704E+00  0.81086412E-01  0.72477721E-01  0.16583204E-04  0.59516296E+01
   0.36769322E+00  0.35496002E+03  0.10003504E+00 -0.25554016E-01  0.98327303E+01  0.32465670E+01  0.48062983E+00  0.30901629E+00  0.48229119E+00  0.26376472E+01  0.52758938E+00 -0.10214321E+00  0.11508838E-01  0.46088638E+01  0.48486520E-01  0.18094906E+00  0.11582429E+00  0.34533468E+00  0.78810513E-01  0.69450587E-01  0.16332282E-04  0.57241211E+01
   0.39305136E+00  0.37944000E+03  0.10115777E+00 -0.25674557E-01  0.98339300E+01  0.32439592E+01  0.48536175E+00  0.30400783E+00  0.46184295E+00  0.24589553E+01  0.49604416E+00 -0.10032989E+00  0.10136941E-01  0.47619467E+01  0.51332254E-01  0.18470940E+00  0.11975179E+00  0.31517091E+00  0.76455183E-01  0.66506013E-01  0.16086202E-04  0.54809570E+01
   0.42018089E+00  0.40563004E+03  0.10230292E+00 -0.25783882E-01  0.98353853E+01  0.32411151E+01  0.48868224E+00  0.29849437E+00  0.44192293E+00  0.22934759E+01  0.46251330E+00 -0.98369926E-01  0.87010833E-02  0.49255915E+01  0.54441679E-01  0.18785003E+00  0.12336085E+00  0.28307626E+00  0.73992610E-01  0.63637502E-01  0.15845495E-04  0.52210083E+01
   0.44917491E+00  0.43362000E+03  0.10347667E+00 -0.25880743E-01  0.98371449E+01  0.32379813E+01  0.49030432E+00  0.29243881E+00  0.42252293E+00  0.21413853E+01  0.42670557E+00 -0.96228912E-01  0.72001945E-02  0.50975327E+01  0.57852339E-01  0.19018508E+00  0.12651749E+00  0.24915649E+00  0.71396917E-01  0.60843877E-01  0.15611340E-04  0.49433899E+01
   0.48012677E+00  0.46349997E+03  0.10468721E+00 -0.25963545E-01  0.98392677E+01  0.32344842E+01  0.48989716E+00  0.28580099E+00  0.40364435E+00  0.20030754E+01  0.38842836E+00 -0.93897216E-01  0.56349300E-02  0.52788053E+01  0.61611809E-01  0.19150959E+00  0.12906858E+00  0.21352506E+00  0.68639822E-01  0.58125336E-01  0.15383604E-04  0.46473083E+01
   0.51325399E+00  0.49548001E+03  0.10595033E+00 -0.26030356E-01  0.98418455E+01  0.32305076E+01  0.48706549E+00  0.27850839E+00  0.38523582E+00  0.18788493E+01  0.34735975E+00 -0.91344759E-01  0.40013879E-02  0.54679508E+01  0.65795705E-01  0.19163834E+00  0.13086450E+00  0.17634523E+00  0.65679602E-01  0.55474482E-01  0.15162353E-04  0.43307800E+01
   0.54864973E+00  0.52965002E+03  0.10728068E+00 -0.26077989E-01  0.98449860E+01  0.32259068E+01  0.48135105E+00  0.27050716E+00  0.36734802E+00  0.17702017E+01  0.30368564E+00 -0.88573791E-01  0.23040213E-02  0.56676388E+01  0.70483185E-01  0.19031364E+00  0.13169904E+00  0.13802926E+00  0.62483337E-01  0.52898616E-01  0.14944777E-04  0.39929810E+01
   0.58650053E+00  0.56619000E+03  0.10870242E+00 -0.26101928E-01  0.98488407E+01  0.32204537E+01  0.47220129E+00  0.26171014E+00  0.35001326E+00  0.16792215E+01  0.25709260E+00 -0.85548133E-01  0.54151780E-03  0.58777704E+01  0.75794257E-01  0.18716645E+00  0.13130210E+00  0.98935887E-01  0.59006512E-01  0.50402384E-01  0.14729266E-04  0.36323853E+01
   0.62696165E+00  0.60525000E+03  0.11024842E+00 -0.26095215E-01  0.98536377E+01  0.32138033E+01  0.45895228E+00  0.25201631E+00  0.33332860E+00  0.16095750E+01  0.20720194E+00 -0.82231872E-01 -0.12828836E-02  0.60941429E+01  0.81888281E-01  0.18189071E+00  0.12941496E+00  0.59734203E-01  0.55202518E-01  0.47999773E-01  0.14512389E-04  0.32477112E+01
   0.67018861E+00  0.64698004E+03  0.11196816E+00 -0.26046719E-01  0.98597145E+01  0.32054012E+01  0.44079345E+00  0.24129117E+00  0.31746161E+00  0.15673417E+01  0.15394269E+00 -0.78628980E-01 -0.31671301E-02  0.63181109E+01  0.88990711E-01  0.17406058E+00  0.12570025E+00  0.21324383E-01  0.51018540E-01  0.45714904E-01  0.14283859E-04  0.28379211E+01
   0.71642995E+00  0.69162000E+03  0.11394487E+00 -0.25937270E-01  0.98676271E+01  0.31942563E+01  0.41665792E+00  0.22931708E+00  0.30266881E+00  0.15629611E+01  0.96576907E-01 -0.74701272E-01 -0.51156031E-02  0.65449872E+01  0.97454078E-01  0.16310024E+00  0.11972578E+00 -0.15034185E-01  0.46382986E-01  0.43584723E-01  0.14025874E-04  0.24013367E+01
   0.76584101E+00  0.73932001E+03  0.11631703E+00 -0.25731448E-01  0.98783331E+01  0.31785200E+01  0.38521868E+00  0.21578865E+00  0.28945652E+00  0.16155134E+01  0.34499656E-01 -0.70449069E-01 -0.71373861E-02  0.67665548E+01  0.10780444E+00  0.14838298E+00  0.11101594E+00 -0.47182273E-01  0.41219398E-01  0.41682132E-01  0.13699336E-04  0.19377136E+01
   0.81867057E+00  0.79032007E+03  0.11935378E+00 -0.25355708E-01  0.98936501E+01  0.31542342E+01  0.34467867E+00  0.20014849E+00  0.27870506E+00  0.17619544E+01 -0.33452701E-01 -0.65626249E-01 -0.92071416E-02  0.69583006E+01  0.12091894E+00  0.12899655E+00  0.98938204E-01 -0.71521051E-01  0.35421155E-01  0.40133908E-01  0.13221111E-04  0.14471741E+01
   0.87513596E+00  0.84483002E+03  0.12360763E+00 -0.24642084E-01  0.99174843E+01  0.31116743E+01  0.29278862E+00  0.18133737E+00  0.27201685E+00  0.20788560E+01 -0.10794952E+00 -0.58814529E-01 -0.10950679E-01  0.69949088E+01  0.13823073E+00  0.10387535E+00  0.82710110E-01 -0.81051268E-01  0.28859908E-01  0.39170798E-01  0.12393808E-04  0.93319702E+00
   0.93548590E+00  0.90309003E+03  0.13023530E+00 -0.23192415E-01  0.99595194E+01  0.30229309E+01  0.22742364E+00  0.15708672E+00  0.27169487E+00  0.27241180E+01 -0.17921850E+00 -0.47391742E-01 -0.11285659E-01  0.64541888E+01  0.16137977E+00  0.73388770E-01  0.61916027E-01 -0.63994065E-01  0.21413960E-01  0.39124433E-01  0.10801033E-04  0.40780640E+00
   0.10000000E+01  0.96537006E+03  0.14151306E+00 -0.20096917E-01  0.10047636E+02  0.28060760E+01  0.14913036E+00  0.12242872E+00  0.27560237E+00  0.38869274E+01 -0.20016263E+00 -0.32141913E-01 -0.95727853E-02  0.51836185E+01  0.18464237E+00  0.40784057E-01  0.37193641E-01 -0.19936046E-01  0.13133319E-01  0.39687116E-01  0.80050077E-05 -0.89721680E-01
   0.10689890E+01  0.10319700E+04  0.16182062E+00 -0.13262054E-01  0.10270477E+02  0.22998278E+01  0.65420352E-01  0.67560405E-01  0.23157784E+00  0.46414032E+01 -0.12695701E+00 -0.14295033E-01 -0.54409713E-02  0.22974465E+01  0.14378147E+00  0.10589855E-01  0.10537529E-01  0.35315445E-02  0.63035125E-02  0.33347525E-01  0.71158788E-05 -0.44607544E+00
   0.11427017E+01  0.11031300E+04  0.19646733E+00  0.15380575E-02  0.10927074E+02  0.17156937E+01  0.10586544E-01  0.11630880E-01  0.39637677E-01  0.13939930E+01 -0.22379244E-01 -0.12603365E-02 -0.58547599E-03  0.17694840E+00  0.42789057E-01  0.65443496E-03  0.81319798E-03  0.71225374E-03  0.86336961E-03  0.57078796E-02  0.10369241E-04 -0.40106201E+00
   0.12215420E+01  0.11792400E+04  0.20372882E+00  0.66310777E-02  0.11817086E+02  0.14760264E+01  0.12960434E-02  0.18410841E-02  0.18313923E-02  0.19324806E+00 -0.78891119E-03 -0.99035560E-05 -0.92464761E-05  0.46556285E-02  0.36730498E+00  0.68152244E-05  0.28927654E-04  0.25467871E-04  0.10438303E-03  0.26372299E-03  0.12515294E-04 -0.23153687E+00
   0.13057895E+01  0.12605701E+04  0.20209883E+00  0.69167903E-02  0.12508398E+02  0.12778766E+01  0.20751529E-02  0.24021082E-02  0.60017913E-03  0.26024985E+00 -0.75115160E-04  0.24154097E-05 -0.49807426E-06  0.30867190E-02  0.80138862E+00 -0.49051056E-06 -0.16472077E-04 -0.56101894E-05  0.13599465E-03  0.86426611E-04  0.11053787E-04 -0.31967163E+00
   0.13958482E+01  0.13475100E+04  0.20101194E+00  0.72031831E-02  0.13232840E+02  0.10593355E+01  0.27250308E-02  0.28287740E-02  0.46633621E-03  0.34037775E+00 -0.34080902E-04  0.13597431E-05 -0.39540396E-06  0.27247104E-02  0.10669303E+01 -0.32488708E-06 -0.24383246E-04 -0.68462477E-05  0.16785460E-03  0.67153051E-04  0.91078628E-05 -0.42709351E+00
   0.14921222E+01  0.14404501E+04  0.20019504E+00  0.74813077E-02  0.14017236E+02  0.83732098E+00  0.31963696E-02  0.31685831E-02  0.42372954E-03  0.40372801E+00 -0.23926019E-04  0.95691189E-06 -0.30327445E-06  0.23141019E-02  0.13068675E+01 -0.20532596E-06 -0.27835018E-04 -0.56136914E-05  0.19364498E-03  0.61017628E-04  0.76374954E-05 -0.53378296E+00
   0.15950154E+01  0.15397800E+04  0.19946405E+00  0.76976814E-02  0.14863505E+02  0.63635033E+00  0.35323019E-02  0.34699391E-02  0.39868362E-03  0.44837332E+00 -0.22066848E-04  0.76728355E-06 -0.20160593E-06  0.17592517E-02  0.15504442E+01 -0.12405411E-06 -0.30361400E-04 -0.38470102E-05  0.21464097E-03  0.57410984E-04  0.61716069E-05 -0.64599609E+00
   0.17050250E+01  0.16459800E+04  0.19877592E+00  0.78550978E-02  0.15768490E+02  0.47427475E+00  0.37561613E-02  0.37498472E-02  0.37652574E-03  0.47530964E+00 -0.21975919E-04  0.62491671E-06 -0.13100933E-06  0.11687063E-02  0.18047963E+01 -0.70576263E-07 -0.32148422E-04 -0.22643692E-05  0.23163176E-03  0.54220222E-04  0.47726253E-05 -0.77484131E+00
   0.18226172E+01  0.17595000E+04  0.19813584E+00  0.79769837E-02  0.16729450E+02  0.36177382E+00  0.39087539E-02  0.40144641E-02  0.35407938E-03  0.49051553E+00 -0.23215502E-04  0.49285620E-06 -0.91458318E-07  0.64275082E-03  0.20693576E+01 -0.44369848E-07 -0.33269167E-04 -0.13943215E-05  0.24587233E-03  0.50987914E-04  0.35964783E-05 -0.92947388E+00
   0.19483513E+01  0.18808799E+04  0.19756354E+00  0.80816438E-02  0.17746582E+02  0.30088276E+00  0.40424815E-02  0.42632776E-02  0.33160025E-03  0.50198698E+00 -0.23456738E-04  0.37662613E-06 -0.69181311E-07  0.26408746E-03  0.23374166E+01 -0.37580730E-07 -0.33618766E-04 -0.12621009E-05  0.25873366E-03  0.47750887E-04  0.27562301E-05 -0.11155701E+01
   0.20827246E+01  0.20106000E+04  0.19706403E+00  0.81757074E-02  0.18821795E+02  0.28044266E+00  0.41932492E-02  0.44911103E-02  0.31019544E-03  0.51558590E+00 -0.28542416E-04  0.28101022E-06 -0.53093363E-07  0.63312538E-04  0.25972037E+01 -0.38296161E-07 -0.32881930E-04 -0.15294228E-05  0.27106513E-03  0.44668566E-04  0.22328543E-05 -0.13341064E+01
   0.22263587E+01  0.21492600E+04  0.19663814E+00  0.82581835E-02  0.19961086E+02  0.27863544E+00  0.43673310E-02  0.46913568E-02  0.29088283E-03  0.53306550E+00 -0.19189973E-04  0.20576640E-06 -0.40152401E-07  0.50390595E-05  0.28356307E+01 -0.37739682E-07 -0.30655341E-04 -0.17880681E-05  0.28293265E-03  0.41887524E-04  0.18986365E-05 -0.15812988E+01
   0.23799059E+01  0.22974900E+04  0.19630313E+00  0.83257416E-02  0.21171965E+02  0.27848202E+00  0.45464421E-02  0.48585311E-02  0.27452386E-03  0.55242223E+00 -0.14182001E-04  0.13884754E-06 -0.27982525E-07  0.35917333E-06  0.30414786E+01 -0.32735368E-07 -0.26652961E-04 -0.17709480E-05  0.29373373E-03  0.39531809E-04  0.16258189E-05 -0.18529053E+01
   0.25440505E+01  0.24559500E+04  0.19606455E+00  0.83749685E-02  0.22462341E+02  0.27848193E+00  0.47046673E-02  0.49891626E-02  0.26172536E-03  0.57012421E+00 -0.18399945E-04  0.83431807E-07 -0.16846890E-07  0.13991579E-07  0.32066882E+01 -0.24647170E-07 -0.20850306E-04 -0.14665644E-05  0.30263228E-03  0.37688809E-04  0.13373668E-05 -0.21473389E+01
   0.27195063E+01  0.26253298E+04  0.19591719E+00  0.84043397E-02  0.23838688E+02  0.27847430E+00  0.48254333E-02  0.50806422E-02  0.25285615E-03  0.58387095E+00 -0.15355565E-04  0.41174154E-07 -0.81204723E-08  0.17889329E-06  0.33247311E+01 -0.15312992E-07 -0.13455146E-04 -0.97478176E-06  0.30905296E-03  0.36411631E-04  0.83000401E-06 -0.24650269E+01
   0.29070821E+01  0.28064099E+04  0.19585781E+00  0.84161218E-02  0.25308855E+02  0.27837536E+00  0.48923171E-02  0.51293722E-02  0.24820073E-03  0.59166163E+00 -0.14988909E-04  0.11262960E-07 -0.22143078E-08 -0.16993468E-07  0.33885264E+01 -0.52860996E-08 -0.47746412E-05 -0.35039642E-06  0.31244225E-03  0.35741243E-04  0.23940777E-06 -0.28058777E+01
   0.31075857E+01  0.29999700E+04  0.19585781E+00  0.84161218E-02  0.26880119E+02  0.27849951E+00  0.48923176E-02  0.51293722E-02  0.24820073E-03  0.59166175E+00  0.27814903E-03  0.00000000E+00  0.00000000E+00 -0.79762873E-06  0.33885262E+01 -0.52866040E-08 -0.47746421E-05 -0.35042251E-06  0.31216434E-03  0.35741243E-04  0.23940777E-06 -0.31705017E+01
