   0.42593348E-03  0.46985999E+00  0.63744690E-02 -0.30010338E-02  0.10652108E+02  0.32077417E+01  0.18141285E+00  0.33798698E+00  0.13694170E+02  0.18059073E+03  0.10000384E+01 -0.85591525E-01  0.45673884E-01  0.23317215E+01  0.46496885E-02 -0.89100450E-06 -0.62317793E-06 -0.45158825E-06  0.17113937E+02  0.20272899E+01  0.37213558E-04  0.10093475E+02
   0.45813277E-03  0.50537997E+00  0.65287780E-02 -0.30736807E-02  0.10652090E+02  0.32074990E+01  0.18141285E+00  0.33757493E+00  0.13619413E+02  0.17954361E+03  0.99938875E+00 -0.85788108E-01  0.45776419E-01  0.23377957E+01  0.46731723E-02  0.11343139E-01  0.22957189E-01  0.50502503E+00  0.15891088E+02  0.20162230E+01  0.37095884E-04  0.10093140E+02
   0.49253489E-03  0.54332995E+00  0.66928430E-02 -0.31509143E-02  0.10652068E+02  0.32072408E+01  0.18141308E+00  0.33713952E+00  0.13540365E+02  0.17843584E+03  0.99978971E+00 -0.85789904E-01  0.45772340E-01  0.23377521E+01  0.47003627E-02  0.11382254E-01  0.22866787E-01  0.50467426E+00  0.14761505E+02  0.20045207E+01  0.36970163E-04  0.10092773E+02
   0.52930298E-03  0.58389002E+00  0.68672863E-02 -0.32330262E-02  0.10652040E+02  0.32069664E+01  0.18141329E+00  0.33667946E+00  0.13456811E+02  0.17726530E+03  0.10001369E+01 -0.85792415E-01  0.45768380E-01  0.23385293E+01  0.47301878E-02  0.11436399E-01  0.22779198E-01  0.50405782E+00  0.13716821E+02  0.19921513E+01  0.36724119E-04  0.10092377E+02
   0.56862744E-03  0.62726998E+00  0.70528360E-02 -0.33203580E-02  0.10652006E+02  0.32066746E+01  0.18141340E+00  0.33619341E+00  0.13368488E+02  0.17602849E+03  0.99992657E+00 -0.85791968E-01  0.45762487E-01  0.23404961E+01  0.47611906E-02  0.11495266E-01  0.22686822E-01  0.50337029E+00  0.12749290E+02  0.19790759E+01  0.36249028E-04  0.10091980E+02
   0.61067147E-03  0.67365003E+00  0.72500589E-02 -0.34131748E-02  0.10651967E+02  0.32063642E+01  0.18141340E+00  0.33568048E+00  0.13275228E+02  0.17472314E+03  0.99979937E+00 -0.85791804E-01  0.45756344E-01  0.23419604E+01  0.47935066E-02  0.11556866E-01  0.22587860E-01  0.50267440E+00  0.11852962E+02  0.19652696E+01  0.36010195E-04  0.10091522E+02
   0.65559818E-03  0.72320998E+00  0.74594943E-02 -0.35117283E-02  0.10651921E+02  0.32060344E+01  0.18141334E+00  0.33513996E+00  0.13176888E+02  0.17334734E+03  0.99954915E+00 -0.85791081E-01  0.45749526E-01  0.23428421E+01  0.48274770E-02  0.11621528E-01  0.22482459E-01  0.50195867E+00  0.11022533E+02  0.19507113E+01  0.35975649E-04  0.10091034E+02
   0.70362515E-03  0.77618998E+00  0.76819044E-02 -0.36163754E-02  0.10651869E+02  0.32056844E+01  0.18141317E+00  0.33457056E+00  0.13073231E+02  0.17189787E+03  0.99957824E+00 -0.85792750E-01  0.45743510E-01  0.23445222E+01  0.48629199E-02  0.11689229E-01  0.22371132E-01  0.50116658E+00  0.10252383E+02  0.19353658E+01  0.35869998E-04  0.10090515E+02
   0.75496995E-03  0.83283001E+00  0.79180105E-02 -0.37274535E-02  0.10651806E+02  0.32053127E+01  0.18141288E+00  0.33397138E+00  0.12964061E+02  0.17037212E+03  0.99961114E+00 -0.85794523E-01  0.45737050E-01  0.23454716E+01  0.49003153E-02  0.11760358E-01  0.22255175E-01  0.50034946E+00  0.95377245E+01  0.19192042E+01  0.35733105E-04  0.10089966E+02
   0.80985011E-03  0.89336997E+00  0.81684906E-02 -0.38452782E-02  0.10651734E+02  0.32049186E+01  0.18141246E+00  0.33334157E+00  0.12849216E+02  0.16876794E+03  0.99923784E+00 -0.85793220E-01  0.45728546E-01  0.23449872E+01  0.49397042E-02  0.11833844E-01  0.22133002E-01  0.49950248E+00  0.88743830E+01  0.19022027E+01  0.35443809E-04  0.10089355E+02
   0.86851051E-03  0.95807999E+00  0.84340982E-02 -0.39702021E-02  0.10651652E+02  0.32045009E+01  0.18141194E+00  0.33268023E+00  0.12728519E+02  0.16708301E+03  0.99892658E+00 -0.85792072E-01  0.45719635E-01  0.23457570E+01  0.49811662E-02  0.11910542E-01  0.22003885E-01  0.49861911E+00  0.82583885E+01  0.18843347E+01  0.35331148E-04  0.10088684E+02
   0.93122304E-03  0.10272601E+01  0.87156584E-02 -0.41026091E-02  0.10651559E+02  0.32040584E+01  0.18141133E+00  0.33198637E+00  0.12601777E+02  0.16531477E+03  0.99884796E+00 -0.85791901E-01  0.45710593E-01  0.23452146E+01  0.50242762E-02  0.11992947E-01  0.21868655E-01  0.49770963E+00  0.76860375E+01  0.18655716E+01  0.35210320E-04  0.10087982E+02
   0.99825952E-03  0.11012100E+01  0.90139322E-02 -0.42428542E-02  0.10651450E+02  0.32035902E+01  0.18141067E+00  0.33125946E+00  0.12468846E+02  0.16346147E+03  0.99886632E+00 -0.85792065E-01  0.45701090E-01  0.23439841E+01  0.50694910E-02  0.12080470E-01  0.21726711E-01  0.49676475E+00  0.71541209E+01  0.18458925E+01  0.34861503E-04  0.10087219E+02
   0.10699192E-02  0.11802599E+01  0.93297418E-02 -0.43913191E-02  0.10651326E+02  0.32030950E+01  0.18141000E+00  0.33049881E+00  0.12329582E+02  0.16152126E+03  0.99865812E+00 -0.85791498E-01  0.45690589E-01  0.23434238E+01  0.51174201E-02  0.12171360E-01  0.21578025E-01  0.49574965E+00  0.66596198E+01  0.18252759E+01  0.34739485E-04  0.10086395E+02
   0.11465285E-02  0.12647700E+01  0.96639600E-02 -0.45484100E-02  0.10651185E+02  0.32025714E+01  0.18140933E+00  0.32970384E+00  0.12183846E+02  0.15949245E+03  0.99844819E+00 -0.85791588E-01  0.45679867E-01  0.23441191E+01  0.51672584E-02  0.12266743E-01  0.21421999E-01  0.49468416E+00  0.61997313E+01  0.18037009E+01  0.34730008E-04  0.10085480E+02
   0.12284138E-02  0.13551000E+01  0.10017374E-01 -0.47144918E-02  0.10651025E+02  0.32020175E+01  0.18140878E+00  0.32887426E+00  0.12031558E+02  0.15737415E+03  0.99829060E+00 -0.85792020E-01  0.45668650E-01  0.23449414E+01  0.52188272E-02  0.12366491E-01  0.21258095E-01  0.49358785E+00  0.57720132E+01  0.17811562E+01  0.34464367E-04  0.10084503E+02
   0.13159555E-02  0.14516701E+01  0.10390916E-01 -0.48899977E-02  0.10650843E+02  0.32014329E+01  0.18140836E+00  0.32800958E+00  0.11872602E+02  0.15516502E+03  0.99806911E+00 -0.85791729E-01  0.45656227E-01  0.23449609E+01  0.52730087E-02  0.12469484E-01  0.21086831E-01  0.49243614E+00  0.53740525E+01  0.17576243E+01  0.34332548E-04  0.10083466E+02
   0.14095075E-02  0.15548699E+01  0.10785303E-01 -0.50752568E-02  0.10650638E+02  0.32008162E+01  0.18140820E+00  0.32711014E+00  0.11706980E+02  0.15286542E+03  0.99781209E+00 -0.85790873E-01  0.45642681E-01  0.23457265E+01  0.53293793E-02  0.12578158E-01  0.20908771E-01  0.49125990E+00  0.50038533E+01  0.17331055E+01  0.34184901E-04  0.10082336E+02
   0.15095320E-02  0.16652100E+01  0.11201607E-01 -0.52707661E-02  0.10650406E+02  0.32001655E+01  0.18140836E+00  0.32617545E+00  0.11534575E+02  0.15047401E+03  0.99751627E+00 -0.85789941E-01  0.45628265E-01  0.23461452E+01  0.53876266E-02  0.12690874E-01  0.20722209E-01  0.49002436E+00  0.46592555E+01  0.17075827E+01  0.33881177E-04  0.10081116E+02
   0.16164640E-02  0.17831699E+01  0.11640663E-01 -0.54769097E-02  0.10650146E+02  0.31994801E+01  0.18140903E+00  0.32520598E+00  0.11355408E+02  0.14799142E+03  0.99720812E+00 -0.85789464E-01  0.45613185E-01  0.23456781E+01  0.54481928E-02  0.12807447E-01  0.20527789E-01  0.48873231E+00  0.43384957E+01  0.16810586E+01  0.33736265E-04  0.10079803E+02
   0.17307660E-02  0.19092599E+01  0.12103288E-01 -0.56940629E-02  0.10649855E+02  0.31987586E+01  0.18141037E+00  0.32420230E+00  0.11169526E+02  0.14541872E+03  0.99703646E+00 -0.85789815E-01  0.45597613E-01  0.23459139E+01  0.55107018E-02  0.12929316E-01  0.20326288E-01  0.48741901E+00  0.40399351E+01  0.16535407E+01  0.33550310E-04  0.10078369E+02
   0.18529549E-02  0.20440500E+01  0.12590379E-01 -0.59226356E-02  0.10649528E+02  0.31980000E+01  0.18141262E+00  0.32316509E+00  0.10976982E+02  0.14275699E+03  0.99686635E+00 -0.85789882E-01  0.45580845E-01  0.23466597E+01  0.55753496E-02  0.13056464E-01  0.20117488E-01  0.48607144E+00  0.37619996E+01  0.16250365E+01  0.33368826E-04  0.10076813E+02
   0.19835469E-02  0.21881099E+01  0.13102669E-01 -0.61629633E-02  0.10649161E+02  0.31972027E+01  0.18141609E+00  0.32209542E+00  0.10777921E+02  0.14000864E+03  0.99667209E+00 -0.85790068E-01  0.45563061E-01  0.23472660E+01  0.56423820E-02  0.13188343E-01  0.19901413E-01  0.48467705E+00  0.35033062E+01  0.15955673E+01  0.33109212E-04  0.10075165E+02
   0.21231677E-02  0.23421299E+01  0.13641167E-01 -0.64155050E-02  0.10648753E+02  0.31963656E+01  0.18142110E+00  0.32099420E+00  0.10572415E+02  0.13717516E+03  0.99635881E+00 -0.85789658E-01  0.45543883E-01  0.23481386E+01  0.57110307E-02  0.13324115E-01  0.19677540E-01  0.48324236E+00  0.32624354E+01  0.15651442E+01  0.32958411E-04  0.10073364E+02
   0.22724159E-02  0.25067701E+01  0.14206572E-01 -0.66805771E-02  0.10648300E+02  0.31954877E+01  0.18142809E+00  0.31986305E+00  0.10360685E+02  0.13426003E+03  0.99604756E+00 -0.85788928E-01  0.45523323E-01  0.23499255E+01  0.57814289E-02  0.13466090E-01  0.19447131E-01  0.48179549E+00  0.30382042E+01  0.15337996E+01  0.32745800E-04  0.10071411E+02
   0.24319438E-02  0.26827500E+01  0.14799597E-01 -0.69584986E-02  0.10647798E+02  0.31945672E+01  0.18143754E+00  0.31870389E+00  0.10142974E+02  0.13126703E+03  0.99572492E+00 -0.85787676E-01  0.45501161E-01  0.23510475E+01  0.58537521E-02  0.13614721E-01  0.19211140E-01  0.48033196E+00  0.28294821E+01  0.15015695E+01  0.32471566E-04  0.10069305E+02
   0.26024857E-02  0.28708801E+01  0.15421046E-01 -0.72496301E-02  0.10647243E+02  0.31936045E+01  0.18144999E+00  0.31751844E+00  0.99195175E+01  0.12819995E+03  0.99535841E+00 -0.85786365E-01  0.45477625E-01  0.23509541E+01  0.59276707E-02  0.13768412E-01  0.18968882E-01  0.47884336E+00  0.26351767E+01  0.14684889E+01  0.32240481E-04  0.10067047E+02
   0.27848033E-02  0.30720000E+01  0.16071588E-01 -0.75542680E-02  0.10646630E+02  0.31925986E+01  0.18146612E+00  0.31630915E+00  0.96906319E+01  0.12506363E+03  0.99504429E+00 -0.85785918E-01  0.45453168E-01  0.23511820E+01  0.60032387E-02  0.13927158E-01  0.18720159E-01  0.47733429E+00  0.24543064E+01  0.14346046E+01  0.32019176E-04  0.10064575E+02
   0.29797938E-02  0.32870998E+01  0.16752120E-01 -0.78728134E-02  0.10645956E+02  0.31915479E+01  0.18148670E+00  0.31507808E+00  0.94565773E+01  0.12186215E+03  0.99470747E+00 -0.85785717E-01  0.45427315E-01  0.23516693E+01  0.60805189E-02  0.14091067E-01  0.18465348E-01  0.47580445E+00  0.22858918E+01  0.13999552E+01  0.31844149E-04  0.10061951E+02
   0.31881102E-02  0.35168998E+01  0.17462427E-01 -0.82051437E-02  0.10645217E+02  0.31904533E+01  0.18151259E+00  0.31382951E+00  0.92180147E+01  0.11860507E+03  0.99433178E+00 -0.85785285E-01  0.45399778E-01  0.23524833E+01  0.61588050E-02  0.14260427E-01  0.18205455E-01  0.47428456E+00  0.21292629E+01  0.13646382E+01  0.31550691E-04  0.10059082E+02
   0.34105682E-02  0.37623000E+01  0.18202623E-01 -0.85512903E-02  0.10644409E+02  0.31893148E+01  0.18154487E+00  0.31256714E+00  0.89754868E+01  0.11530033E+03  0.99387228E+00 -0.85783705E-01  0.45369957E-01  0.23534470E+01  0.62381295E-02  0.14437177E-01  0.17942181E-01  0.47279692E+00  0.19836597E+01  0.13287343E+01  0.31297466E-04  0.10056030E+02
   0.36487994E-02  0.40250998E+01  0.18975168E-01 -0.89123789E-02  0.10643528E+02  0.31881287E+01  0.18158479E+00  0.31129089E+00  0.87287979E+01  0.11194573E+03  0.99348336E+00 -0.85782453E-01  0.45338541E-01  0.23544395E+01  0.63185142E-02  0.14621383E-01  0.17675098E-01  0.47132042E+00  0.18479503E+01  0.12922144E+01  0.31076550E-04  0.10052734E+02
   0.39030758E-02  0.43056002E+01  0.19777777E-01 -0.92873145E-02  0.10642569E+02  0.31868992E+01  0.18163358E+00  0.31000876E+00  0.84792881E+01  0.10855998E+03  0.99313515E+00 -0.85782304E-01  0.45305908E-01  0.23551335E+01  0.63996166E-02  0.14811160E-01  0.17405119E-01  0.46986303E+00  0.17219050E+01  0.12552769E+01  0.30837502E-04  0.10049164E+02
   0.41753012E-02  0.46059003E+01  0.20613048E-01 -0.96772835E-02  0.10641527E+02  0.31856229E+01  0.18169290E+00  0.30872071E+00  0.82267590E+01  0.10514084E+03  0.99266553E+00 -0.85781679E-01  0.45270983E-01  0.23559155E+01  0.64815907E-02  0.15007772E-01  0.17132537E-01  0.46842900E+00  0.16044989E+01  0.12178924E+01  0.30557141E-04  0.10045349E+02
   0.44660196E-02  0.49266000E+01  0.21478973E-01 -0.10081314E-01  0.10640402E+02  0.31843028E+01  0.18176439E+00  0.30743429E+00  0.79724245E+01  0.10170514E+03  0.99222898E+00 -0.85781038E-01  0.45234036E-01  0.23571575E+01  0.65638525E-02  0.15213495E-01  0.16859615E-01  0.46706370E+00  0.14954342E+01  0.11802406E+01  0.30314339E-04  0.10041260E+02
   0.47768624E-02  0.52694998E+01  0.22376506E-01 -0.10499819E-01  0.10639188E+02  0.31829379E+01  0.18185009E+00  0.30615222E+00  0.77165842E+01  0.98257278E+02  0.99175191E+00 -0.85779689E-01  0.45194488E-01  0.23581169E+01  0.66464148E-02  0.15429387E-01  0.16586976E-01  0.46576697E+00  0.13940091E+01  0.11423659E+01  0.30075063E-04  0.10036835E+02
   0.51089176E-02  0.56357999E+01  0.23304615E-01 -0.10932283E-01  0.10637884E+02  0.31815307E+01  0.18195213E+00  0.30488017E+00  0.74600954E+01  0.94809120E+02  0.99121124E+00 -0.85777812E-01  0.45152403E-01  0.23589640E+01  0.67290585E-02  0.15655519E-01  0.16316015E-01  0.46454969E+00  0.12997899E+01  0.11043953E+01  0.29766366E-04  0.10032135E+02
   0.54640886E-02  0.60275998E+01  0.24264172E-01 -0.11379072E-01  0.10636487E+02  0.31800802E+01  0.18207307E+00  0.30362117E+00  0.72032714E+01  0.91365082E+02  0.99063069E+00 -0.85775949E-01  0.45107979E-01  0.23598020E+01  0.68118582E-02  0.15892107E-01  0.16046818E-01  0.46342325E+00  0.12121683E+01  0.10663749E+01  0.29486482E-04  0.10027069E+02
   0.58440072E-02  0.64466996E+01  0.25254788E-01 -0.11839965E-01  0.10634995E+02  0.31785877E+01  0.18221563E+00  0.30237988E+00  0.69467545E+01  0.87933975E+02  0.99008775E+00 -0.85775197E-01  0.45061592E-01  0.23609686E+01  0.68945847E-02  0.16139664E-01  0.15780048E-01  0.46238980E+00  0.11306999E+01  0.10284001E+01  0.29240040E-04  0.10021637E+02
   0.62497621E-02  0.68943000E+01  0.26274312E-01 -0.12313919E-01  0.10633406E+02  0.31770566E+01  0.18238260E+00  0.30116308E+00  0.66915932E+01  0.84529877E+02  0.98948944E+00 -0.85773654E-01  0.45012143E-01  0.23626652E+01  0.69768690E-02  0.16400598E-01  0.15518327E-01  0.46149114E+00  0.10550841E+01  0.99062592E+00  0.28959190E-04  0.10015839E+02
   0.66835280E-02  0.73728004E+01  0.27322961E-01 -0.12800986E-01  0.10631721E+02  0.31754870E+01  0.18257740E+00  0.29997423E+00  0.64381766E+01  0.81157936E+02  0.98878026E+00 -0.85770361E-01  0.44959057E-01  0.23640370E+01  0.70587480E-02  0.16676495E-01  0.15262534E-01  0.46073943E+00  0.98484111E+00  0.95311004E+00  0.28657916E-04  0.10009644E+02
   0.71474803E-02  0.78846002E+01  0.28400388E-01 -0.13300960E-01  0.10629940E+02  0.31738808E+01  0.18280381E+00  0.29881766E+00  0.61870131E+01  0.77824783E+02  0.98800534E+00 -0.85766606E-01  0.44902787E-01  0.23653862E+01  0.71401475E-02  0.16968369E-01  0.15013501E-01  0.46012834E+00  0.91957027E+00  0.91592765E+00  0.28405431E-04  0.10003021E+02
   0.76432517E-02  0.84315004E+01  0.29504554E-01 -0.13812842E-01  0.10628066E+02  0.31722410E+01  0.18306556E+00  0.29769906E+00  0.59389563E+01  0.74541496E+02  0.98722851E+00 -0.85763186E-01  0.44843648E-01  0.23672559E+01  0.72210748E-02  0.17277768E-01  0.14773319E-01  0.45968503E+00  0.85898775E+00  0.87920523E+00  0.28158556E-04  0.99959717E+01
   0.81730168E-02  0.90158997E+01  0.30634267E-01 -0.14336027E-01  0.10626098E+02  0.31705699E+01  0.18336691E+00  0.29662299E+00  0.56945863E+01  0.71315437E+02  0.98648405E+00 -0.85760280E-01  0.44781718E-01  0.23693907E+01  0.73017259E-02  0.17606189E-01  0.14543115E-01  0.45942932E+00  0.80276352E+00  0.84302860E+00  0.27881219E-04  0.99884644E+01
   0.87394956E-02  0.96408005E+01  0.31788990E-01 -0.14870214E-01  0.10624038E+02  0.31688690E+01  0.18371278E+00  0.29559320E+00  0.54542952E+01  0.68151321E+02  0.98562741E+00 -0.85755669E-01  0.44715494E-01  0.23716455E+01  0.73820292E-02  0.17956322E-01  0.14324305E-01  0.45937875E+00  0.75055587E+00  0.80745584E+00  0.27594569E-04  0.99804382E+01
   0.93451366E-02  0.10308900E+02  0.32967087E-01 -0.15414585E-01  0.10621890E+02  0.31671414E+01  0.18410829E+00  0.29461420E+00  0.52186527E+01  0.65056114E+02  0.98464090E+00 -0.85749216E-01  0.44644773E-01  0.23736310E+01  0.74619539E-02  0.18330786E-01  0.14118661E-01  0.45955598E+00  0.70209402E+00  0.77257127E+00  0.27335864E-04  0.99719238E+01
   0.99923853E-02  0.11022900E+02  0.34166522E-01 -0.15968142E-01  0.10619662E+02  0.31653912E+01  0.18455878E+00  0.29369038E+00  0.49882369E+01  0.62036758E+02  0.98364991E+00 -0.85742995E-01  0.44570621E-01  0.23756945E+01  0.75416500E-02  0.18731195E-01  0.13927434E-01  0.45996574E+00  0.65713269E+00  0.73846042E+00  0.27080237E-04  0.99628601E+01
   0.10684507E-01  0.11786401E+02  0.35386320E-01 -0.16530372E-01  0.10617353E+02  0.31636202E+01  0.18507047E+00  0.29282513E+00  0.47633567E+01  0.59096577E+02  0.98267615E+00 -0.85737616E-01  0.44492994E-01  0.23785923E+01  0.76213069E-02  0.19159282E-01  0.13751670E-01  0.46060628E+00  0.61539948E+00  0.70516908E+00  0.26809936E-04  0.99532166E+01
   0.11424220E-01  0.12602400E+02  0.36624044E-01 -0.17100092E-01  0.10614973E+02  0.31618319E+01  0.18564945E+00  0.29202256E+00  0.45445309E+01  0.56241543E+02  0.98155576E+00 -0.85730262E-01  0.44410408E-01  0.23816295E+01  0.77010593E-02  0.19619523E-01  0.13594117E-01  0.46150950E+00  0.57668740E+00  0.67277402E+00  0.26543208E-04  0.99429932E+01
   0.12214789E-01  0.13474501E+02  0.37877806E-01 -0.17676366E-01  0.10612528E+02  0.31600299E+01  0.18630259E+00  0.29128593E+00  0.43321023E+01  0.53475307E+02  0.98035508E+00 -0.85721381E-01  0.44322975E-01  0.23845010E+01  0.77812513E-02  0.20114969E-01  0.13456309E-01  0.46269223E+00  0.54078025E+00  0.64132601E+00  0.26296459E-04  0.99321289E+01
   0.13060020E-01  0.14406900E+02  0.39146099E-01 -0.18258441E-01  0.10610024E+02  0.31582172E+01  0.18703753E+00  0.29061806E+00  0.41262937E+01  0.50799831E+02  0.97909850E+00 -0.85711218E-01  0.44230469E-01  0.23876119E+01  0.78624170E-02  0.20647977E-01  0.13339523E-01  0.46416891E+00  0.50746512E+00  0.61085802E+00  0.26043870E-04  0.99206238E+01
   0.13963723E-01  0.15403801E+02  0.40426910E-01 -0.18845322E-01  0.10607470E+02  0.31563973E+01  0.18786222E+00  0.29002160E+00  0.39273539E+01  0.48217415E+02  0.97779787E+00 -0.85700206E-01  0.44132989E-01  0.23913121E+01  0.79447310E-02  0.21220822E-01  0.13245095E-01  0.46593761E+00  0.47655660E+00  0.58140689E+00  0.25804975E-04  0.99084167E+01
   0.14929429E-01  0.16469101E+02  0.41717492E-01 -0.19435685E-01  0.10604873E+02  0.31545737E+01  0.18878469E+00  0.28949922E+00  0.37355843E+01  0.45731033E+02  0.97637939E+00 -0.85686661E-01  0.44029649E-01  0.23953009E+01  0.80284821E-02  0.21838600E-01  0.13175976E-01  0.46801874E+00  0.44789732E+00  0.55301726E+00  0.25570074E-04  0.98954773E+01
   0.15962036E-01  0.17608200E+02  0.43016501E-01 -0.20028850E-01  0.10602242E+02  0.31527493E+01  0.18981455E+00  0.28905267E+00  0.35510154E+01  0.43340137E+02  0.97492266E+00 -0.85671380E-01  0.43920502E-01  0.23991420E+01  0.81142932E-02  0.22506913E-01  0.13134882E-01  0.47043249E+00  0.42130801E+00  0.52569360E+00  0.25320782E-04  0.98817749E+01
   0.17065622E-01  0.18825600E+02  0.44321124E-01 -0.20623468E-01  0.10599586E+02  0.31509285E+01  0.19096085E+00  0.28868383E+00  0.33738427E+01  0.41046360E+02  0.97336519E+00 -0.85654311E-01  0.43805253E-01  0.24031243E+01  0.82026953E-02  0.23223625E-01  0.13121002E-01  0.47314188E+00  0.39665270E+00  0.49946490E+00  0.25088830E-04  0.98672791E+01
   0.18245630E-01  0.20127300E+02  0.45629844E-01 -0.21218779E-01  0.10596914E+02  0.31491137E+01  0.19223416E+00  0.28839386E+00  0.32040410E+01  0.38848446E+02  0.97165555E+00 -0.85634269E-01  0.43683134E-01  0.24074326E+01  0.82942853E-02  0.23993373E-01  0.13136717E-01  0.47615957E+00  0.37378025E+00  0.47432739E+00  0.24860448E-04  0.98518982E+01
   0.19506678E-01  0.21518400E+02  0.46939824E-01 -0.21813424E-01  0.10594236E+02  0.31473088E+01  0.19364439E+00  0.28818375E+00  0.30417113E+01  0.36746891E+02  0.96993184E+00 -0.85613765E-01  0.43555316E-01  0.24121919E+01  0.83895484E-02  0.24822379E-01  0.13185496E-01  0.47948724E+00  0.35257339E+00  0.45029604E+00  0.24629962E-04  0.98356323E+01
   0.20855023E-01  0.23005800E+02  0.48249625E-01 -0.22406688E-01  0.10591559E+02  0.31455157E+01  0.19520344E+00  0.28805390E+00  0.28867419E+01  0.34739502E+02  0.96804500E+00 -0.85589655E-01  0.43419749E-01  0.24173381E+01  0.84893163E-02  0.25715718E-01  0.13269935E-01  0.48311397E+00  0.33290112E+00  0.42735431E+00  0.24410832E-04  0.98183899E+01
   0.22296103E-01  0.24595499E+02  0.49556624E-01 -0.22997320E-01  0.10588896E+02  0.31437380E+01  0.19692227E+00  0.28800443E+00  0.27391310E+01  0.32825584E+02  0.96601897E+00 -0.85561715E-01  0.43276317E-01  0.24228382E+01  0.85941907E-02  0.26679179E-01  0.13393746E-01  0.48704347E+00  0.31466016E+00  0.40550193E+00  0.24198629E-04  0.98001404E+01
   0.23836449E-01  0.26294701E+02  0.50858952E-01 -0.23584414E-01  0.10586252E+02  0.31419780E+01  0.19881317E+00  0.28803498E+00  0.25987589E+01  0.31003021E+02  0.96391350E+00 -0.85531518E-01  0.43125492E-01  0.24289253E+01  0.87049566E-02  0.27713733E-01  0.13557747E-01  0.49124432E+00  0.29774436E+00  0.38472122E+00  0.23980190E-04  0.97808228E+01
   0.25483398E-01  0.28111500E+02  0.52155074E-01 -0.24167217E-01  0.10583636E+02  0.31402373E+01  0.20088911E+00  0.28814468E+00  0.24654520E+01  0.29269106E+02  0.96167940E+00 -0.85497990E-01  0.42966321E-01  0.24354458E+01  0.88223033E-02  0.28820721E-01  0.13763020E-01  0.49568477E+00  0.28205290E+00  0.36498642E+00  0.23767996E-04  0.97603455E+01
   0.27244298E-01  0.30054001E+02  0.53443100E-01 -0.24744820E-01  0.10581056E+02  0.31385183E+01  0.20316298E+00  0.28833231E+00  0.23390579E+01  0.27621506E+02  0.95933074E+00 -0.85461006E-01  0.42798676E-01  0.24421642E+01  0.89470167E-02  0.30008135E-01  0.14014245E-01  0.50037187E+00  0.26749778E+00  0.34627497E+00  0.23556264E-04  0.97386475E+01
   0.29126214E-01  0.32130001E+02  0.54720737E-01 -0.25316140E-01  0.10578518E+02  0.31368239E+01  0.20564681E+00  0.28859609E+00  0.22194448E+01  0.26058264E+02  0.95682406E+00 -0.85419700E-01  0.42621691E-01  0.24492426E+01  0.90798791E-02  0.31278346E-01  0.14313871E-01  0.50525427E+00  0.25400242E+00  0.32856742E+00  0.23342134E-04  0.97156372E+01
   0.31135950E-01  0.34347000E+02  0.55985484E-01 -0.25880005E-01  0.10576033E+02  0.31351564E+01  0.20835154E+00  0.28893331E+00  0.21064792E+01  0.24577524E+02  0.95411086E+00 -0.85372806E-01  0.42434599E-01  0.24570210E+01  0.92216469E-02  0.32636840E-01  0.14666128E-01  0.51030457E+00  0.24149783E+00  0.31184393E+00  0.23135710E-04  0.96912842E+01
   0.33287100E-01  0.36720001E+02  0.57238720E-01 -0.26436981E-01  0.10573601E+02  0.31335130E+01  0.21129669E+00  0.28934208E+00  0.19996848E+01  0.23173035E+02  0.95124191E+00 -0.85320897E-01  0.42237241E-01  0.24649997E+01  0.93736183E-02  0.34091085E-01  0.15075114E-01  0.51551074E+00  0.22988485E+00  0.29603407E+00  0.22932607E-04  0.96654053E+01
   0.35585109E-01  0.39255001E+02  0.58476593E-01 -0.26985306E-01  0.10571231E+02  0.31318991E+01  0.21448985E+00  0.28981829E+00  0.18990402E+01  0.21844614E+02  0.94816792E+00 -0.85262328E-01  0.42028572E-01  0.24732759E+01  0.95361294E-02  0.35643239E-01  0.15544085E-01  0.52080798E+00  0.21912137E+00  0.28113461E+00  0.22726092E-04  0.96379700E+01
   0.38043566E-01  0.41966999E+02  0.59699669E-01 -0.27525181E-01  0.10568927E+02  0.31303120E+01  0.21794850E+00  0.29035887E+00  0.18041524E+01  0.20587271E+02  0.94483691E+00 -0.85195839E-01  0.41807268E-01  0.24824076E+01  0.97104143E-02  0.37298545E-01  0.16077057E-01  0.52614397E+00  0.20913059E+00  0.26708737E+00  0.22520413E-04  0.96088257E+01
   0.40670637E-01  0.44865002E+02  0.60905468E-01 -0.28055465E-01  0.10566694E+02  0.31287546E+01  0.22168094E+00  0.29095879E+00  0.17148767E+01  0.19399385E+02  0.94140685E+00 -0.85126981E-01  0.41576061E-01  0.24923751E+01  0.98972619E-02  0.39048590E-01  0.16672393E-01  0.53145707E+00  0.19986750E+00  0.25387096E+00  0.22311548E-04  0.95778809E+01
   0.43477196E-01  0.47960999E+02  0.62092844E-01 -0.28575618E-01  0.10564533E+02  0.31272271E+01  0.22569762E+00  0.29161298E+00  0.16309615E+01  0.18277985E+02  0.93781930E+00 -0.85052609E-01  0.41333232E-01  0.25031898E+01  0.10097511E-01  0.40897116E-01  0.17334035E-01  0.53671896E+00  0.19128019E+00  0.24144813E+00  0.22104328E-04  0.95450134E+01
   0.46479564E-01  0.51273003E+02  0.63262597E-01 -0.29085949E-01  0.10562445E+02  0.31257274E+01  0.23001577E+00  0.29231688E+00  0.15520301E+01  0.17218517E+02  0.93398803E+00 -0.84969021E-01  0.41076146E-01  0.25148101E+01  0.10312073E-01  0.42878356E-01  0.18081743E-01  0.54197347E+00  0.18330838E+00  0.22976309E+00  0.21902013E-04  0.95100708E+01
   0.49685895E-01  0.54810001E+02  0.64412110E-01 -0.29585281E-01  0.10560432E+02  0.31242576E+01  0.23463891E+00  0.29306319E+00  0.14779484E+01  0.16219723E+02  0.92983973E+00 -0.84874593E-01  0.40803920E-01  0.25268846E+01  0.10541594E-01  0.44983100E-01  0.18914221E-01  0.54707783E+00  0.17592011E+00  0.21879601E+00  0.21690235E-04  0.94729614E+01
   0.53117950E-01  0.58596001E+02  0.65543555E-01 -0.30074516E-01  0.10558497E+02  0.31228142E+01  0.23958674E+00  0.29384705E+00  0.14082859E+01  0.15276337E+02  0.92528194E+00 -0.84766977E-01  0.40514395E-01  0.25394297E+01  0.10787741E-01  0.47203906E-01  0.19829977E-01  0.55193704E+00  0.16905637E+00  0.20848316E+00  0.21480273E-04  0.94334106E+01
   0.56783881E-01  0.62640003E+02  0.66654220E-01 -0.30552447E-01  0.10556644E+02  0.31213992E+01  0.24485697E+00  0.29465976E+00  0.13429319E+01  0.14387446E+02  0.92049867E+00 -0.84651157E-01  0.40210288E-01  0.25532758E+01  0.11051004E-01  0.49545985E-01  0.20835835E-01  0.55656034E+00  0.16269277E+00  0.19880812E+00  0.21268637E-04  0.93913574E+01
   0.60702730E-01  0.66963005E+02  0.67744799E-01 -0.31019341E-01  0.10554870E+02  0.31200104E+01  0.25046116E+00  0.29549435E+00  0.12815722E+01  0.13549450E+02  0.91548783E+00 -0.84525310E-01  0.39890070E-01  0.25680008E+01  0.11332460E-01  0.52021097E-01  0.21941368E-01  0.56091845E+00  0.15678725E+00  0.18972442E+00  0.21055703E-04  0.93465881E+01
   0.64890809E-01  0.71583000E+02  0.68814941E-01 -0.31475011E-01  0.10553173E+02  0.31186476E+01  0.25640449E+00  0.29634231E+00  0.12239726E+01  0.12759815E+02  0.91014189E+00 -0.84387295E-01  0.39552093E-01  0.25835848E+01  0.11632911E-01  0.54641448E-01  0.23156602E-01  0.56494898E+00  0.15130758E+00  0.18119735E+00  0.20841853E-04  0.92989502E+01
   0.69369882E-01  0.76524002E+02  0.69865458E-01 -0.31919770E-01  0.10551554E+02  0.31173081E+01  0.26269561E+00  0.29719555E+00  0.11698511E+01  0.12015326E+02  0.90446740E+00 -0.84238052E-01  0.39196111E-01  0.26005201E+01  0.11953921E-01  0.57391379E-01  0.24477988E-01  0.56854540E+00  0.14621851E+00  0.17318517E+00  0.20624890E-04  0.92481384E+01
   0.74156262E-01  0.81804001E+02  0.70895657E-01 -0.32353289E-01  0.10550011E+02  0.31159918E+01  0.26933166E+00  0.29804412E+00  0.11190186E+01  0.11314040E+02  0.89845115E+00 -0.84075660E-01  0.38820621E-01  0.26188693E+01  0.12296286E-01  0.60273532E-01  0.25911391E-01  0.57167464E+00  0.14149484E+00  0.16565992E+00  0.20404479E-04  0.91940308E+01
   0.79274431E-01  0.87449997E+02  0.71906455E-01 -0.32775916E-01  0.10548543E+02  0.31146963E+01  0.27631873E+00  0.29887885E+00  0.10712178E+01  0.10653062E+02  0.89201611E+00 -0.83895855E-01  0.38422950E-01  0.26375642E+01  0.12661390E-01  0.63327007E-01  0.27481429E-01  0.57435012E+00  0.13710631E+00  0.15858348E+00  0.20180163E-04  0.91363220E+01
   0.84743410E-01  0.93482994E+02  0.72897471E-01 -0.33187442E-01  0.10547151E+02  0.31134214E+01  0.28365159E+00  0.29968870E+00  0.10262682E+01  0.10030531E+02  0.88516343E+00 -0.83700210E-01  0.38004022E-01  0.26579337E+01  0.13050200E-01  0.66528872E-01  0.29181644E-01  0.57643533E+00  0.13303071E+00  0.15192913E+00  0.19957884E-04  0.90748291E+01
   0.90593129E-01  0.99936005E+02  0.73870137E-01 -0.33588436E-01  0.10545832E+02  0.31121631E+01  0.29133451E+00  0.30046368E+00  0.98392153E+00  0.94436026E+01  0.87778938E+00 -0.83483495E-01  0.37560340E-01  0.26796336E+01  0.13464587E-01  0.69867365E-01  0.31011378E-01  0.57783192E+00  0.12924023E+00  0.14566010E+00  0.19733236E-04  0.90092163E+01
   0.96842624E-01  0.10683000E+03  0.74823789E-01 -0.33978567E-01  0.10544589E+02  0.31109219E+01  0.29935223E+00  0.30119148E+00  0.94403386E+00  0.88908434E+01  0.86987877E+00 -0.83244629E-01  0.37090700E-01  0.27025800E+01  0.13905486E-01  0.73355645E-01  0.32982484E-01  0.57848853E+00  0.12571692E+00  0.13975511E+00  0.19502584E-04  0.89392395E+01
   0.10352452E+00  0.11420100E+03  0.75759783E-01 -0.34358345E-01  0.10543421E+02  0.31096940E+01  0.30770254E+00  0.30186072E+00  0.90638798E+00  0.83697853E+01  0.86151493E+00 -0.82989298E-01  0.36597148E-01  0.27274687E+01  0.14374781E-01  0.76981366E-01  0.35094440E-01  0.57831991E+00  0.12243666E+00  0.13418201E+00  0.19270188E-04  0.88645630E+01
   0.11066873E+00  0.12208199E+03  0.76678760E-01 -0.34727968E-01  0.10542325E+02  0.31084778E+01  0.31637529E+00  0.30245894E+00  0.87081182E+00  0.78785586E+01  0.85259259E+00 -0.82710885E-01  0.36075365E-01  0.27538104E+01  0.14874073E-01  0.80794133E-01  0.37377950E-01  0.57739305E+00  0.11937991E+00  0.12891530E+00  0.19039471E-04  0.87848816E+01
   0.11830247E+00  0.13050301E+03  0.77580787E-01 -0.35087399E-01  0.10541305E+02  0.31072717E+01  0.32535225E+00  0.30297261E+00  0.83716261E+00  0.74156613E+01  0.84303164E+00 -0.82403921E-01  0.35522781E-01  0.27816477E+01  0.15405062E-01  0.84746175E-01  0.39814632E-01  0.57553858E+00  0.11652984E+00  0.12393386E+00  0.18806033E-04  0.86998596E+01
   0.12646380E+00  0.13950601E+03  0.78467138E-01 -0.35437066E-01  0.10540359E+02  0.31060727E+01  0.33462122E+00  0.30338845E+00  0.80526745E+00  0.69791331E+01  0.83292347E+00 -0.82076862E-01  0.34942560E-01  0.28114042E+01  0.15970003E-01  0.88847399E-01  0.42415265E-01  0.57268137E+00  0.11386684E+00  0.11921208E+00  0.18567909E-04  0.86091003E+01
   0.13519078E+00  0.14913300E+03  0.79338737E-01 -0.35777260E-01  0.10539486E+02  0.31048782E+01  0.34416196E+00  0.30369207E+00  0.77497697E+00  0.65673151E+01  0.82198399E+00 -0.81713423E-01  0.34326654E-01  0.28426654E+01  0.16571190E-01  0.93107775E-01  0.45190990E-01  0.56872326E+00  0.11137315E+00  0.11472788E+00  0.18326466E-04  0.85121460E+01
   0.14451607E+00  0.15942000E+03  0.80195777E-01 -0.36107965E-01  0.10538695E+02  0.31036863E+01  0.35394275E+00  0.30386826E+00  0.74617708E+00  0.61789970E+01  0.81033993E+00 -0.81318505E-01  0.33676453E-01  0.28764713E+01  0.17210720E-01  0.97551547E-01  0.48158839E-01  0.56370914E+00  0.10903385E+00  0.11046433E+00  0.18087741E-04  0.84086914E+01
   0.15448588E+00  0.17041800E+03  0.81039570E-01 -0.36429569E-01  0.10537980E+02  0.31024928E+01  0.36394164E+00  0.30390152E+00  0.71872544E+00  0.58125868E+01  0.79812896E+00 -0.80900043E-01  0.32993857E-01  0.29138763E+01  0.17891560E-01  0.10214666E+00  0.51308177E-01  0.55757433E+00  0.10683192E+00  0.10640038E+00  0.17848024E-04  0.82982178E+01
   0.16514373E+00  0.18217500E+03  0.81870861E-01 -0.36742233E-01  0.10537346E+02  0.31012952E+01  0.37412444E+00  0.30377546E+00  0.69250667E+00  0.54668341E+01  0.78489256E+00 -0.80431871E-01  0.32266650E-01  0.29523926E+01  0.18616667E-01  0.10685834E+00  0.54627009E-01  0.55014259E+00  0.10475196E+00  0.10251894E+00  0.17603617E-04  0.81802063E+01
   0.17653587E+00  0.19474200E+03  0.82690500E-01 -0.37046127E-01  0.10536798E+02  0.31000903E+01  0.38445038E+00  0.30347270E+00  0.66741306E+00  0.51405654E+01  0.77088195E+00 -0.79930112E-01  0.31501759E-01  0.29930751E+01  0.19389361E-01  0.11166736E+00  0.58110364E-01  0.54131746E+00  0.10277855E+00  0.98804072E-01  0.17359656E-04  0.80541992E+01
   0.18871394E+00  0.20817601E+03  0.83499484E-01 -0.37341468E-01  0.10536336E+02  0.30988748E+01  0.39487422E+00  0.30297518E+00  0.64333963E+00  0.48326230E+01  0.75596756E+00 -0.79389289E-01  0.30696120E-01  0.30366273E+01  0.20213518E-01  0.11664773E+00  0.61799467E-01  0.53111136E+00  0.10089588E+00  0.95240235E-01  0.17116192E-04  0.79196167E+01
   0.20173235E+00  0.22253700E+03  0.84298924E-01 -0.37628464E-01  0.10535969E+02  0.30976436E+01  0.40533856E+00  0.30226383E+00  0.62019002E+00  0.45419378E+01  0.73985380E+00 -0.78794889E-01  0.29841837E-01  0.30837972E+01  0.21093359E-01  0.12165560E+00  0.65625429E-01  0.51919973E+00  0.99087544E-01  0.91813155E-01  0.16871873E-04  0.77758484E+01
   0.21564820E+00  0.23788800E+03  0.85089862E-01 -0.37907269E-01  0.10535702E+02  0.30963922E+01  0.41577893E+00  0.30131900E+00  0.59787643E+00  0.42675619E+01  0.72274256E+00 -0.78154191E-01  0.28941033E-01  0.31337228E+01  0.22033494E-01  0.12686831E+00  0.69678314E-01  0.50589234E+00  0.97337373E-01  0.88509843E-01  0.16626776E-04  0.76222839E+01
   0.23052406E+00  0.25429800E+03  0.85873447E-01 -0.38178019E-01  0.10535541E+02  0.30951154E+01  0.42613059E+00  0.30011976E+00  0.57631534E+00  0.40086179E+01  0.70458424E+00 -0.77464215E-01  0.27991725E-01  0.31862330E+01  0.23039229E-01  0.13224263E+00  0.73938042E-01  0.49109581E+00  0.95629737E-01  0.85317932E-01  0.16383812E-04  0.74582520E+01
   0.24642518E+00  0.27183899E+03  0.86650878E-01 -0.38440846E-01  0.10535492E+02  0.30938084E+01  0.43631166E+00  0.29864401E+00  0.55543119E+00  0.37643182E+01  0.68513554E+00 -0.76713920E-01  0.26989035E-01  0.32422457E+01  0.24116809E-01  0.13748828E+00  0.78258760E-01  0.47430667E+00  0.93947701E-01  0.82226232E-01  0.16140752E-04  0.72830200E+01
   0.26342499E+00  0.29059201E+03  0.87423667E-01 -0.38695894E-01  0.10535569E+02  0.30924628E+01  0.44622466E+00  0.29686856E+00  0.53514987E+00  0.35338929E+01  0.66427082E+00 -0.75895049E-01  0.25928767E-01  0.33024390E+01  0.25273336E-01  0.14260910E+00  0.82640171E-01  0.45553762E+00  0.92272542E-01  0.79223782E-01  0.15896128E-04  0.70957947E+01
   0.28160781E+00  0.31064999E+03  0.88193640E-01 -0.38943361E-01  0.10535783E+02  0.30910697E+01  0.45576781E+00  0.29476783E+00  0.51539803E+00  0.33166158E+01  0.64207995E+00 -0.75011984E-01  0.24810662E-01  0.33665938E+01  0.26517333E-01  0.14783826E+00  0.87195367E-01  0.43510771E+00  0.90584986E-01  0.76299712E-01  0.15655212E-04  0.68956604E+01
   0.30102527E+00  0.33207001E+03  0.88961214E-01 -0.39182879E-01  0.10536145E+02  0.30896220E+01  0.46480846E+00  0.29231960E+00  0.49614659E+00  0.31122608E+01  0.61843222E+00 -0.74058570E-01  0.23632096E-01  0.34354408E+01  0.27856207E-01  0.15300864E+00  0.91829509E-01  0.41280541E+00  0.88868596E-01  0.73449723E-01  0.15418475E-04  0.66820679E+01
   0.32177532E+00  0.35496002E+03  0.89728899E-01 -0.39414667E-01  0.10536674E+02  0.30881069E+01  0.47320899E+00  0.28949541E+00  0.47732642E+00  0.29201705E+01  0.59303886E+00 -0.73019229E-01  0.22387534E-01  0.35080254E+01  0.29301831E-01  0.15784284E+00  0.96393906E-01  0.38828593E+00  0.87100588E-01  0.70663579E-01  0.15184561E-04  0.64539795E+01
   0.34396672E+00  0.37944000E+03  0.90499498E-01 -0.39638866E-01  0.10537392E+02  0.30865090E+01  0.48081347E+00  0.28626418E+00  0.45887476E+00  0.27398498E+01  0.56596100E+00 -0.71891576E-01  0.21074740E-01  0.35845602E+01  0.30867770E-01  0.16259333E+00  0.10100120E+00  0.36193484E+00  0.85257053E-01  0.67931987E-01  0.14951976E-04  0.62101440E+01
   0.36770827E+00  0.40563004E+03  0.91275692E-01 -0.39855398E-01  0.10538320E+02  0.30848105E+01  0.48744562E+00  0.28259334E+00  0.44074309E+00  0.25710330E+01  0.53719187E+00 -0.70677668E-01  0.19691646E-01  0.36675484E+01  0.32570332E-01  0.16708878E+00  0.10554767E+00  0.33364689E+00  0.83314039E-01  0.65247767E-01  0.14722149E-04  0.59494629E+01
   0.39308152E+00  0.43362000E+03  0.92059739E-01 -0.40063825E-01  0.10539488E+02  0.30829902E+01  0.49288446E+00  0.27845293E+00  0.42291352E+00  0.24137874E+01  0.50636691E+00 -0.69355100E-01  0.18232131E-01  0.37545702E+01  0.34426413E-01  0.17097647E+00  0.10982968E+00  0.30319214E+00  0.81247337E-01  0.62608272E-01  0.14498726E-04  0.56710510E+01
   0.42016804E+00  0.46349997E+03  0.92854425E-01 -0.40263645E-01  0.10540934E+02  0.30810232E+01  0.49688333E+00  0.27381256E+00  0.40537348E+00  0.22683101E+01  0.47355446E+00 -0.67925714E-01  0.16697228E-01  0.38458238E+01  0.36455661E-01  0.17435606E+00  0.11386205E+00  0.27088749E+00  0.79031341E-01  0.60011636E-01  0.14280648E-04  0.53740540E+01
   0.44915831E+00  0.49548001E+03  0.93666330E-01 -0.40454872E-01  0.10542705E+02  0.30788677E+01  0.49917352E+00  0.26862085E+00  0.38805354E+00  0.21345191E+01  0.43845874E+00 -0.66375986E-01  0.15078773E-01  0.39434075E+01  0.38691007E-01  0.17707244E+00  0.11753312E+00  0.23667537E+00  0.76629974E-01  0.57447586E-01  0.14069352E-04  0.50563660E+01
   0.48013380E+00  0.52965002E+03  0.94499968E-01 -0.40636487E-01  0.10544864E+02  0.30764763E+01  0.49941728E+00  0.26284227E+00  0.37096769E+00  0.20132375E+01  0.40084878E+00 -0.64691380E-01  0.13376412E-01  0.40464711E+01  0.41163970E-01  0.17884135E+00  0.12064701E+00  0.20063908E+00  0.74013181E-01  0.54918192E-01  0.13863980E-04  0.47172546E+01
   0.51325774E+00  0.56619000E+03  0.95363624E-01 -0.40807623E-01  0.10547493E+02  0.30737784E+01  0.49722764E+00  0.25642231E+00  0.35409683E+00  0.19053774E+01  0.36075640E+00 -0.62873967E-01  0.11588149E-01  0.41559319E+01  0.43921042E-01  0.17962271E+00  0.12312422E+00  0.16309787E+00  0.71141601E-01  0.52420624E-01  0.13664975E-04  0.43549500E+01
   0.54866606E+00  0.60525000E+03  0.96267134E-01 -0.40966615E-01  0.10550699E+02  0.30706780E+01  0.49214581E+00  0.24930541E+00  0.33745584E+00  0.18126495E+01  0.31787094E+00 -0.60904074E-01  0.97085405E-02  0.42721448E+01  0.47020029E-01  0.17901088E+00  0.12468676E+00  0.12419095E+00  0.67974910E-01  0.49957085E-01  0.13472817E-04  0.39680786E+01
   0.58649480E+00  0.64698004E+03  0.97224146E-01 -0.41110948E-01  0.10554637E+02  0.30670314E+01  0.48362276E+00  0.24142610E+00  0.32108137E+00  0.17377367E+01  0.27198595E+00 -0.58776211E-01  0.77366452E-02  0.43949704E+01  0.50537921E-01  0.17677996E+00  0.12512977E+00  0.84368408E-01  0.64468250E-01  0.47533002E-01  0.13285732E-04  0.35553284E+01
   0.62696147E+00  0.69162000E+03  0.98256379E-01 -0.41236896E-01  0.10559531E+02  0.30626113E+01  0.47097060E+00  0.23268689E+00  0.30500948E+00  0.16848074E+01  0.22283939E+00 -0.56486659E-01  0.56659919E-02  0.45248227E+01  0.54588877E-01  0.17262052E+00  0.12418995E+00  0.44144299E-01  0.60563736E-01  0.45153715E-01  0.13101509E-04  0.31145630E+01
   0.67020208E+00  0.73932001E+03  0.99393912E-01 -0.41337680E-01  0.10565717E+02  0.30570583E+01  0.45335364E+00  0.22298090E+00  0.28936157E+00  0.16609489E+01  0.16978148E+00 -0.54023899E-01  0.34892119E-02  0.46599884E+01  0.59327744E-01  0.16605777E+00  0.12149519E+00  0.43282919E-02  0.56202963E-01  0.42837191E-01  0.12912114E-04  0.26447144E+01
   0.71643418E+00  0.79032007E+03  0.10068837E+00 -0.41401438E-01  0.10573750E+02  0.30497277E+01  0.42967209E+00  0.21213873E+00  0.27431485E+00  0.16782075E+01  0.11232053E+00 -0.51442266E-01  0.11867326E-02  0.48035393E+01  0.64997144E-01  0.15661013E+00  0.11664301E+00 -0.33846706E-01  0.51308289E-01  0.40609669E-01  0.12703666E-04  0.21439819E+01
   0.76584816E+00  0.84483002E+03  0.10223005E+00 -0.41404236E-01  0.10584570E+02  0.30393829E+01  0.39849108E+00  0.19991222E+00  0.26021877E+00  0.17585926E+01  0.49563050E-01 -0.48861086E-01 -0.13005944E-02  0.49609256E+01  0.71980558E-01  0.14359073E+00  0.10909538E+00 -0.68339407E-01  0.45788337E-01  0.38522881E-01  0.12444381E-04  0.16114807E+01
   0.81866151E+00  0.90309003E+03  0.10419962E+00 -0.41291200E-01  0.10599975E+02  0.30233016E+01  0.35786152E+00  0.18587697E+00  0.24774647E+00  0.19453409E+01 -0.20776771E-01 -0.46224240E-01 -0.40548882E-02  0.51288075E+01  0.80939941E-01  0.12589593E+00  0.98057412E-01 -0.95268294E-01  0.39525826E-01  0.36676478E-01  0.12058042E-04  0.10470276E+01
   0.87511903E+00  0.96537006E+03  0.10699156E+00 -0.40920280E-01  0.10623857E+02  0.29943447E+01  0.30526465E+00  0.16922906E+00  0.23830740E+00  0.23304963E+01 -0.10105452E+00 -0.42304236E-01 -0.68276222E-02  0.52267909E+01  0.93109533E-01  0.10216346E+00  0.82489312E-01 -0.10608109E+00  0.32382797E-01  0.35279114E-01  0.11357518E-04  0.45303345E+00
   0.93549263E+00  0.10319700E+04  0.11146701E+00 -0.39913811E-01  0.10665991E+02  0.29298196E+01  0.23841929E+00  0.14829564E+00  0.23498574E+00  0.31110759E+01 -0.17979579E+00 -0.34779165E-01 -0.85003087E-02  0.48958349E+01  0.11072356E+00  0.73181711E-01  0.62166326E-01 -0.84819891E-01  0.24271669E-01  0.34787375E-01  0.99014060E-05 -0.15975952E+00
   0.10000000E+01  0.11031300E+04  0.11940739E+00 -0.37321679E-01  0.10754364E+02  0.27540600E+01  0.15820980E+00  0.11938877E+00  0.24358925E+00  0.45469003E+01 -0.20018114E+00 -0.25516368E-01 -0.86214254E-02  0.43284750E+01  0.13493505E+00  0.42453628E-01  0.38381498E-01 -0.30910578E-01  0.15355361E-01  0.36061041E-01  0.66529424E-05 -0.75283813E+00
   0.10689946E+01  0.11792400E+04  0.13515608E+00 -0.30509610E-01  0.10978786E+02  0.22974164E+01  0.70240557E-01  0.72663002E-01  0.25768560E+00  0.58837914E+01 -0.13929750E+00 -0.14872903E-01 -0.69019883E-02  0.28351989E+01  0.13982078E+00  0.11298588E-01  0.10889150E-01  0.35347703E-02  0.78345509E-02  0.38147870E-01  0.42811589E-05 -0.12110291E+01
   0.11427212E+01  0.12605701E+04  0.17603277E+00 -0.81199436E-02  0.11745395E+02  0.14576912E+01  0.10025342E-01  0.11758453E-01  0.53296037E-01  0.18320303E+01 -0.25868844E-01 -0.15412796E-02 -0.85951871E-03  0.25653341E+00  0.27665308E-01  0.54915674E-03  0.64573030E-03  0.58635278E-03  0.10337080E-02  0.78899646E-02  0.86902228E-05 -0.11132812E+01
   0.12215333E+01  0.13475100E+04  0.19885249E+00  0.72049932E-02  0.13150849E+02  0.10637648E+01  0.53681573E-03  0.72110398E-03  0.14688291E-02  0.11583056E+00 -0.55932143E-03 -0.19250127E-04 -0.13421520E-04  0.42425026E-02  0.14985631E+00  0.33633260E-05  0.74805821E-05  0.10001954E-04  0.49107697E-04  0.21744600E-03  0.12697960E-04 -0.50982666E+00
   0.13057845E+01  0.14404501E+04  0.19783038E+00  0.72060796E-02  0.13999054E+02  0.83740705E+00  0.12942018E-02  0.15883839E-02  0.35938391E-03  0.20046332E+00 -0.46994603E-04  0.77652311E-06  0.76849048E-07  0.15488799E-02  0.70047843E+00 -0.19598058E-06 -0.14444498E-04 -0.28844322E-05  0.98131532E-04  0.53203326E-04  0.10062308E-04 -0.55197144E+00
   0.13958282E+01  0.15397800E+04  0.19681785E+00  0.69897152E-02  0.14852027E+02  0.63652009E+00  0.17650673E-02  0.19920736E-02  0.26885356E-03  0.26322931E+00 -0.24396420E-04  0.54184039E-06  0.11130527E-06  0.10671956E-02  0.97145063E+00 -0.99995148E-07 -0.16997590E-04 -0.27545686E-05  0.12620092E-03  0.39801180E-04  0.67875062E-05 -0.65750122E+00
   0.14920998E+01  0.16459800E+04  0.19602661E+00  0.68394085E-02  0.15752633E+02  0.47439307E+00  0.20718616E-02  0.22819769E-02  0.23881729E-03  0.30636203E+00 -0.17221735E-04  0.36846762E-06  0.65339989E-07  0.70464273E-03  0.11922520E+01 -0.59064906E-07 -0.18656378E-04 -0.21585754E-05  0.14656945E-03  0.35354598E-04  0.49814194E-05 -0.79071045E+00
   0.15950069E+01  0.17595000E+04  0.19538310E+00  0.67382492E-02  0.16711306E+02  0.36183465E+00  0.22999442E-02  0.25293822E-02  0.22209894E-03  0.33834583E+00 -0.14949595E-04  0.26951903E-06  0.42608178E-07  0.39422308E-03  0.14005562E+01 -0.40987938E-07 -0.20123975E-04 -0.17534605E-05  0.16335519E-03  0.32879609E-04  0.36788333E-05 -0.94763184E+00
   0.17050393E+01  0.18808799E+04  0.19482239E+00  0.66499389E-02  0.17730064E+02  0.30096993E+00  0.25002228E-02  0.27510701E-02  0.21015522E-03  0.36504710E+00 -0.16382352E-04  0.20874533E-06  0.34406114E-07  0.16543914E-03  0.16015859E+01 -0.33694796E-07 -0.21046013E-04 -0.15991011E-05  0.17813274E-03  0.31111456E-04  0.28092329E-05 -0.11321106E+01
   0.18226320E+01  0.20106000E+04  0.19432655E+00  0.65644598E-02  0.18809057E+02  0.28044257E+00  0.27006648E-02  0.29492134E-02  0.20023997E-03  0.39083183E+00 -0.16392389E-04  0.16393597E-06  0.28851476E-07  0.41834817E-04  0.17912114E+01 -0.30765456E-07 -0.21163898E-04 -0.16217003E-05  0.19169274E-03  0.29643599E-04  0.22818515E-05 -0.13468628E+01
   0.19483289E+01  0.21492600E+04  0.19389956E+00  0.64882115E-02  0.19952415E+02  0.27862740E+00  0.29061157E-02  0.31211399E-02  0.19158120E-03  0.41735914E+00 -0.12101310E-04  0.12462351E-06  0.22235220E-07  0.34507964E-05  0.19623497E+01 -0.28002297E-07 -0.20176760E-04 -0.16501103E-05  0.20420064E-03  0.28361750E-04  0.19454978E-05 -0.15899658E+01
   0.20827010E+01  0.22974900E+04  0.19356251E+00  0.64289412E-02  0.21166756E+02  0.27845648E+00  0.31027824E-02  0.32639576E-02  0.18429033E-03  0.44321042E+00 -0.14718685E-04  0.85891500E-07  0.14903092E-07  0.28245626E-06  0.21087868E+01 -0.23510433E-07 -0.17856328E-04 -0.15297904E-05  0.21527642E-03  0.27282407E-04  0.16667483E-05 -0.18580933E+01
   0.22263470E+01  0.24559500E+04  0.19332150E+00  0.63885883E-02  0.22459505E+02  0.27844870E+00  0.32707113E-02  0.33754827E-02  0.17863822E-03  0.46552408E+00 -0.14194509E-04  0.53071869E-07  0.87525178E-08  0.82280485E-08  0.22258542E+01 -0.17575477E-07 -0.14154038E-04 -0.12338669E-05  0.22429526E-03  0.26445667E-04  0.13691599E-05 -0.21501770E+01
   0.23798916E+01  0.26253298E+04  0.19317588E+00  0.63656061E-02  0.23837252E+02  0.27845117E+00  0.33961921E-02  0.34537583E-02  0.17477556E-03  0.48228690E+00 -0.11116072E-04  0.26257828E-07  0.41137849E-08  0.11413052E-06  0.23093524E+01 -0.10917526E-07 -0.92141581E-05 -0.80829329E-06  0.23078310E-03  0.25873838E-04  0.85150981E-06 -0.24664612E+01
   0.25440428E+01  0.28064099E+04  0.19311814E+00  0.63569150E-02  0.25307915E+02  0.27835372E+00  0.34651267E-02  0.34955055E-02  0.17278455E-03  0.49156722E+00 -0.13307369E-04  0.71304309E-08  0.10782006E-08 -0.38219113E-07  0.23545923E+01 -0.37763286E-08 -0.32822149E-05 -0.28798061E-06  0.23422475E-03  0.25579087E-04  0.24731949E-06 -0.28068237E+01
   0.27195072E+01  0.29999700E+04  0.19311816E+00  0.63569159E-02  0.26879147E+02  0.27849951E+00  0.34651267E-02  0.34955055E-02  0.17278454E-03  0.49156696E+00  0.82336104E-03 -0.78535919E-11 -0.49084949E-12 -0.17274704E-05  0.23545926E+01 -0.37775845E-08 -0.32822159E-05 -0.28805570E-06  0.23401905E-03  0.25579086E-04  0.24731949E-06 -0.31714783E+01
