   0.39844305E-03  0.46985999E+00  0.86292867E-02 -0.51995870E-02  0.11527724E+02  0.31094303E+01  0.17805311E+00  0.34493148E+00  0.20199036E+02  0.15656677E+03  0.10000793E+01 -0.74111804E-01  0.55954508E-01  0.21432714E+01  0.40471051E-02 -0.67526236E-06 -0.44957304E-06 -0.27708211E-06  0.17121952E+02  0.27478456E+01  0.44647852E-04  0.10984375E+02
   0.42856415E-03  0.50537997E+00  0.88324277E-02 -0.53219898E-02  0.11526649E+02  0.31091187E+01  0.17805311E+00  0.34419498E+00  0.20043657E+02  0.15543646E+03  0.10008422E+01 -0.74343383E-01  0.56126997E-01  0.21499963E+01  0.40733786E-02  0.45997240E-02  0.24549685E-01  0.28979504E+00  0.15880926E+02  0.27267082E+01  0.43264918E-04  0.10983002E+02
   0.46074588E-03  0.54332995E+00  0.90480484E-02 -0.54519055E-02  0.11525505E+02  0.31087880E+01  0.17805336E+00  0.34341934E+00  0.19880003E+02  0.15421918E+03  0.10003980E+01 -0.74338548E-01  0.56118283E-01  0.21487734E+01  0.41038073E-02  0.46791006E-02  0.24402056E-01  0.29276752E+00  0.14734898E+02  0.27044449E+01  0.41787371E-04  0.10981537E+02
   0.49514096E-03  0.58389002E+00  0.92769219E-02 -0.55897976E-02  0.11524290E+02  0.31084373E+01  0.17805338E+00  0.34260300E+00  0.19707735E+02  0.15293774E+03  0.10002759E+01 -0.74338317E-01  0.56112852E-01  0.21487384E+01  0.41363095E-02  0.47432389E-02  0.24236113E-01  0.29231811E+00  0.13675357E+02  0.26810098E+01  0.40299983E-04  0.10979980E+02
   0.53192733E-03  0.62726998E+00  0.95199272E-02 -0.57361950E-02  0.11522996E+02  0.31080651E+01  0.17805272E+00  0.34174407E+00  0.19526440E+02  0.15158946E+03  0.10005392E+01 -0.74339323E-01  0.56108020E-01  0.21496003E+01  0.41703694E-02  0.48253201E-02  0.24068719E-01  0.29181170E+00  0.12694428E+02  0.26563468E+01  0.39559589E-04  0.10978302E+02
   0.57125778E-03  0.67365003E+00  0.97777247E-02 -0.58914935E-02  0.11521619E+02  0.31076703E+01  0.17805129E+00  0.34084156E+00  0.19335905E+02  0.15017282E+03  0.10007231E+01 -0.74339442E-01  0.56102056E-01  0.21491051E+01  0.42061354E-02  0.49104844E-02  0.23892468E-01  0.29129204E+00  0.11786057E+02  0.26304266E+01  0.38794653E-04  0.10976532E+02
   0.61328482E-03  0.72320998E+00  0.10050930E-01 -0.60560624E-02  0.11520155E+02  0.31072524E+01  0.17804898E+00  0.33989483E+00  0.19135975E+02  0.14868672E+03  0.10006686E+01 -0.74338719E-01  0.56095202E-01  0.21486747E+01  0.42433180E-02  0.49985973E-02  0.23705991E-01  0.29073712E+00  0.10944855E+02  0.26032286E+01  0.38141796E-04  0.10974670E+02
   0.65821205E-03  0.77618998E+00  0.10340439E-01 -0.62304391E-02  0.11518600E+02  0.31068094E+01  0.17804569E+00  0.33890232E+00  0.18926338E+02  0.14712888E+03  0.10006967E+01 -0.74338764E-01  0.56088474E-01  0.21485100E+01  0.42826054E-02  0.50889733E-02  0.23509257E-01  0.29015183E+00  0.10165105E+02  0.25747099E+01  0.37211703E-04  0.10972656E+02
   0.70624304E-03  0.83283001E+00  0.10647081E-01 -0.64151203E-02  0.11516948E+02  0.31063409E+01  0.17804128E+00  0.33786306E+00  0.18706760E+02  0.14549762E+03  0.10007079E+01 -0.74339062E-01  0.56081422E-01  0.21482003E+01  0.43236897E-02  0.51830360E-02  0.23302605E-01  0.28954691E+00  0.94419441E+01  0.25448387E+01  0.36629634E-04  0.10970520E+02
   0.75758115E-03  0.89336997E+00  0.10971616E-01 -0.66105621E-02  0.11515195E+02  0.31058452E+01  0.17803562E+00  0.33677641E+00  0.18477095E+02  0.14379198E+03  0.10003870E+01 -0.74338384E-01  0.56073114E-01  0.21488614E+01  0.43663429E-02  0.52812174E-02  0.23085713E-01  0.28891534E+00  0.87711315E+01  0.25135953E+01  0.36090856E-04  0.10968262E+02
   0.81245549E-03  0.95807999E+00  0.11314893E-01 -0.68172710E-02  0.11513336E+02  0.31053212E+01  0.17802854E+00  0.33564168E+00  0.18237181E+02  0.14201080E+03  0.10001228E+01 -0.74338242E-01  0.56064695E-01  0.21489840E+01  0.44109938E-02  0.53816992E-02  0.22857802E-01  0.28825262E+00  0.81486301E+01  0.24809580E+01  0.35577748E-04  0.10965851E+02
   0.87112043E-03  0.10272601E+01  0.11677831E-01 -0.70357984E-02  0.11511366E+02  0.31047676E+01  0.17801991E+00  0.33445826E+00  0.17986858E+02  0.14015295E+03  0.99998993E+00 -0.74338861E-01  0.56056328E-01  0.21483266E+01  0.44574235E-02  0.54850625E-02  0.22619197E-01  0.28755763E+00  0.75706716E+01  0.24469044E+01  0.35063524E-04  0.10963287E+02
   0.93383028E-03  0.11012100E+01  0.12061260E-01 -0.72666383E-02  0.11509277E+02  0.31041834E+01  0.17800960E+00  0.33322605E+00  0.17726070E+02  0.13821817E+03  0.99990427E+00 -0.74339531E-01  0.56047406E-01  0.21474960E+01  0.45055631E-02  0.55925082E-02  0.22370225E-01  0.28684488E+00  0.70339918E+01  0.24114273E+01  0.34429901E-04  0.10960541E+02
   0.10008649E-02  0.11802599E+01  0.12466053E-01 -0.75103142E-02  0.11507066E+02  0.31035674E+01  0.17799747E+00  0.33194491E+00  0.17454779E+02  0.13620622E+03  0.99985456E+00 -0.74339718E-01  0.56037564E-01  0.21475260E+01  0.45553176E-02  0.57034926E-02  0.22110760E-01  0.28613251E+00  0.65355177E+01  0.23745210E+01  0.33840261E-04  0.10957672E+02
   0.10725298E-02  0.12647700E+01  0.12893126E-01 -0.77673718E-02  0.11504724E+02  0.31029177E+01  0.17798337E+00  0.33061492E+00  0.17172958E+02  0.13411708E+03  0.99965388E+00 -0.74339256E-01  0.56026619E-01  0.21481519E+01  0.46069077E-02  0.58164247E-02  0.21839548E-01  0.28539330E+00  0.60723987E+01  0.23361828E+01  0.33305099E-04  0.10954590E+02
   0.11491299E-02  0.13551000E+01  0.13343277E-01 -0.80382871E-02  0.11502249E+02  0.31022334E+01  0.17796724E+00  0.32923684E+00  0.16880733E+02  0.13195171E+03  0.99938792E+00 -0.74339032E-01  0.56015082E-01  0.21491973E+01  0.46603228E-02  0.59320708E-02  0.21557065E-01  0.28462610E+00  0.56421461E+01  0.22964289E+01  0.32810203E-04  0.10951324E+02
   0.12310217E-02  0.14516701E+01  0.13817467E-01 -0.83236303E-02  0.11499632E+02  0.31015129E+01  0.17794891E+00  0.32781112E+00  0.16578165E+02  0.12971071E+03  0.99925059E+00 -0.74339345E-01  0.56003273E-01  0.21497395E+01  0.47152601E-02  0.60502351E-02  0.21263288E-01  0.28384572E+00  0.52423010E+01  0.22552679E+01  0.32274100E-04  0.10947876E+02
   0.13185357E-02  0.15548699E+01  0.14316360E-01 -0.86237965E-02  0.11496870E+02  0.31007557E+01  0.17792833E+00  0.32633948E+00  0.16265554E+02  0.12739642E+03  0.99911219E+00 -0.74339733E-01  0.55990793E-01  0.21500320E+01  0.47718221E-02  0.61697364E-02  0.20957638E-01  0.28305349E+00  0.48708296E+01  0.22127409E+01  0.31851556E-04  0.10944214E+02
   0.14121045E-02  0.16652100E+01  0.14841042E-01 -0.89394320E-02  0.11493954E+02  0.30999599E+01  0.17790537E+00  0.32482255E+00  0.15942990E+02  0.12500961E+03  0.99909830E+00 -0.74340597E-01  0.55977743E-01  0.21516702E+01  0.48301239E-02  0.62912698E-02  0.20640621E-01  0.28226039E+00  0.45255294E+01  0.21688597E+01  0.31435735E-04  0.10940338E+02
   0.15121349E-02  0.17831699E+01  0.15392266E-01 -0.92709819E-02  0.11490878E+02  0.30991240E+01  0.17788005E+00  0.32326236E+00  0.15610823E+02  0.12255296E+03  0.99904454E+00 -0.74340701E-01  0.55963352E-01  0.21526322E+01  0.48897034E-02  0.64146831E-02  0.20312486E-01  0.28146744E+00  0.42045979E+01  0.21236722E+01  0.30821393E-04  0.10936249E+02
   0.16190597E-02  0.19092599E+01  0.15970744E-01 -0.96188644E-02  0.11487638E+02  0.30982480E+01  0.17785232E+00  0.32166117E+00  0.15269474E+02  0.12002969E+03  0.99895197E+00 -0.74340500E-01  0.55947788E-01  0.21522689E+01  0.49505490E-02  0.65388293E-02  0.19972973E-01  0.28067335E+00  0.39063609E+01  0.20772357E+01  0.30340248E-04  0.10931885E+02
   0.17333622E-02  0.20440500E+01  0.16577259E-01 -0.99835405E-02  0.11484227E+02  0.30973310E+01  0.17782226E+00  0.32002145E+00  0.14919368E+02  0.11744305E+03  0.99869376E+00 -0.74339390E-01  0.55930559E-01  0.21518736E+01  0.50127450E-02  0.66641527E-02  0.19623160E-01  0.27988911E+00  0.36292074E+01  0.20296078E+01  0.29935067E-04  0.10927307E+02
   0.18555255E-02  0.21881099E+01  0.17212370E-01 -0.10365338E-01  0.11480644E+02  0.30963726E+01  0.17779000E+00  0.31834644E+00  0.14561098E+02  0.11479752E+03  0.99836755E+00 -0.74338205E-01  0.55912204E-01  0.21519041E+01  0.50760745E-02  0.67904294E-02  0.19263258E-01  0.27911308E+00  0.33717170E+01  0.19808693E+01  0.29413628E-04  0.10922455E+02
   0.19861353E-02  0.23421299E+01  0.17876944E-01 -0.10764764E-01  0.11476882E+02  0.30953710E+01  0.17775567E+00  0.31663880E+00  0.14195131E+02  0.11209660E+03  0.99818021E+00 -0.74337840E-01  0.55893354E-01  0.21519270E+01  0.51403614E-02  0.69171404E-02  0.18893259E-01  0.27834919E+00  0.31324384E+01  0.19310837E+01  0.28992850E-04  0.10917328E+02
   0.21257505E-02  0.25067701E+01  0.18571436E-01 -0.11182082E-01  0.11472935E+02  0.30943263E+01  0.17771950E+00  0.31490251E+00  0.13822186E+02  0.10934571E+03  0.99795198E+00 -0.74337117E-01  0.55873185E-01  0.21519647E+01  0.52052806E-02  0.70440504E-02  0.18513806E-01  0.27760911E+00  0.29101527E+01  0.18803488E+01  0.28498360E-04  0.10911926E+02
   0.22749822E-02  0.26827500E+01  0.19296311E-01 -0.11617553E-01  0.11468801E+02  0.30932376E+01  0.17768185E+00  0.31314164E+00  0.13443010E+02  0.10655041E+03  0.99759454E+00 -0.74335784E-01  0.55851340E-01  0.21526887E+01  0.52709100E-02  0.71709566E-02  0.18125363E-01  0.27690312E+00  0.27036970E+01  0.18287663E+01  0.28052995E-04  0.10906219E+02
   0.24345173E-02  0.28708801E+01  0.20052096E-01 -0.12071485E-01  0.11464478E+02  0.30921042E+01  0.17764315E+00  0.31136030E+00  0.13058331E+02  0.10371604E+03  0.99736065E+00 -0.74334778E-01  0.55828460E-01  0.21538630E+01  0.53369720E-02  0.72976826E-02  0.17728543E-01  0.27624094E+00  0.25119462E+01  0.17764351E+01  0.27636901E-04  0.10900238E+02
   0.26050678E-02  0.30720000E+01  0.20839134E-01 -0.12544063E-01  0.11459958E+02  0.30909255E+01  0.17760397E+00  0.30956313E+00  0.12668986E+02  0.10084878E+03  0.99719501E+00 -0.74333839E-01  0.55804275E-01  0.21548350E+01  0.54032323E-02  0.74242912E-02  0.17324196E-01  0.27563053E+00  0.23338881E+01  0.17234694E+01  0.27165819E-04  0.10893921E+02
   0.27874731E-02  0.32870998E+01  0.21658013E-01 -0.13035623E-01  0.11455239E+02  0.30897017E+01  0.17756499E+00  0.30775449E+00  0.12275704E+02  0.97953918E+02  0.99695152E+00 -0.74332751E-01  0.55778489E-01  0.21553614E+01  0.54697641E-02  0.75499802E-02  0.16912485E-01  0.27507564E+00  0.21685121E+01  0.16699679E+01  0.26790913E-04  0.10887268E+02
   0.29823445E-02  0.35168998E+01  0.22507977E-01 -0.13545694E-01  0.11450326E+02  0.30884342E+01  0.17752704E+00  0.30594155E+00  0.11879847E+02  0.95041412E+02  0.99660480E+00 -0.74331336E-01  0.55751015E-01  0.21559856E+01  0.55360473E-02  0.76748403E-02  0.16495142E-01  0.27459210E+00  0.20151148E+01  0.16161159E+01  0.26377516E-04  0.10880280E+02
   0.31904448E-02  0.37623000E+01  0.23388656E-01 -0.14074032E-01  0.11445221E+02  0.30871239E+01  0.17749107E+00  0.30413049E+00  0.11482533E+02  0.92119354E+02  0.99624801E+00 -0.74329600E-01  0.55721875E-01  0.21563802E+01  0.56020338E-02  0.77994955E-02  0.16073508E-01  0.27419424E+00  0.18729042E+01  0.15620661E+01  0.25928641E-04  0.10872955E+02
   0.34133000E-02  0.40250998E+01  0.24302451E-01 -0.14622057E-01  0.11439909E+02  0.30857677E+01  0.17745809E+00  0.30232194E+00  0.11083649E+02  0.89186714E+02  0.99592954E+00 -0.74327834E-01  0.55690892E-01  0.21570072E+01  0.56676441E-02  0.79245279E-02  0.15647257E-01  0.27389163E+00  0.17407293E+01  0.15078025E+01  0.25551832E-04  0.10865265E+02
   0.36511652E-02  0.43056002E+01  0.25246115E-01 -0.15187794E-01  0.11434409E+02  0.30843709E+01  0.17742956E+00  0.30052781E+00  0.10685529E+02  0.86260422E+02  0.99552977E+00 -0.74325636E-01  0.55657882E-01  0.21580136E+01  0.57323943E-02  0.80498485E-02  0.15219156E-01  0.27370164E+00  0.16183208E+01  0.14536428E+01  0.25188870E-04  0.10857208E+02
   0.39058209E-02  0.46059003E+01  0.26222156E-01 -0.15772726E-01  0.11428709E+02  0.30829298E+01  0.17740682E+00  0.29874861E+00  0.10287991E+02  0.83338814E+02  0.99513388E+00 -0.74323826E-01  0.55623315E-01  0.21590071E+01  0.57964651E-02  0.81754504E-02  0.14788576E-01  0.27362743E+00  0.15046383E+01  0.13995624E+01  0.24805320E-04  0.10848755E+02
   0.41777757E-02  0.49266000E+01  0.27227683E-01 -0.16375091E-01  0.11422824E+02  0.30814495E+01  0.17739159E+00  0.29699478E+00  0.98930407E+01  0.80436302E+02  0.99471056E+00 -0.74321777E-01  0.55586707E-01  0.21597784E+01  0.58594458E-02  0.83026281E-02  0.14358399E-01  0.27369168E+00  0.13993493E+01  0.13458340E+01  0.24452300E-04  0.10839935E+02
   0.44685560E-02  0.52694998E+01  0.28263278E-01 -0.16995210E-01  0.11416755E+02  0.30799301E+01  0.17738575E+00  0.29527020E+00  0.95011930E+01  0.77556229E+02  0.99424988E+00 -0.74318975E-01  0.55547528E-01  0.21605339E+01  0.59211827E-02  0.84328968E-02  0.13929553E-01  0.27392176E+00  0.13017323E+01  0.12925277E+01  0.24158238E-04  0.10830719E+02
   0.47791800E-02  0.56357999E+01  0.29327227E-01 -0.17632028E-01  0.11410510E+02  0.30783741E+01  0.17739135E+00  0.29358238E+00  0.91137762E+01  0.74707863E+02  0.99382889E+00 -0.74316017E-01  0.55506151E-01  0.21618736E+01  0.59814653E-02  0.85663898E-02  0.13503037E-01  0.27433231E+00  0.12113274E+01  0.12398241E+01  0.23815470E-04  0.10821075E+02
   0.51114275E-02  0.60275998E+01  0.30419996E-01 -0.18285790E-01  0.11404091E+02  0.30767813E+01  0.17741077E+00  0.29193506E+00  0.87312374E+01  0.71893951E+02  0.99327600E+00 -0.74312046E-01  0.55461757E-01  0.21629977E+01  0.60403473E-02  0.87041846E-02  0.13079800E-01  0.27493352E+00  0.11275107E+01  0.11877841E+01  0.23471477E-04  0.10811035E+02
   0.54668258E-02  0.64466996E+01  0.31540629E-01 -0.18955894E-01  0.11397507E+02  0.30751543E+01  0.17744654E+00  0.29033390E+00  0.83544807E+01  0.69120537E+02  0.99265236E+00 -0.74307650E-01  0.55414744E-01  0.21638081E+01  0.60977610E-02  0.88474667E-02  0.12661331E-01  0.27574331E+00  0.10498185E+01  0.11365306E+01  0.23189777E-04  0.10800568E+02
   0.58463924E-02  0.68943000E+01  0.32686215E-01 -0.19640561E-01  0.11390778E+02  0.30734980E+01  0.17750143E+00  0.28878713E+00  0.79849401E+01  0.66397484E+02  0.99205834E+00 -0.74303165E-01  0.55365283E-01  0.21650345E+01  0.61535174E-02  0.89979768E-02  0.12249785E-01  0.27678892E+00  0.97792655E+00  0.10862589E+01  0.22911305E-04  0.10789642E+02
   0.62521626E-02  0.73728004E+01  0.33856560E-01 -0.20339640E-01  0.11383906E+02  0.30718126E+01  0.17757852E+00  0.28729841E+00  0.76230302E+01  0.63727161E+02  0.99143642E+00 -0.74297912E-01  0.55312730E-01  0.21662669E+01  0.62075658E-02  0.91575496E-02  0.11846098E-01  0.27809772E+00  0.91134334E+00  0.10370252E+01  0.22632328E-04  0.10778290E+02
   0.66861706E-02  0.78846002E+01  0.35050843E-01 -0.21052605E-01  0.11376904E+02  0.30701013E+01  0.17768128E+00  0.28587225E+00  0.72693076E+01  0.61112907E+02  0.99080068E+00 -0.74292198E-01  0.55257175E-01  0.21672091E+01  0.62600509E-02  0.93278149E-02  0.11451360E-01  0.27968082E+00  0.84965545E+00  0.98890537E+00  0.22386395E-04  0.10766479E+02
   0.71499445E-02  0.84315004E+01  0.36266413E-01 -0.21777831E-01  0.11369786E+02  0.30683677E+01  0.17781329E+00  0.28451484E+00  0.69247665E+01  0.58561268E+02  0.99014080E+00 -0.74286252E-01  0.55198561E-01  0.21685004E+01  0.63109007E-02  0.95117744E-02  0.11067854E-01  0.28156370E+00  0.79256403E+00  0.94203454E+00  0.22159640E-04  0.10754211E+02
   0.76455176E-02  0.90158997E+01  0.37501611E-01 -0.22514291E-01  0.11362572E+02  0.30666151E+01  0.17797853E+00  0.28323066E+00  0.65899749E+01  0.56075653E+02  0.98940444E+00 -0.74279122E-01  0.55136345E-01  0.21698620E+01  0.63603166E-02  0.97114258E-02  0.10696917E-01  0.28377053E+00  0.73972934E+00  0.89648998E+00  0.21929185E-04  0.10741455E+02
   0.81754355E-02  0.96408005E+01  0.38755544E-01 -0.23261413E-01  0.11355268E+02  0.30648460E+01  0.17818151E+00  0.28202298E+00  0.62652082E+01  0.53657288E+02  0.98866320E+00 -0.74271642E-01  0.55070806E-01  0.21710756E+01  0.64083398E-02  0.99288160E-02  0.10339377E-01  0.28633094E+00  0.69080329E+00  0.85230923E+00  0.21733016E-04  0.10728241E+02
   0.87419860E-02  0.10308900E+02  0.40026177E-01 -0.24017937E-01  0.11347895E+02  0.30630636E+01  0.17842700E+00  0.28089610E+00  0.59509592E+01  0.51309036E+02  0.98782539E+00 -0.74262455E-01  0.55000797E-01  0.21723716E+01  0.64550643E-02  0.10167586E-01  0.99973055E-02  0.28927788E+00  0.64550781E+00  0.80955929E+00  0.21541624E-04  0.10714508E+02
   0.93474612E-02  0.11022900E+02  0.41311078E-01 -0.24782375E-01  0.11340471E+02  0.30612721E+01  0.17872021E+00  0.27985388E+00  0.56476989E+01  0.49033665E+02  0.98697942E+00 -0.74252181E-01  0.54926831E-01  0.21740808E+01  0.65008826E-02  0.10430952E-01  0.96725896E-02  0.29263133E+00  0.60359150E+00  0.76830423E+00  0.21369618E-04  0.10700256E+02
   0.99949120E-02  0.11786401E+02  0.42609010E-01 -0.25553951E-01  0.11333009E+02  0.30594738E+01  0.17906705E+00  0.27889901E+00  0.53555260E+01  0.46831192E+02  0.98611647E+00 -0.74241586E-01  0.54849081E-01  0.21758847E+01  0.65460647E-02  0.10721656E-01  0.93661435E-02  0.29641277E+00  0.56478024E+00  0.72855747E+00  0.21200145E-04  0.10685486E+02
   0.10686883E-01  0.12602400E+02  0.43917265E-01 -0.26331004E-01  0.11325531E+02  0.30576735E+01  0.17947365E+00  0.27803490E+00  0.50747948E+01  0.44703613E+02  0.98517501E+00 -0.74230127E-01  0.54767027E-01  0.21774859E+01  0.65907720E-02  0.11042595E-01  0.90795709E-02  0.30063999E+00  0.52886337E+00  0.69036722E+00  0.21027598E-04  0.10670166E+02
   0.11426427E-01  0.13474501E+02  0.45233775E-01 -0.27112266E-01  0.11318055E+02  0.30558743E+01  0.17994684E+00  0.27726403E+00  0.48056197E+01  0.42651222E+02  0.98415112E+00 -0.74217312E-01  0.54680347E-01  0.21790371E+01  0.66352887E-02  0.11397655E-01  0.88147195E-02  0.30534571E+00  0.49562407E+00  0.65374911E+00  0.20920397E-04  0.10654297E+02
   0.12217106E-01  0.14406900E+02  0.46556916E-01 -0.27896728E-01  0.11310599E+02  0.30540795E+01  0.18049435E+00  0.27658832E+00  0.45479598E+01  0.40673218E+02  0.98300821E+00 -0.74201867E-01  0.54587901E-01  0.21809490E+01  0.66801477E-02  0.11791249E-01  0.85732630E-02  0.31056520E+00  0.46485084E+00  0.61869740E+00  0.20797759E-04  0.10637848E+02
   0.13062482E-01  0.15403801E+02  0.47884587E-01 -0.28683100E-01  0.11303182E+02  0.30522919E+01  0.18112467E+00  0.27600965E+00  0.43018060E+01  0.38769192E+02  0.98184490E+00 -0.74185438E-01  0.54490674E-01  0.21831682E+01  0.67256824E-02  0.12227696E-01  0.83571374E-02  0.31631538E+00  0.43635991E+00  0.58521104E+00  0.20664067E-04  0.10620789E+02
   0.13965859E-01  0.16469101E+02  0.49213972E-01 -0.29469673E-01  0.11295823E+02  0.30505161E+01  0.18184660E+00  0.27552983E+00  0.40672174E+01  0.36939358E+02  0.98058796E+00 -0.74167252E-01  0.54388016E-01  0.21853089E+01  0.67723505E-02  0.12710113E-01  0.81677102E-02  0.32259640E+00  0.40999511E+00  0.55329794E+00  0.20564717E-04  0.10603088E+02
   0.14931821E-01  0.17608200E+02  0.50543789E-01 -0.30255640E-01  0.11288540E+02  0.30487537E+01  0.18267053E+00  0.27514973E+00  0.38439238E+01  0.35181530E+02  0.97922093E+00 -0.74146487E-01  0.54278910E-01  0.21878099E+01  0.68207593E-02  0.13241430E-01  0.80060493E-02  0.32942790E+00  0.38558215E+00  0.52292144E+00  0.20472908E-04  0.10584747E+02
   0.15964180E-01  0.18825600E+02  0.51871255E-01 -0.31039318E-01  0.11281352E+02  0.30470090E+01  0.18360704E+00  0.27487040E+00  0.36318676E+01  0.33495316E+02  0.97778273E+00 -0.74123591E-01  0.54163665E-01  0.21902502E+01  0.68713999E-02  0.13828050E-01  0.78756930E-02  0.33684173E+00  0.36298743E+00  0.49407366E+00  0.20388248E-04  0.10565704E+02
   0.17068028E-01  0.20127300E+02  0.53194948E-01 -0.31819824E-01  0.11274275E+02  0.30452840E+01  0.18466848E+00  0.27469215E+00  0.34307334E+01  0.31878437E+02  0.97620374E+00 -0.74097998E-01  0.54041814E-01  0.21928697E+01  0.69248192E-02  0.14472731E-01  0.77772499E-02  0.34481606E+00  0.34206554E+00  0.46671167E+00  0.20302570E-04  0.10545898E+02
   0.18247686E-01  0.21518400E+02  0.54512173E-01 -0.32595530E-01  0.11267329E+02  0.30435817E+01  0.18586707E+00  0.27461526E+00  0.32403736E+01  0.30330088E+02  0.97458076E+00 -0.74071296E-01  0.53914238E-01  0.21960173E+01  0.69815381E-02  0.15177602E-01  0.77117672E-02  0.35332963E+00  0.32270291E+00  0.44081542E+00  0.20218049E-04  0.10525360E+02
   0.19509006E-01  0.23005800E+02  0.55821646E-01 -0.33365641E-01  0.11260525E+02  0.30419040E+01  0.18721724E+00  0.27463931E+00  0.30604041E+01  0.28847706E+02  0.97285253E+00 -0.74041635E-01  0.53779274E-01  0.21991785E+01  0.70423475E-02  0.15949033E-01  0.76826359E-02  0.36239776E+00  0.30477452E+00  0.41633263E+00  0.20151008E-04  0.10503967E+02
   0.20857077E-01  0.24595499E+02  0.57120938E-01 -0.34128688E-01  0.11253882E+02  0.30402536E+01  0.18873318E+00  0.27476364E+00  0.28905852E+01  0.27430050E+02  0.97093928E+00 -0.74007757E-01  0.53635921E-01  0.22024956E+01  0.71079172E-02  0.16790221E-01  0.76916390E-02  0.37199441E+00  0.28818151E+00  0.39323074E+00  0.20094491E-04  0.10481750E+02
   0.22298006E-01  0.26294701E+02  0.58408409E-01 -0.34883678E-01  0.11247415E+02  0.30386322E+01  0.19043066E+00  0.27498710E+00  0.27305570E+01  0.26075012E+02  0.96895450E+00 -0.73971294E-01  0.53485028E-01  0.22065864E+01  0.71787299E-02  0.17707193E-01  0.77418406E-02  0.38209158E+00  0.27282336E+00  0.37146074E+00  0.20029305E-04  0.10458557E+02
   0.23838660E-01  0.28111500E+02  0.59682719E-01 -0.35629787E-01  0.11241131E+02  0.30370405E+01  0.19232662E+00  0.27530828E+00  0.25799160E+01  0.24780233E+02  0.96687967E+00 -0.73931865E-01  0.53325936E-01  0.22109954E+01  0.72555100E-02  0.18704908E-01  0.78360774E-02  0.39265659E+00  0.25860485E+00  0.35096779E+00  0.19969813E-04  0.10434418E+02
   0.25485907E-01  0.30054001E+02  0.60942248E-01 -0.36366034E-01  0.11235043E+02  0.30354800E+01  0.19443803E+00  0.27572507E+00  0.24383011E+01  0.23543791E+02  0.96467596E+00 -0.73889211E-01  0.53158503E-01  0.22152095E+01  0.73391083E-02  0.19784223E-01  0.79757217E-02  0.40360892E+00  0.24544291E+00  0.33170271E+00  0.19911195E-04  0.10409180E+02
   0.27246362E-01  0.32130001E+02  0.62184997E-01 -0.37091222E-01  0.11229162E+02  0.30339527E+01  0.19678104E+00  0.27623478E+00  0.23053880E+01  0.22364189E+02  0.96227705E+00 -0.73841386E-01  0.52980993E-01  0.22192276E+01  0.74300272E-02  0.20950638E-01  0.81643835E-02  0.41486070E+00  0.23326482E+00  0.31362140E+00  0.19849031E-04  0.10382812E+02
   0.29126387E-01  0.34347000E+02  0.63408785E-01 -0.37804052E-01  0.11223504E+02  0.30324609E+01  0.19937077E+00  0.27683368E+00  0.21808634E+01  0.21240164E+02  0.95975655E+00 -0.73788747E-01  0.52793566E-01  0.22240028E+01  0.75288336E-02  0.22210546E-01  0.84063271E-02  0.42635670E+00  0.22200540E+00  0.29668128E+00  0.19790155E-04  0.10355255E+02
   0.31138700E-01  0.36720001E+02  0.64615160E-01 -0.38505405E-01  0.11218059E+02  0.30310006E+01  0.20223054E+00  0.27751964E+00  0.20640535E+01  0.20167208E+02  0.95709980E+00 -0.73731393E-01  0.52595612E-01  0.22296839E+01  0.76364959E-02  0.23570020E-01  0.87054623E-02  0.43804443E+00  0.21157245E+00  0.28079066E+00  0.19723702E-04  0.10326324E+02
   0.33288389E-01  0.39255001E+02  0.65800719E-01 -0.39193269E-01  0.11212845E+02  0.30295753E+01  0.20537135E+00  0.27828699E+00  0.19547967E+01  0.19145502E+02  0.95418251E+00 -0.73667318E-01  0.52385550E-01  0.22351182E+01  0.77534751E-02  0.25019007E-01  0.90593155E-02  0.44971877E+00  0.20192491E+00  0.26592752E+00  0.19659297E-04  0.10296021E+02
   0.35588175E-01  0.41966999E+02  0.66966303E-01 -0.39868120E-01  0.11207859E+02  0.30281827E+01  0.20881280E+00  0.27913210E+00  0.18525388E+01  0.18171597E+02  0.95107889E+00 -0.73597714E-01  0.52163862E-01  0.22407336E+01  0.78807762E-02  0.26565509E-01  0.94729979E-02  0.46131223E+00  0.19299059E+00  0.25201651E+00  0.19594811E-04  0.10264160E+02
   0.38045689E-01  0.44865002E+02  0.68109848E-01 -0.40528737E-01  0.11203109E+02  0.30268245E+01  0.21256514E+00  0.28004864E+00  0.17570069E+01  0.17244705E+02  0.94783461E+00 -0.73523752E-01  0.51931065E-01  0.22471411E+01  0.80189137E-02  0.28217385E-01  0.99530201E-02  0.47275510E+00  0.18472622E+00  0.23902050E+00  0.19520288E-04  0.10230682E+02
   0.40671110E-01  0.47960999E+02  0.69230609E-01 -0.41174673E-01  0.11198593E+02  0.30254993E+01  0.21664010E+00  0.28103042E+00  0.16678206E+01  0.16363047E+02  0.94437677E+00 -0.73442250E-01  0.51684882E-01  0.22540450E+01  0.81683360E-02  0.29986801E-01  0.10508201E-01  0.48393890E+00  0.17708236E+00  0.22688773E+00  0.19444220E-04  0.10195435E+02
   0.43479700E-01  0.51273003E+02  0.70329696E-01 -0.41806553E-01  0.11194307E+02  0.30242057E+01  0.22105446E+00  0.28207219E+00  0.15844792E+01  0.15523564E+02  0.94066340E+00 -0.73352471E-01  0.51423982E-01  0.22604649E+01  0.83299549E-02  0.31867627E-01  0.11137951E-01  0.49474117E+00  0.17000204E+00  0.21555011E+00  0.19366295E-04  0.10158264E+02
   0.46479091E-01  0.54810001E+02  0.71405068E-01 -0.42423189E-01  0.11190254E+02  0.30229445E+01  0.22580948E+00  0.28316513E+00  0.15067476E+01  0.14725793E+02  0.93680382E+00 -0.73257945E-01  0.51150978E-01  0.22675931E+01  0.85042715E-02  0.33840258E-01  0.11835885E-01  0.50505060E+00  0.16345359E+00  0.20497562E+00  0.19276429E-04  0.10119080E+02
   0.49689632E-01  0.58596001E+02  0.72459079E-01 -0.43025918E-01  0.11186419E+02  0.30217118E+01  0.23092391E+00  0.28430423E+00  0.14340898E+01  0.13966132E+02  0.93273956E+00 -0.73155999E-01  0.50862625E-01  0.22760730E+01  0.86921556E-02  0.35942961E-01  0.12623911E-01  0.51487297E+00  0.15738194E+00  0.19509135E+00  0.19182897E-04  0.10077606E+02
   0.53118959E-01  0.62640003E+02  0.73489577E-01 -0.43613486E-01  0.11182806E+02  0.30205083E+01  0.23639254E+00  0.28547913E+00  0.13663113E+01  0.13244431E+02  0.92832637E+00 -0.73042803E-01  0.50556228E-01  0.22855399E+01  0.88941194E-02  0.38166430E-01  0.13501908E-01  0.52398688E+00  0.15176284E+00  0.18587089E+00  0.19082474E-04  0.10033752E+02
   0.56784879E-01  0.66963005E+02  0.74497640E-01 -0.44186503E-01  0.11179408E+02  0.30193310E+01  0.24222186E+00  0.28668225E+00  0.13030144E+01  0.12558305E+02  0.92350316E+00 -0.72915696E-01  0.50229952E-01  0.22951725E+01  0.91109602E-02  0.40522933E-01  0.14479603E-01  0.53237092E+00  0.14655612E+00  0.17726007E+00  0.18973427E-04  0.99873352E+01
   0.60702659E-01  0.71583000E+02  0.75483374E-01 -0.44745013E-01  0.11176220E+02  0.30181797E+01  0.24841079E+00  0.28790441E+00  0.12438915E+01  0.11906225E+02  0.91841555E+00 -0.72779551E-01  0.49886134E-01  0.23050597E+01  0.93433643E-02  0.43000031E-01  0.15555121E-01  0.53998226E+00  0.14173071E+00  0.16921708E+00  0.18863404E-04  0.99381714E+01
   0.64892642E-01  0.76524002E+02  0.76447912E-01 -0.45289636E-01  0.11173230E+02  0.30170515E+01  0.25496301E+00  0.28913721E+00  0.11885946E+01  0.11286100E+02  0.91301221E+00 -0.72632179E-01  0.49522899E-01  0.23155465E+01  0.95921597E-02  0.45609787E-01  0.16738793E-01  0.54680264E+00  0.13725339E+00  0.16169457E+00  0.18743065E-04  0.98859558E+01
   0.69370106E-01  0.81804001E+02  0.77390999E-01 -0.45820214E-01  0.11170435E+02  0.30159459E+01  0.26187125E+00  0.29036996E+00  0.11368778E+01  0.10696866E+02  0.90716636E+00 -0.72468974E-01  0.49136996E-01  0.23261905E+01  0.98580951E-02  0.48382077E-01  0.18050071E-01  0.55282241E+00  0.13310058E+00  0.15465909E+00  0.18612487E-04  0.98305664E+01
   0.74157931E-01  0.87449997E+02  0.78313865E-01 -0.46337426E-01  0.11167826E+02  0.30148604E+01  0.26913574E+00  0.29159352E+00  0.10884320E+01  0.10136615E+02  0.90102810E+00 -0.72296366E-01  0.48731450E-01  0.23386381E+01  0.10142327E-01  0.51255737E-01  0.19463470E-01  0.55786920E+00  0.12924409E+00  0.14806861E+00  0.18476208E-04  0.97716675E+01
   0.79273939E-01  0.93482994E+02  0.79216532E-01 -0.46841245E-01  0.11165392E+02  0.30137937E+01  0.27674425E+00  0.29279661E+00  0.10430329E+01  0.96042786E+01  0.89453113E+00 -0.72111003E-01  0.48303470E-01  0.23519876E+01  0.10445347E-01  0.54224581E-01  0.20980833E-01  0.56197208E+00  0.12566292E+00  0.14189258E+00  0.18334733E-04  0.97091064E+01
   0.84746107E-01  0.99936005E+02  0.80100566E-01 -0.47332529E-01  0.11163127E+02  0.30127430E+01  0.28469896E+00  0.29396963E+00  0.10003943E+01  0.90979738E+01  0.88755691E+00 -0.71904086E-01  0.47847379E-01  0.23648496E+01  0.10768616E-01  0.57393480E-01  0.22659656E-01  0.56535435E+00  0.12233235E+00  0.13609210E+00  0.18186007E-04  0.96424866E+01
   0.90592250E-01  0.10683000E+03  0.80965586E-01 -0.47811039E-01  0.11161023E+02  0.30117087E+01  0.29298434E+00  0.29510006E+00  0.96034002E+00  0.86170063E+01  0.88015825E+00 -0.71680628E-01  0.47365472E-01  0.23788602E+01  0.11112926E-01  0.60736753E-01  0.24492605E-01  0.56781924E+00  0.11923684E+00  0.13064317E+00  0.18030727E-04  0.95716248E+01
   0.96842885E-01  0.11420100E+03  0.81813104E-01 -0.48277572E-01  0.11159074E+02  0.30106874E+01  0.30159405E+00  0.29617703E+00  0.92262536E+00  0.81596899E+01  0.87224603E+00 -0.71442455E-01  0.46857230E-01  0.23950224E+01  0.11479679E-01  0.64184681E-01  0.26450628E-01  0.56909388E+00  0.11635453E+00  0.12551253E+00  0.17867600E-04  0.94961548E+01
   0.10352600E+00  0.12208199E+03  0.82643941E-01 -0.48732538E-01  0.11157270E+02  0.30096767E+01  0.31051201E+00  0.29718849E+00  0.88705534E+00  0.77248068E+01  0.86392820E+00 -0.71192600E-01  0.46324551E-01  0.24128020E+01  0.11870269E-01  0.67800961E-01  0.28570831E-01  0.56937015E+00  0.11366744E+00  0.12067363E+00  0.17695738E-04  0.94157104E+01
   0.11066704E+00  0.13050301E+03  0.83458394E-01 -0.49176045E-01  0.11155606E+02  0.30086756E+01  0.31971848E+00  0.29812142E+00  0.85346824E+00  0.73114934E+01  0.85491771E+00 -0.70912980E-01  0.45755383E-01  0.24302509E+01  0.12286082E-01  0.71593426E-01  0.30862432E-01  0.56869322E+00  0.11116099E+00  0.11610450E+00  0.17521783E-04  0.93300171E+01
   0.11830162E+00  0.13950601E+03  0.84257685E-01 -0.49608711E-01  0.11154080E+02  0.30076821E+01  0.32920259E+00  0.29896328E+00  0.82167548E+00  0.69184537E+01  0.84527385E+00 -0.70607245E-01  0.45150429E-01  0.24485180E+01  0.12728888E-01  0.75531542E-01  0.33316046E-01  0.56694293E+00  0.10881840E+00  0.11177946E+00  0.17343433E-04  0.92386475E+01
   0.12646535E+00  0.14913300E+03  0.85042737E-01 -0.50030965E-01  0.11152682E+02  0.30066934E+01  0.33894712E+00  0.29970065E+00  0.79151535E+00  0.65446258E+01  0.83509737E+00 -0.70281945E-01  0.44513296E-01  0.24694388E+01  0.13200407E-01  0.79672128E-01  0.35965856E-01  0.56417322E+00  0.10662479E+00  0.10767652E+00  0.17155617E-04  0.91411438E+01
   0.13518876E+00  0.15942000E+03  0.85813813E-01 -0.50442882E-01  0.11151412E+02  0.30057082E+01  0.34892222E+00  0.30031872E+00  0.76286334E+00  0.61893010E+01  0.82413954E+00 -0.69926873E-01  0.43837432E-01  0.24924171E+01  0.13702556E-01  0.83912976E-01  0.38766187E-01  0.56012493E+00  0.10456745E+00  0.10377875E+00  0.16961709E-04  0.90371704E+01
   0.14451511E+00  0.17041800E+03  0.86572193E-01 -0.50845049E-01  0.11150265E+02  0.30047226E+01  0.35910460E+00  0.30080307E+00  0.73556864E+00  0.58513694E+01  0.81257194E+00 -0.69551066E-01  0.43126538E-01  0.25172837E+01  0.14237911E-01  0.88288255E-01  0.41739121E-01  0.55483806E+00  0.10263117E+00  0.10006562E+00  0.16766242E-04  0.89262390E+01
   0.15448509E+00  0.18217500E+03  0.87318569E-01 -0.51237751E-01  0.11149236E+02  0.30037353E+01  0.36946449E+00  0.30113816E+00  0.70951009E+00  0.55300312E+01  0.80035150E+00 -0.69148719E-01  0.42375904E-01  0.25431752E+01  0.14808774E-01  0.92922680E-01  0.44952415E-01  0.54851675E+00  0.10080304E+00  0.96520655E-01  0.16566441E-04  0.88078003E+01
   0.16514197E+00  0.19474200E+03  0.88053644E-01 -0.51621228E-01  0.11148323E+02  0.30027440E+01  0.37996984E+00  0.30130768E+00  0.68457472E+00  0.52245412E+01  0.78715998E+00 -0.68703800E-01  0.41574091E-01  0.25696836E+01  0.15417937E-01  0.97769618E-01  0.48387796E-01  0.54099941E+00  0.99070579E-01  0.93128487E-01  0.16360516E-04  0.86813965E+01
   0.17653404E+00  0.20817601E+03  0.88778295E-01 -0.51995803E-01  0.11147531E+02  0.30017459E+01  0.39057985E+00  0.30129451E+00  0.66065311E+00  0.49341168E+01  0.77316236E+00 -0.68230167E-01  0.40728796E-01  0.25987139E+01  0.16068578E-01  0.10258044E+00  0.51925488E-01  0.53184932E+00  0.97420074E-01  0.89874230E-01  0.16151193E-04  0.85464172E+01
   0.18871222E+00  0.22253700E+03  0.89493424E-01 -0.52361794E-01  0.11146852E+02  0.30007377E+01  0.40124577E+00  0.30108070E+00  0.63764626E+00  0.46580453E+01  0.75822830E+00 -0.67721359E-01  0.39836105E-01  0.26306839E+01  0.16764361E-01  0.10753494E+00  0.55658992E-01  0.52127498E+00  0.95837690E-01  0.86744413E-01  0.15938929E-04  0.84023132E+01
   0.20172992E+00  0.23788800E+03  0.90199836E-01 -0.52719437E-01  0.11146296E+02  0.29997158E+01  0.41191521E+00  0.30064741E+00  0.61546379E+00  0.43957014E+01  0.74207675E+00 -0.67160212E-01  0.38883571E-01  0.26636107E+01  0.17509157E-01  0.11267743E+00  0.59612565E-01  0.50923395E+00  0.94310097E-01  0.83726741E-01  0.15724629E-04  0.82484131E+01
   0.21564567E+00  0.25429800E+03  0.90898469E-01 -0.53069003E-01  0.11145862E+02  0.29986763E+01  0.42252642E+00  0.29997507E+00  0.59401965E+00  0.41464748E+01  0.72502244E+00 -0.66566281E-01  0.37880518E-01  0.26994734E+01  0.18307479E-01  0.11781426E+00  0.63692205E-01  0.49548236E+00  0.92823043E-01  0.80809519E-01  0.15508827E-04  0.80840759E+01
   0.23052050E+00  0.27183899E+03  0.91590203E-01 -0.53410690E-01  0.11145554E+02  0.29976156E+01  0.43300894E+00  0.29904261E+00  0.57323664E+00  0.39098363E+01  0.70671445E+00 -0.65916047E-01  0.36813073E-01  0.27372763E+01  0.19164514E-01  0.12303635E+00  0.67944147E-01  0.48021090E+00  0.91362000E-01  0.77982225E-01  0.15288841E-04  0.79085388E+01
   0.24642313E+00  0.29059201E+03  0.92276074E-01 -0.53744733E-01  0.11145380E+02  0.29965281E+01  0.44329175E+00  0.29782811E+00  0.55303884E+00  0.36852746E+01  0.68733954E+00 -0.65217756E-01  0.35685025E-01  0.27776413E+01  0.20086108E-01  0.12844099E+00  0.72416805E-01  0.46349081E+00  0.89912489E-01  0.75234547E-01  0.15067758E-04  0.77210083E+01
   0.26343238E+00  0.31064999E+03  0.92957355E-01 -0.54071434E-01  0.11145341E+02  0.29954085E+01  0.45329130E+00  0.29630738E+00  0.53335059E+00  0.34722590E+01  0.66678464E+00 -0.64472668E-01  0.34494355E-01  0.28202324E+01  0.21079680E-01  0.13378464E+00  0.76987788E-01  0.44494465E+00  0.88458188E-01  0.72556190E-01  0.14847469E-04  0.75205994E+01
   0.28159663E+00  0.33207001E+03  0.93634196E-01 -0.54390471E-01  0.11145451E+02  0.29942524E+01  0.46288678E+00  0.29445845E+00  0.51414049E+00  0.32707145E+01  0.64477718E+00 -0.63670225E-01  0.33234321E-01  0.28666067E+01  0.22151394E-01  0.13908480E+00  0.81657536E-01  0.42457163E+00  0.86984202E-01  0.69942877E-01  0.14627265E-04  0.73067017E+01
   0.30100745E+00  0.35496002E+03  0.94308369E-01 -0.54702252E-01  0.11145717E+02  0.29930499E+01  0.47196358E+00  0.29225481E+00  0.49533659E+00  0.30801284E+01  0.62108892E+00 -0.62798999E-01  0.31897053E-01  0.29167149E+01  0.23310931E-01  0.14425837E+00  0.86378343E-01  0.40219164E+00  0.85470989E-01  0.67384824E-01  0.14408472E-04  0.70782776E+01
   0.32176656E+00  0.37944000E+03  0.94981901E-01 -0.55007167E-01  0.11146163E+02  0.29917903E+01  0.48038828E+00  0.28966722E+00  0.47687292E+00  0.29000852E+01  0.59587151E+00 -0.61866079E-01  0.30482212E-01  0.29707785E+01  0.24569711E-01  0.14937739E+00  0.91176793E-01  0.37797332E+00  0.83897553E-01  0.64873055E-01  0.14189824E-04  0.68341370E+01
   0.34397581E+00  0.40563004E+03  0.95656566E-01 -0.55305332E-01  0.11146795E+02  0.29904616E+01  0.48801249E+00  0.28666520E+00  0.45869723E+00  0.27303936E+01  0.56914479E+00 -0.60865976E-01  0.28985530E-01  0.30297923E+01  0.25940811E-01  0.15447389E+00  0.96054815E-01  0.35208982E+00  0.82243249E-01  0.62400460E-01  0.13971974E-04  0.65730896E+01
   0.36771140E+00  0.43362000E+03  0.96333474E-01 -0.55596452E-01  0.11147644E+02  0.29890509E+01  0.49465504E+00  0.28322068E+00  0.44078684E+00  0.25711811E+01  0.54044539E+00 -0.59776105E-01  0.27396360E-01  0.30916481E+01  0.27437951E-01  0.15909854E+00  0.10076728E+00  0.32416436E+00  0.80488101E-01  0.59963960E-01  0.13757433E-04  0.62942810E+01
   0.39304975E+00  0.46349997E+03  0.97014137E-01 -0.55880237E-01  0.11148729E+02  0.29875422E+01  0.50010675E+00  0.27930519E+00  0.42312291E+00  0.24226282E+01  0.51008451E+00 -0.58621541E-01  0.25724780E-01  0.31574900E+01  0.29077342E-01  0.16328581E+00  0.10530480E+00  0.29434949E+00  0.78610003E-01  0.57560988E-01  0.13548011E-04  0.59968262E+01
   0.42016894E+00  0.49548001E+03  0.97703055E-01 -0.56157351E-01  0.11150089E+02  0.29859095E+01  0.50414854E+00  0.27487293E+00  0.40562826E+00  0.22845509E+01  0.47757447E+00 -0.57373680E-01  0.23952588E-01  0.32272739E+01  0.30885009E-01  0.16704366E+00  0.10964631E+00  0.26269203E+00  0.76578051E-01  0.55181041E-01  0.13343891E-04  0.56786804E+01
   0.44914523E+00  0.52965002E+03  0.98402359E-01 -0.56427129E-01  0.11151766E+02  0.29841249E+01  0.50650132E+00  0.26989195E+00  0.38830686E+00  0.21576085E+01  0.44300035E+00 -0.56037340E-01  0.22079941E-01  0.33032358E+01  0.32885231E-01  0.17015371E+00  0.11364018E+00  0.22925112E+00  0.74367039E-01  0.52824665E-01  0.13143363E-04  0.53389587E+01
   0.48013127E+00  0.56619000E+03  0.99116839E-01 -0.56689434E-01  0.11153813E+02  0.29821467E+01  0.50684941E+00  0.26431525E+00  0.37112477E+00  0.20423872E+01  0.40587139E+00 -0.54591116E-01  0.20094043E-01  0.33829443E+01  0.35114083E-01  0.17239839E+00  0.11713099E+00  0.19406646E+00  0.71943641E-01  0.50487243E-01  0.12949758E-04  0.49759521E+01
   0.51325428E+00  0.60525000E+03  0.99851787E-01 -0.56943655E-01  0.11156315E+02  0.29799204E+01  0.50481892E+00  0.25809678E+00  0.35407743E+00  0.19400351E+01  0.36607340E+00 -0.53030498E-01  0.17992169E-01  0.34685240E+01  0.37614275E-01  0.17362775E+00  0.11998299E+00  0.15738276E+00  0.69273949E-01  0.48168145E-01  0.12764349E-04  0.45882263E+01
   0.54864150E+00  0.64698004E+03  0.10061406E+00 -0.57188720E-01  0.11159363E+02  0.29773669E+01  0.49997592E+00  0.25118557E+00  0.33717343E+00  0.18523042E+01  0.32384565E+00 -0.51370479E-01  0.15776822E-01  0.35630093E+01  0.40441357E-01  0.17362259E+00  0.12201294E+00  0.11951534E+00  0.66321522E-01  0.45868553E-01  0.12585954E-04  0.41744080E+01
   0.58649641E+00  0.69162000E+03  0.10141464E+00 -0.57423420E-01  0.11163100E+02  0.29743679E+01  0.49179101E+00  0.24350771E+00  0.32040533E+00  0.17817249E+01  0.27871639E+00 -0.49595118E-01  0.13433950E-01  0.36638446E+01  0.43675616E-01  0.17210808E+00  0.12299837E+00  0.80763981E-01  0.63039973E-01  0.43587446E-01  0.12415508E-04  0.37322693E+01
   0.62694615E+00  0.73932001E+03  0.10226708E+00 -0.57644874E-01  0.11167722E+02  0.29707499E+01  0.47963369E+00  0.23499134E+00  0.30382550E+00  0.17325039E+01  0.23045011E+00 -0.47707520E-01  0.10958049E-01  0.37738252E+01  0.47419373E-01  0.16874394E+00  0.12266038E+00  0.41652333E-01  0.59384260E-01  0.41331951E-01  0.12250123E-04  0.32604980E+01
   0.67019439E+00  0.79032007E+03  0.10319354E+00 -0.57848655E-01  0.11173530E+02  0.29662189E+01  0.46270317E+00  0.22552840E+00  0.28749067E+00  0.17112368E+01  0.17860775E+00 -0.45714140E-01  0.83369594E-02  0.38934982E+01  0.51826522E-01  0.16311891E+00  0.12066312E+00  0.28954321E-02  0.55296008E-01  0.39109785E-01  0.12086709E-04  0.27570801E+01
   0.71641910E+00  0.84483002E+03  0.10422846E+00 -0.58026142E-01  0.11180995E+02  0.29602776E+01  0.43999499E+00  0.21498032E+00  0.27152994E+00  0.17290576E+01  0.12291035E+00 -0.43669209E-01  0.55479058E-02  0.40256076E+01  0.57122793E-01  0.15477237E+00  0.11661886E+00 -0.34362040E-01  0.50710268E-01  0.36938515E-01  0.11915451E-04  0.22204590E+01
   0.76582378E+00  0.90309003E+03  0.10543191E+00 -0.58159523E-01  0.11190907E+02  0.29519761E+01  0.41019288E+00  0.20313656E+00  0.25616971E+00  0.18056545E+01  0.62350959E-01 -0.41670408E-01  0.25246507E-02  0.41743026E+01  0.63668191E-01  0.14305575E+00  0.11001351E+00 -0.68292357E-01  0.45546792E-01  0.34848932E-01  0.11713161E-04  0.16491699E+01
   0.81863743E+00  0.96537006E+03  0.10692071E+00 -0.58206998E-01  0.11204739E+02  0.29392755E+01  0.37153175E+00  0.18965201E+00  0.24184367E+00  0.19784323E+01 -0.47114408E-02 -0.39765727E-01 -0.84669929E-03  0.43457723E+01  0.72076619E-01  0.12699974E+00  0.10012311E+00 -0.95512882E-01  0.39705485E-01  0.32900039E-01  0.11426921E-04  0.10423889E+01
   0.87511450E+00  0.10319700E+04  0.10894166E+00 -0.58057018E-01  0.11225513E+02  0.29169984E+01  0.32174644E+00  0.17390335E+00  0.22945127E+00  0.23237827E+01 -0.80260575E-01 -0.37148278E-01 -0.44555855E-02  0.45041871E+01  0.83489753E-01  0.10531892E+00  0.85967205E-01 -0.10874653E+00  0.33072069E-01  0.31214196E-01  0.10924810E-04  0.40097046E+00
   0.93545842E+00  0.11031300E+04  0.11201389E+00 -0.57406623E-01  0.11260354E+02  0.28692989E+01  0.25879851E+00  0.15468809E+00  0.22095403E+00  0.29979126E+01 -0.15673263E+00 -0.31708322E-01 -0.72624004E-02  0.43970857E+01  0.10013483E+00  0.78393675E-01  0.67228280E-01 -0.93898095E-01  0.25586858E-01  0.30058244E-01  0.98870742E-05 -0.26760864E+00
   0.10000000E+01  0.11792400E+04  0.11717664E+00 -0.55494826E-01  0.11328271E+02  0.27426660E+01  0.18306942E+00  0.12941180E+00  0.22009264E+00  0.42241788E+01 -0.18878922E+00 -0.24110593E-01 -0.82981018E-02  0.39956834E+01  0.12550591E+00  0.49335454E-01  0.45096468E-01 -0.45456499E-01  0.17378844E-01  0.29941062E-01  0.75326789E-05 -0.93902588E+00
   0.10689682E+01  0.12605701E+04  0.12667120E+00 -0.50449766E-01  0.11483430E+02  0.24022391E+01  0.99887043E-01  0.91673382E-01  0.22603734E+00  0.56814556E+01 -0.14839417E+00 -0.16080774E-01 -0.76487972E-02  0.37019074E+01  0.15773834E+00  0.20447982E-01  0.20662671E-01 -0.16390551E-02  0.97264741E-02  0.30749770E-01  0.20154489E-05 -0.15385437E+01
   0.11426936E+01  0.13475100E+04  0.14742410E+00 -0.36479719E-01  0.11912463E+02  0.15858783E+01  0.22441966E-01  0.27937761E-01  0.12939134E+00  0.45119729E+01 -0.61321069E-01 -0.36076594E-02 -0.24952632E-02  0.65487063E+00  0.60649257E-01  0.15751577E-02  0.17776852E-02  0.10665065E-02  0.26477147E-02  0.17602198E-01  0.48375869E-05 -0.18379822E+01
   0.12215071E+01  0.14404501E+04  0.19283874E+00  0.31828645E-02  0.13742025E+02  0.86161625E+00  0.71171572E-03  0.89541503E-03  0.39336779E-02  0.19377644E+00 -0.18246451E-02 -0.66846012E-04 -0.54061918E-04  0.10152506E-01  0.98865582E-02  0.10630418E-04  0.14802197E-04  0.23020530E-04  0.67267123E-04  0.53513143E-03  0.11910215E-04 -0.81311035E+00
   0.13057393E+01  0.15397800E+04  0.19464616E+00  0.54642623E-02  0.14809615E+02  0.63669533E+00  0.75278524E-03  0.10831184E-02  0.30672865E-03  0.14900303E+00 -0.61593601E-04 -0.27175648E-06 -0.46259984E-06  0.75250008E-03  0.48051435E+00 -0.37876568E-07 -0.30775957E-05 -0.13552487E-06  0.64377899E-04  0.41726889E-04  0.99665567E-05 -0.69992065E+00
   0.13957973E+01  0.16459800E+04  0.19395825E+00  0.51197903E-02  0.15742498E+02  0.47438335E+00  0.12422452E-02  0.15358184E-02  0.19677365E-03  0.21665485E+00 -0.21410004E-04  0.23700947E-06  0.13657085E-06  0.46264945E-03  0.76503026E+00 -0.58405487E-07 -0.13163627E-04 -0.17859429E-05  0.91897760E-04  0.26768783E-04  0.59766321E-05 -0.80084229E+00
   0.14920627E+01  0.17595000E+04  0.19327429E+00  0.46786619E-02  0.16703943E+02  0.36176905E+00  0.15462568E-02  0.18254252E-02  0.17491913E-03  0.26309592E+00 -0.15008060E-04  0.18856203E-06  0.12205103E-06  0.26598005E-03  0.96263772E+00 -0.36192503E-07 -0.14426944E-04 -0.15781533E-05  0.11079813E-03  0.23795728E-04  0.40336049E-05 -0.95498657E+00
   0.15949934E+01  0.18808799E+04  0.19273542E+00  0.43411674E-02  0.17719912E+02  0.30092844E+00  0.17900697E-02  0.20554338E-02  0.16215592E-03  0.30164185E+00 -0.13238996E-04  0.13340279E-06  0.82687613E-07  0.11336696E-03  0.11320387E+01 -0.27745971E-07 -0.15486690E-04 -0.14995425E-05  0.12630463E-03  0.22059441E-04  0.29678347E-05 -0.11422424E+01
   0.17049965E+01  0.20106000E+04  0.19230396E+00  0.40865922E-02  0.18797655E+02  0.28046241E+00  0.20148975E-02  0.22467577E-02  0.15339360E-03  0.33720219E+00 -0.10341380E-04  0.99562101E-07  0.58243376E-07  0.29366753E-04  0.12811147E+01 -0.23882277E-07 -0.15809088E-04 -0.14996045E-05  0.13979354E-03  0.20867428E-04  0.23747687E-05 -0.13582458E+01
   0.18225807E+01  0.21492600E+04  0.19194058E+00  0.38825695E-02  0.19942474E+02  0.27859375E+00  0.22337618E-02  0.24057366E-02  0.14695930E-03  0.37164092E+00 -0.11858863E-04  0.74572320E-07  0.42707619E-07  0.23985006E-05  0.14102547E+01 -0.21085059E-07 -0.15219292E-04 -0.14884798E-05  0.15174272E-03  0.19992116E-04  0.20177413E-05 -0.15999146E+01
   0.19482802E+01  0.22974900E+04  0.19165511E+00  0.37189522E-02  0.21159668E+02  0.27847174E+00  0.24384065E-02  0.25343089E-02  0.14201799E-03  0.40371713E+00 -0.12511056E-04  0.52807188E-07  0.30620711E-07  0.11838213E-06  0.15178747E+01 -0.17577001E-07 -0.13570539E-04 -0.13603449E-05  0.16203600E-03  0.19319908E-04  0.17304814E-05 -0.18652039E+01
   0.20826550E+01  0.24559500E+04  0.19144474E+00  0.35982176E-02  0.22455341E+02  0.27849087E+00  0.26120031E-02  0.26330890E-02  0.13830926E-03  0.43068147E+00 -0.10287848E-04  0.33506037E-07  0.19693628E-07 -0.24684468E-07  0.16024978E+01 -0.13182984E-07 -0.10825613E-04 -0.10901531E-05  0.17028055E-03  0.18815377E-04  0.14239196E-05 -0.21543274E+01
   0.22262897E+01  0.26253298E+04  0.19132130E+00  0.35246485E-02  0.23834816E+02  0.27849552E+00  0.27414288E-02  0.27017347E-02  0.13583526E-03  0.45053673E+00 -0.41220101E-05  0.16806109E-07  0.10051209E-07  0.15337973E-06  0.16622871E+01 -0.82212104E-08 -0.70865631E-05 -0.71066421E-06  0.17614805E-03  0.18478819E-04  0.89232918E-06 -0.24689026E+01
   0.23798463E+01  0.28064099E+04  0.19126995E+00  0.34948892E-02  0.25305799E+02  0.27832064E+00  0.28122829E-02  0.27382604E-02  0.13460334E-03  0.46137762E+00 -0.94642692E-05  0.47067750E-08  0.27574587E-08  0.17173010E-07  0.16944581E+01 -0.28479317E-08 -0.25352249E-05 -0.25237716E-06  0.17925759E-03  0.18311230E-04  0.26320706E-06 -0.28089294E+01
   0.25439858E+01  0.29999700E+04  0.19126996E+00  0.34948892E-02  0.26876825E+02  0.27849951E+00  0.28122829E-02  0.27382604E-02  0.13460334E-03  0.46137735E+00  0.13446456E-02 -0.97971379E-11  0.00000000E+00 -0.28448094E-05  0.16944582E+01 -0.28495286E-08 -0.25352253E-05 -0.25248829E-06  0.17909928E-03  0.18311230E-04  0.26320706E-06 -0.31737976E+01
