   0.37273613E-03  0.46985999E+00  0.10906896E-01 -0.73039779E-02  0.12075930E+02  0.30263929E+01  0.18812095E+00  0.35078093E+00  0.26591864E+02  0.14163409E+03  0.10001667E+01 -0.78344144E-01  0.70643641E-01  0.17219006E+01  0.27768393E-02 -0.63987227E-06 -0.41372928E-06 -0.25740732E-06  0.15260611E+02  0.29062409E+01  0.43146927E-04  0.11545929E+02
   0.40091385E-03  0.50537997E+00  0.11157440E-01 -0.74717589E-02  0.12074456E+02  0.30260890E+01  0.18812095E+00  0.35013577E+00  0.26360197E+02  0.14048015E+03  0.10024350E+01 -0.78642830E-01  0.70910409E-01  0.17272692E+01  0.27991345E-02  0.25201605E-02  0.18402742E-01  0.20281926E+00  0.14159718E+02  0.28809218E+01  0.42692951E-04  0.11544159E+02
   0.43101929E-03  0.54332995E+00  0.11423030E-01 -0.76496080E-02  0.12072891E+02  0.30257673E+01  0.18812093E+00  0.34945792E+00  0.26116751E+02  0.13924956E+03  0.10027030E+01 -0.78639872E-01  0.70902273E-01  0.17251835E+01  0.28243954E-02  0.25703402E-02  0.18267106E-01  0.20412965E+00  0.13143077E+02  0.28543155E+01  0.42207917E-04  0.11542267E+02
   0.46319523E-03  0.58389002E+00  0.11704554E-01 -0.78381188E-02  0.12071231E+02  0.30254269E+01  0.18812065E+00  0.34874615E+00  0.25861097E+02  0.13795787E+03  0.10028840E+01 -0.78639999E-01  0.70896693E-01  0.17248198E+01  0.28505926E-02  0.26188313E-02  0.18122895E-01  0.20382409E+00  0.12203148E+02  0.28263750E+01  0.40478779E-04  0.11540253E+02
   0.49760821E-03  0.62726998E+00  0.12003023E-01 -0.80379676E-02  0.12069468E+02  0.30250659E+01  0.18811981E+00  0.34799907E+00  0.25592728E+02  0.13660275E+03  0.10030136E+01 -0.78640170E-01  0.70890702E-01  0.17250484E+01  0.28785563E-02  0.26734271E-02  0.17973008E-01  0.20347966E+00  0.11332941E+02  0.27970448E+01  0.39091428E-04  0.11538116E+02
   0.53440110E-03  0.67365003E+00  0.12319180E-01 -0.82496488E-02  0.12067598E+02  0.30246835E+01  0.18811840E+00  0.34721610E+00  0.25311419E+02  0.13518320E+03  0.10029033E+01 -0.78640111E-01  0.70884131E-01  0.17257434E+01  0.29078377E-02  0.27285388E-02  0.17814990E-01  0.20311400E+00  0.10527088E+02  0.27663002E+01  0.38043792E-04  0.11535858E+02
   0.57371665E-03  0.72320998E+00  0.12653700E-01 -0.84736133E-02  0.12065619E+02  0.30242791E+01  0.18811631E+00  0.34639686E+00  0.25017052E+02  0.13369882E+03  0.10029346E+01 -0.78640461E-01  0.70877552E-01  0.17266310E+01  0.29383837E-02  0.27851341E-02  0.17649336E-01  0.20274171E+00  0.97807999E+01  0.27341287E+01  0.37146543E-04  0.11533478E+02
   0.61574526E-03  0.77618998E+00  0.13007584E-01 -0.87105287E-02  0.12063521E+02  0.30238512E+01  0.18811348E+00  0.34554052E+00  0.24709278E+02  0.13214796E+03  0.10028937E+01 -0.78640394E-01  0.70870109E-01  0.17280618E+01  0.29703286E-02  0.28442256E-02  0.17475843E-01  0.20235379E+00  0.90890083E+01  0.27004919E+01  0.36116438E-04  0.11530914E+02
   0.66067732E-03  0.83283001E+00  0.13381745E-01 -0.89610051E-02  0.12061302E+02  0.30233986E+01  0.18810987E+00  0.34464651E+00  0.24387878E+02  0.13052971E+03  0.10026635E+01 -0.78639559E-01  0.70861436E-01  0.17286839E+01  0.30033679E-02  0.29053250E-02  0.17294129E-01  0.20195593E+00  0.84473953E+01  0.26653659E+01  0.35579411E-04  0.11528198E+02
   0.70870318E-03  0.89336997E+00  0.13776997E-01 -0.92255827E-02  0.12058956E+02  0.30229208E+01  0.18810534E+00  0.34371462E+00  0.24052776E+02  0.12884384E+03  0.10021672E+01 -0.78637965E-01  0.70851475E-01  0.17280974E+01  0.30377707E-02  0.29671311E-02  0.17104115E-01  0.20154348E+00  0.78521967E+01  0.26287425E+01  0.35036410E-04  0.11525360E+02
   0.76003710E-03  0.95807999E+00  0.14194257E-01 -0.95048733E-02  0.12056479E+02  0.30224171E+01  0.18809989E+00  0.34274459E+00  0.23703875E+02  0.12709007E+03  0.10017229E+01 -0.78636669E-01  0.70841298E-01  0.17284944E+01  0.30734139E-02  0.30302510E-02  0.16905293E-01  0.20111616E+00  0.72998257E+01  0.25906107E+01  0.34053312E-04  0.11522308E+02
   0.81491709E-03  0.10272601E+01  0.14634509E-01 -0.97995317E-02  0.12053864E+02  0.30218852E+01  0.18809339E+00  0.34173614E+00  0.23341074E+02  0.12526810E+03  0.10017089E+01 -0.78636430E-01  0.70831522E-01  0.17297485E+01  0.31101413E-02  0.30944343E-02  0.16697356E-01  0.20068048E+00  0.67869396E+01  0.25509601E+01  0.33490698E-04  0.11519104E+02
   0.87358098E-03  0.11012100E+01  0.15098609E-01 -0.10110129E-01  0.12051102E+02  0.30213246E+01  0.18808585E+00  0.34068957E+00  0.22964449E+02  0.12337852E+03  0.10015250E+01 -0.78635462E-01  0.70820533E-01  0.17302717E+01  0.31482023E-02  0.31596469E-02  0.16481306E-01  0.20023865E+00  0.63106394E+01  0.25097985E+01  0.32978158E-04  0.11515717E+02
   0.93629071E-03  0.11802599E+01  0.15587470E-01 -0.10437270E-01  0.12048191E+02  0.30207348E+01  0.18807723E+00  0.33960521E+00  0.22574093E+02  0.12142201E+03  0.10012667E+01 -0.78634337E-01  0.70808716E-01  0.17300969E+01  0.31877211E-02  0.32262560E-02  0.16256822E-01  0.19978750E+00  0.58681951E+01  0.24671364E+01  0.32170272E-04  0.11512115E+02
   0.10033319E-02  0.12647700E+01  0.16102036E-01 -0.10781582E-01  0.12045123E+02  0.30201144E+01  0.18806744E+00  0.33848357E+00  0.22170153E+02  0.11939953E+03  0.10012479E+01 -0.78634009E-01  0.70796818E-01  0.17301511E+01  0.32282239E-02  0.32924821E-02  0.16022775E-01  0.19932967E+00  0.54570770E+01  0.24229894E+01  0.31468171E-04  0.11508301E+02
   0.10749899E-02  0.13551000E+01  0.16643086E-01 -0.11143582E-01  0.12041893E+02  0.30194626E+01  0.18805648E+00  0.33732566E+00  0.21752951E+02  0.11731294E+03  0.10011481E+01 -0.78632981E-01  0.70783630E-01  0.17310667E+01  0.32697222E-02  0.33583692E-02  0.15779750E-01  0.19886877E+00  0.50750713E+01  0.23773932E+01  0.31043623E-04  0.11504303E+02
   0.11515981E-02  0.14516701E+01  0.17211581E-01 -0.11523907E-01  0.12038495E+02  0.30187778E+01  0.18804437E+00  0.33613226E+00  0.21322748E+02  0.11516378E+03  0.10009881E+01 -0.78631647E-01  0.70769377E-01  0.17318616E+01  0.33125510E-02  0.34237991E-02  0.15528225E-01  0.19840333E+00  0.47199955E+01  0.23303761E+01  0.30456053E-04  0.11500061E+02
   0.12334657E-02  0.15548699E+01  0.17808113E-01 -0.11922947E-01  0.12034925E+02  0.30180597E+01  0.18803115E+00  0.33490503E+00  0.20880138E+02  0.11295528E+03  0.10008681E+01 -0.78630470E-01  0.70754424E-01  0.17321376E+01  0.33564742E-02  0.34887812E-02  0.15267952E-01  0.19794062E+00  0.43900399E+01  0.22820029E+01  0.29897730E-04  0.11495575E+02
   0.13209976E-02  0.16652100E+01  0.18433770E-01 -0.12341423E-01  0.12031177E+02  0.30173075E+01  0.18801688E+00  0.33364499E+00  0.20425413E+02  0.11068909E+03  0.10007567E+01 -0.78629114E-01  0.70738494E-01  0.17318667E+01  0.34013784E-02  0.35527723E-02  0.14998766E-01  0.19748355E+00  0.40832491E+01  0.22323058E+01  0.29266394E-04  0.11490875E+02
   0.14145743E-02  0.17831699E+01  0.19089222E-01 -0.12779775E-01  0.12027245E+02  0.30165205E+01  0.18800168E+00  0.33235410E+00  0.19959230E+02  0.10836877E+03  0.10007055E+01 -0.78627937E-01  0.70721857E-01  0.17312723E+01  0.34470703E-02  0.36154687E-02  0.14721098E-01  0.19703402E+00  0.37980208E+01  0.21813564E+01  0.28595270E-04  0.11485901E+02
   0.15146005E-02  0.19092599E+01  0.19775083E-01 -0.13238408E-01  0.12023124E+02  0.30156984E+01  0.18798569E+00  0.33103466E+00  0.19482344E+02  0.10599824E+03  0.10006657E+01 -0.78627355E-01  0.70704632E-01  0.17310965E+01  0.34934513E-02  0.36771949E-02  0.14435641E-01  0.19659087E+00  0.35328667E+01  0.21292372E+01  0.28154185E-04  0.11480682E+02
   0.16215283E-02  0.20440500E+01  0.20492041E-01 -0.13717769E-01  0.12018811E+02  0.30148399E+01  0.18796910E+00  0.32968882E+00  0.18995497E+02  0.10358141E+03  0.10005066E+01 -0.78626625E-01  0.70686184E-01  0.17313824E+01  0.35406137E-02  0.37370101E-02  0.14142646E-01  0.19615945E+00  0.32863541E+01  0.20760293E+01  0.27760711E-04  0.11475159E+02
   0.17358100E-02  0.21881099E+01  0.21240508E-01 -0.14218125E-01  0.12014304E+02  0.30139449E+01  0.18795221E+00  0.32831949E+00  0.18499660E+02  0.10112331E+03  0.10004125E+01 -0.78625746E-01  0.70666648E-01  0.17320007E+01  0.35883822E-02  0.37946324E-02  0.13842217E-01  0.19574878E+00  0.30572221E+01  0.20218391E+01  0.27158012E-04  0.11469391E+02
   0.18579928E-02  0.23421299E+01  0.22021221E-01 -0.14739959E-01  0.12009597E+02  0.30130122E+01  0.18793526E+00  0.32692906E+00  0.17995611E+02  0.98627907E+02  0.10003271E+01 -0.78624658E-01  0.70645742E-01  0.17331419E+01  0.36365762E-02  0.38504484E-02  0.13534769E-01  0.19536670E+00  0.28441801E+01  0.19667513E+01  0.26656846E-04  0.11463318E+02
   0.19886005E-02  0.25067701E+01  0.22834454E-01 -0.15283443E-01  0.12004688E+02  0.30120416E+01  0.18791877E+00  0.32552081E+00  0.17484468E+02  0.96100868E+02  0.10001950E+01 -0.78623310E-01  0.70623346E-01  0.17338716E+01  0.36851512E-02  0.39038677E-02  0.13221133E-01  0.19501714E+00  0.26461465E+01  0.19108881E+01  0.26242460E-04  0.11456940E+02
   0.21282039E-02  0.26827500E+01  0.23680462E-01 -0.15848733E-01  0.11999577E+02  0.30110333E+01  0.18790312E+00  0.32409814E+00  0.16967352E+02  0.93547859E+02  0.99996543E+00 -0.78621373E-01  0.70599131E-01  0.17337427E+01  0.37338824E-02  0.39545787E-02  0.12901757E-01  0.19470240E+00  0.24620867E+01  0.18543721E+01  0.25818978E-04  0.11450256E+02
   0.22774460E-02  0.28708801E+01  0.24559593E-01 -0.16436050E-01  0.11994262E+02  0.30099881E+01  0.18788892E+00  0.32266423E+00  0.16445343E+02  0.90974228E+02  0.99963742E+00 -0.78618877E-01  0.70573129E-01  0.17337277E+01  0.37826800E-02  0.40025190E-02  0.12577094E-01  0.19443288E+00  0.22910030E+01  0.17973214E+01  0.25315832E-04  0.11443237E+02
   0.24369927E-02  0.30720000E+01  0.25471959E-01 -0.17045453E-01  0.11988743E+02  0.30089049E+01  0.18787673E+00  0.32122281E+00  0.15919645E+02  0.88385925E+02  0.99937505E+00 -0.78616127E-01  0.70545509E-01  0.17337710E+01  0.38314748E-02  0.40479344E-02  0.12248183E-01  0.19421615E+00  0.21319952E+01  0.17398677E+01  0.24807649E-04  0.11435913E+02
   0.26076296E-02  0.32870998E+01  0.26417965E-01 -0.17677195E-01  0.11983017E+02  0.30077844E+01  0.18786733E+00  0.31977707E+00  0.15391294E+02  0.85787994E+02  0.99919027E+00 -0.78613281E-01  0.70516266E-01  0.17340239E+01  0.38800531E-02  0.40912218E-02  0.11915569E-01  0.19406301E+00  0.19841682E+01  0.16821239E+01  0.24524043E-04  0.11428223E+02
   0.27899283E-02  0.35168998E+01  0.27396450E-01 -0.18330488E-01  0.11977091E+02  0.30066276E+01  0.18786156E+00  0.31833237E+00  0.14862143E+02  0.83189400E+02  0.99899864E+00 -0.78610204E-01  0.70485249E-01  0.17345630E+01  0.39282474E-02  0.41321069E-02  0.11580277E-01  0.19398294E+00  0.18468986E+01  0.16242926E+01  0.24147806E-04  0.11420227E+02
   0.29846022E-02  0.37623000E+01  0.28406734E-01 -0.19004855E-01  0.11970970E+02  0.30054359E+01  0.18786037E+00  0.31689337E+00  0.14333692E+02  0.80597305E+02  0.99875474E+00 -0.78606553E-01  0.70452057E-01  0.17346756E+01  0.39758012E-02  0.41705812E-02  0.11243206E-01  0.19398138E+00  0.17194872E+01  0.15665379E+01  0.23713781E-04  0.11411865E+02
   0.31930793E-02  0.40250998E+01  0.29451311E-01 -0.19701947E-01  0.11964641E+02  0.30042069E+01  0.18786480E+00  0.31546000E+00  0.13805773E+02  0.78010605E+02  0.99847513E+00 -0.78602314E-01  0.70416592E-01  0.17352108E+01  0.40228423E-02  0.42072628E-02  0.10904263E-01  0.19407007E+00  0.16009107E+01  0.15088413E+01  0.23341941E-04  0.11403137E+02
   0.34155976E-02  0.43056002E+01  0.30526232E-01 -0.20419102E-01  0.11958128E+02  0.30029449E+01  0.18787597E+00  0.31404114E+00  0.13281437E+02  0.75443901E+02  0.99818355E+00 -0.78598045E-01  0.70379332E-01  0.17359507E+01  0.40691961E-02  0.42424183E-02  0.10565416E-01  0.19425853E+00  0.14909372E+01  0.14515363E+01  0.23002804E-04  0.11394043E+02
   0.36538234E-02  0.46059003E+01  0.31634130E-01 -0.21158058E-01  0.11951417E+02  0.30016475E+01  0.18789522E+00  0.31263652E+00  0.12760386E+02  0.72895287E+02  0.99790853E+00 -0.78593835E-01  0.70340127E-01  0.17363936E+01  0.41147000E-02  0.42767557E-02  0.10226835E-01  0.19455950E+00  0.13886441E+01  0.13945903E+01  0.22644765E-04  0.11384552E+02
   0.39082319E-02  0.49266000E+01  0.32771520E-01 -0.21916468E-01  0.11944530E+02  0.30003197E+01  0.18792382E+00  0.31125370E+00  0.12245170E+02  0.70376724E+02  0.99757320E+00 -0.78588814E-01  0.70298284E-01  0.17365210E+01  0.41593192E-02  0.43107043E-02  0.98900115E-02  0.19498478E+00  0.12937429E+01  0.13382820E+01  0.22326407E-04  0.11374725E+02
   0.41802516E-02  0.52694998E+01  0.33938881E-01 -0.22694627E-01  0.11937469E+02  0.29989614E+01  0.18796331E+00  0.30989483E+00  0.11736358E+02  0.67890388E+02  0.99719417E+00 -0.78582846E-01  0.70253447E-01  0.17370701E+01  0.42029596E-02  0.43453849E-02  0.95553668E-02  0.19555214E+00  0.12055967E+01  0.12826736E+01  0.22084390E-04  0.11364471E+02
   0.44708345E-02  0.56357999E+01  0.35134137E-01 -0.23491124E-01  0.11930245E+02  0.29975746E+01  0.18801525E+00  0.30856493E+00  0.11235551E+02  0.65443443E+02  0.99674797E+00 -0.78575701E-01  0.70205428E-01  0.17380346E+01  0.42454754E-02  0.43816268E-02  0.92245303E-02  0.19627729E+00  0.11238041E+01  0.12279402E+01  0.21796202E-04  0.11353851E+02
   0.47816462E-02  0.60275998E+01  0.36357686E-01 -0.24306199E-01  0.11922863E+02  0.29961598E+01  0.18808146E+00  0.30726597E+00  0.10743193E+02  0.63037342E+02  0.99625432E+00 -0.78567378E-01  0.70154019E-01  0.17391477E+01  0.42869295E-02  0.44213538E-02  0.88984892E-02  0.19717681E+00  0.10478144E+01  0.11741301E+01  0.21498558E-04  0.11342804E+02
   0.51141148E-02  0.64466996E+01  0.37608359E-01 -0.25139043E-01  0.11915330E+02  0.29947181E+01  0.18816382E+00  0.30600157E+00  0.10260304E+02  0.60676281E+02  0.99586892E+00 -0.78559153E-01  0.70100285E-01  0.17399468E+01  0.43271761E-02  0.44659711E-02  0.85781589E-02  0.19826737E+00  0.97722185E+00  0.11213549E+01  0.21291929E-04  0.11331329E+02
   0.54691923E-02  0.68943000E+01  0.38882840E-01 -0.25987422E-01  0.11907667E+02  0.29932551E+01  0.18826419E+00  0.30477703E+00  0.97885656E+01  0.58367577E+02  0.99543768E+00 -0.78550242E-01  0.70043400E-01  0.17403141E+01  0.43662428E-02  0.45160055E-02  0.82644513E-02  0.19956155E+00  0.91174763E+00  0.10697982E+01  0.21057400E-04  0.11319458E+02
   0.58487826E-02  0.73728004E+01  0.40180914E-01 -0.26851159E-01  0.11899882E+02  0.29917712E+01  0.18838483E+00  0.30359435E+00  0.93283396E+01  0.56112099E+02  0.99491268E+00 -0.78540072E-01  0.69982827E-01  0.17411721E+01  0.44042962E-02  0.45733140E-02  0.79582846E-02  0.20107593E+00  0.85096037E+00  0.10194999E+01  0.20831925E-04  0.11307159E+02
   0.62547894E-02  0.78846002E+01  0.41501686E-01 -0.27729634E-01  0.11891983E+02  0.29902680E+01  0.18852806E+00  0.30245602E+00  0.88801594E+01  0.53911526E+02  0.99438947E+00 -0.78528903E-01  0.69918722E-01  0.17420382E+01  0.44413540E-02  0.46408949E-02  0.76611713E-02  0.20284230E+00  0.79449862E+00  0.97051805E+00  0.20673959E-04  0.11294434E+02
   0.66886409E-02  0.84315004E+01  0.42842265E-01 -0.28620884E-01  0.11883991E+02  0.29887493E+01  0.18869621E+00  0.30136603E+00  0.84451113E+01  0.51770218E+02  0.99381459E+00 -0.78516543E-01  0.69850534E-01  0.17426176E+01  0.44773836E-02  0.47201500E-02  0.73739267E-02  0.20487639E+00  0.74210513E+00  0.92297131E+00  0.20472195E-04  0.11281250E+02
   0.71522403E-02  0.90158997E+01  0.44200920E-01 -0.29523730E-01  0.11875921E+02  0.29872179E+01  0.18889189E+00  0.30032694E+00  0.80237350E+01  0.49689865E+02  0.99321234E+00 -0.78503422E-01  0.69778666E-01  0.17434398E+01  0.45124525E-02  0.48132231E-02  0.70977821E-02  0.20719710E+00  0.69348472E+00  0.87691891E+00  0.20291014E-04  0.11267609E+02
   0.76479688E-02  0.96408005E+01  0.45576803E-01 -0.30437574E-01  0.11867783E+02  0.29856749E+01  0.18911809E+00  0.29934055E+00  0.76162043E+01  0.47670357E+02  0.99253690E+00 -0.78488842E-01  0.69702558E-01  0.17447556E+01  0.45467685E-02  0.49232803E-02  0.68341405E-02  0.20983395E+00  0.64833343E+00  0.83237958E+00  0.20142854E-04  0.11253510E+02
   0.81779668E-02  0.10308900E+02  0.46967842E-01 -0.31361002E-01  0.11859593E+02  0.29841230E+01  0.18937795E+00  0.29840934E+00  0.72229662E+01  0.45712990E+02  0.99178779E+00 -0.78472227E-01  0.69621362E-01  0.17458607E+01  0.45806048E-02  0.50525637E-02  0.65836180E-02  0.21281219E+00  0.60641080E+00  0.78940237E+00  0.20004021E-04  0.11238922E+02
   0.87443776E-02  0.11022900E+02  0.48371557E-01 -0.32292340E-01  0.11851373E+02  0.29825664E+01  0.18967484E+00  0.29753584E+00  0.68444481E+01  0.43819008E+02  0.99103791E+00 -0.78453660E-01  0.69535077E-01  0.17471342E+01  0.46139979E-02  0.52043507E-02  0.63476516E-02  0.21616745E+00  0.56750017E+00  0.74803388E+00  0.19902856E-04  0.11223846E+02
   0.93500558E-02  0.11786401E+02  0.49786832E-01 -0.33230804E-01  0.11843131E+02  0.29810057E+01  0.19001274E+00  0.29672161E+00  0.64806137E+01  0.41987431E+02  0.99022096E+00 -0.78432888E-01  0.69443338E-01  0.17486639E+01  0.46470733E-02  0.53816531E-02  0.61276103E-02  0.21992381E+00  0.53136271E+00  0.70827019E+00  0.19807201E-04  0.11208252E+02
   0.99973818E-02  0.12602400E+02  0.51210940E-01 -0.34174554E-01  0.11834891E+02  0.29794452E+01  0.19039567E+00  0.29596895E+00  0.61317563E+01  0.40218979E+02  0.98938978E+00 -0.78411058E-01  0.69346845E-01  0.17501029E+01  0.46802186E-02  0.55867964E-02  0.59244554E-02  0.22409655E+00  0.49781743E+00  0.67014337E+00  0.19688703E-04  0.11192139E+02
   0.10689212E-01  0.13474501E+02  0.52641906E-01 -0.35122246E-01  0.11826667E+02  0.29778874E+01  0.19082822E+00  0.29527938E+00  0.57978821E+01  0.38513027E+02  0.98851538E+00 -0.78387789E-01  0.69245368E-01  0.17512399E+01  0.47138594E-02  0.58238609E-02  0.57396088E-02  0.22872366E+00  0.46667632E+00  0.63365406E+00  0.19599669E-04  0.11175476E+02
   0.11428878E-01  0.14406900E+02  0.54078281E-01 -0.36072880E-01  0.11818475E+02  0.29763353E+01  0.19131586E+00  0.29465434E+00  0.54788103E+01  0.36868107E+02  0.98744619E+00 -0.78360550E-01  0.69136515E-01  0.17521704E+01  0.47480939E-02  0.60961829E-02  0.55742110E-02  0.23384242E+00  0.43775538E+00  0.59878248E+00  0.19528235E-04  0.11158234E+02
   0.12219710E-01  0.15403801E+02  0.55518083E-01 -0.37025113E-01  0.11810332E+02  0.29747908E+01  0.19186449E+00  0.29409522E+00  0.51744137E+01  0.35283176E+02  0.98637307E+00 -0.78331001E-01  0.69021583E-01  0.17538420E+01  0.47831899E-02  0.64075603E-02  0.54298341E-02  0.23948824E+00  0.41089535E+00  0.56551480E+00  0.19444338E-04  0.11140411E+02
   0.13064804E-01  0.16469101E+02  0.56958571E-01 -0.37977092E-01  0.11802258E+02  0.29732568E+01  0.19248050E+00  0.29360369E+00  0.48846607E+01  0.33757774E+02  0.98528874E+00 -0.78299426E-01  0.68900645E-01  0.17556238E+01  0.48195897E-02  0.67626117E-02  0.53083492E-02  0.24569346E+00  0.38596168E+00  0.53384751E+00  0.19388268E-04  0.11121948E+02
   0.13968443E-01  0.17608200E+02  0.58398675E-01 -0.38928080E-01  0.11794263E+02  0.29717352E+01  0.19317181E+00  0.29318067E+00  0.46091266E+01  0.32289547E+02  0.98414797E+00 -0.78265607E-01  0.68773173E-01  0.17577326E+01  0.48577636E-02  0.71648834E-02  0.52108802E-02  0.25247863E+00  0.36280167E+00  0.50373423E+00  0.19345644E-04  0.11102844E+02
   0.14934196E-01  0.18825600E+02  0.59835725E-01 -0.39876275E-01  0.11786366E+02  0.29702287E+01  0.19394641E+00  0.29282746E+00  0.43476591E+01  0.30877687E+02  0.98289096E+00 -0.78228697E-01  0.68638422E-01  0.17595599E+01  0.48980792E-02  0.76167933E-02  0.51385378E-02  0.25985530E+00  0.34130025E+00  0.47515827E+00  0.19289659E-04  0.11083069E+02
   0.15966825E-01  0.20127300E+02  0.61268501E-01 -0.40820841E-01  0.11778584E+02  0.29687397E+01  0.19481416E+00  0.29254484E+00  0.40998011E+01  0.29519917E+02  0.98138088E+00 -0.78185678E-01  0.68493456E-01  0.17612120E+01  0.49407901E-02  0.81255110E-02  0.50943042E-02  0.26788309E+00  0.32132980E+00  0.44806975E+00  0.19238061E-04  0.11062531E+02
   0.17070374E-01  0.21518400E+02  0.62694356E-01 -0.41759990E-01  0.11770935E+02  0.29672701E+01  0.19578534E+00  0.29233384E+00  0.38653142E+01  0.28215317E+02  0.97983468E+00 -0.78139737E-01  0.68340868E-01  0.17635455E+01  0.49864515E-02  0.86951256E-02  0.50799823E-02  0.27657273E+00  0.30279231E+00  0.42244253E+00  0.19203442E-04  0.11041229E+02
   0.18250315E-01  0.23005800E+02  0.64112194E-01 -0.42692978E-01  0.11763428E+02  0.29658215E+01  0.19687231E+00  0.29219511E+00  0.36436768E+01  0.26961498E+02  0.97828752E+00 -0.78091957E-01  0.68181716E-01  0.17658166E+01  0.50357492E-02  0.93259038E-02  0.50954176E-02  0.28592035E+00  0.28557771E+00  0.39821965E+00  0.19165796E-04  0.11019135E+02
   0.19511411E-01  0.24595499E+02  0.65519646E-01 -0.43618213E-01  0.11756080E+02  0.29643960E+01  0.19808783E+00  0.29212913E+00  0.34345591E+01  0.25757298E+02  0.97662264E+00 -0.78039199E-01  0.68012945E-01  0.17681007E+01  0.50888704E-02  0.10025565E-01  0.51443758E-02  0.29597712E+00  0.26960027E+00  0.37536505E+00  0.19133482E-04  0.10996124E+02
   0.20859374E-01  0.26294701E+02  0.66915117E-01 -0.44534612E-01  0.11748902E+02  0.29629955E+01  0.19944675E+00  0.29213619E+00  0.32374914E+01  0.24600908E+02  0.97486615E+00 -0.77981733E-01  0.67834325E-01  0.17705547E+01  0.51463814E-02  0.10799968E-01  0.52298373E-02  0.30674362E+00  0.25477180E+00  0.35382739E+00  0.19097075E-04  0.10972229E+02
   0.22300625E-01  0.28111500E+02  0.68297364E-01 -0.45441333E-01  0.11741906E+02  0.29616208E+01  0.20096549E+00  0.29221636E+00  0.30519612E+01  0.23490328E+02  0.97296321E+00 -0.77920012E-01  0.67646265E-01  0.17733597E+01  0.52090795E-02  0.11647912E-01  0.53513143E-02  0.31815377E+00  0.24100830E+00  0.33355069E+00  0.19053203E-04  0.10947296E+02
   0.23841595E-01  0.30054001E+02  0.69664776E-01 -0.46337288E-01  0.11735104E+02  0.29602726E+01  0.20266135E+00  0.29236948E+00  0.28775146E+01  0.22424009E+02  0.97082835E+00 -0.77851303E-01  0.67445762E-01  0.17762030E+01  0.52771349E-02  0.12582489E-01  0.55154529E-02  0.33024198E+00  0.22823684E+00  0.31448531E+00  0.19023828E-04  0.10921326E+02
   0.25488470E-01  0.32130001E+02  0.71015239E-01 -0.47221068E-01  0.11728511E+02  0.29589529E+01  0.20455220E+00  0.29259494E+00  0.27137516E+01  0.21400867E+02  0.96852970E+00 -0.77775508E-01  0.67233004E-01  0.17792637E+01  0.53511322E-02  0.13605748E-01  0.57239844E-02  0.34293714E+00  0.21639431E+00  0.29658756E+00  0.18993234E-04  0.10894226E+02
   0.27247196E-01  0.34347000E+02  0.72346412E-01 -0.48091121E-01  0.11722139E+02  0.29576631E+01  0.20665570E+00  0.29289144E+00  0.25602932E+01  0.20420055E+02  0.96618521E+00 -0.77696279E-01  0.67011118E-01  0.17827767E+01  0.54317522E-02  0.14712609E-01  0.59753046E-02  0.35612434E+00  0.20542370E+00  0.27981600E+00  0.18953768E-04  0.10865906E+02
   0.29129678E-01  0.36720001E+02  0.73660016E-01 -0.48948541E-01  0.11715982E+02  0.29564006E+01  0.20899680E+00  0.29325843E+00  0.24163206E+01  0.19477951E+02  0.96371800E+00 -0.77611953E-01  0.66777766E-01  0.17868488E+01  0.55195638E-02  0.15913909E-01  0.62752832E-02  0.36980999E+00  0.19524105E+00  0.26408115E+00  0.18910929E-04  0.10836243E+02
   0.31140674E-01  0.39255001E+02  0.74952237E-01 -0.49790826E-01  0.11710059E+02  0.29551680E+01  0.21159182E+00  0.29369339E+00  0.22816501E+01  0.18575075E+02  0.96107936E+00 -0.77520855E-01  0.66531643E-01  0.17908659E+01  0.56149778E-02  0.17215420E-01  0.66285622E-02  0.38386992E+00  0.18581194E+00  0.24936292E+00  0.18869858E-04  0.10805206E+02
   0.33292081E-01  0.41966999E+02  0.76223858E-01 -0.50618470E-01  0.11704368E+02  0.29539645E+01  0.21446504E+00  0.29419458E+00  0.21556175E+01  0.17708805E+02  0.95825791E+00 -0.77423140E-01  0.66271745E-01  0.17947410E+01  0.57187187E-02  0.18618610E-01  0.70369733E-02  0.39817607E+00  0.17707096E+00  0.23558874E+00  0.18823281E-04  0.10772614E+02
   0.35591040E-01  0.44865002E+02  0.77472486E-01 -0.51429879E-01  0.11698918E+02  0.29527907E+01  0.21763311E+00  0.29475859E+00  0.20379057E+01  0.16878901E+02  0.95516026E+00 -0.77314585E-01  0.65995179E-01  0.17990968E+01  0.58312141E-02  0.20120461E-01  0.75013447E-02  0.41258100E+00  0.16898011E+00  0.22272395E+00  0.18766137E-04  0.10738403E+02
   0.38047072E-01  0.47960999E+02  0.78697063E-01 -0.52224368E-01  0.11693719E+02  0.29516468E+01  0.22111392E+00  0.29538161E+00  0.19280672E+01  0.16084272E+02  0.95180440E+00 -0.77194475E-01  0.65701373E-01  0.18036954E+01  0.59527759E-02  0.21734446E-01  0.80303457E-02  0.42695868E+00  0.16149466E+00  0.21071963E+00  0.18708346E-04  0.10702423E+02
   0.40674455E-01  0.51273003E+02  0.79898581E-01 -0.53002574E-01  0.11688762E+02  0.29505305E+01  0.22492953E+00  0.29606038E+00  0.18255045E+01  0.15322661E+02  0.94831371E+00 -0.77067629E-01  0.65393403E-01  0.18085980E+01  0.60842470E-02  0.23461677E-01  0.86268447E-02  0.44114736E+00  0.15456180E+00  0.19951050E+00  0.18649316E-04  0.10664551E+02
   0.43480333E-01  0.54810001E+02  0.81074558E-01 -0.53762864E-01  0.11684055E+02  0.29494431E+01  0.22908811E+00  0.29678893E+00  0.17299463E+01  0.14594171E+02  0.94467473E+00 -0.76934323E-01  0.65071069E-01  0.18138176E+01  0.62261070E-02  0.25284855E-01  0.92856633E-02  0.45494473E+00  0.14815287E+00  0.18906687E+00  0.18581679E-04  0.10624695E+02
   0.46483733E-01  0.58596001E+02  0.82227364E-01 -0.54506760E-01  0.11679585E+02  0.29483812E+01  0.23361176E+00  0.29756346E+00  0.16407459E+01  0.13895998E+02  0.94073468E+00 -0.76789670E-01  0.64728759E-01  0.18194692E+01  0.63790530E-02  0.27225841E-01  0.10020393E-01  0.46828118E+00  0.14221537E+00  0.17931812E+00  0.18506295E-04  0.10582550E+02
   0.49691807E-01  0.62640003E+02  0.83354399E-01 -0.55232573E-01  0.11675364E+02  0.29473460E+01  0.23850173E+00  0.29837644E+00  0.15576762E+01  0.13228519E+02  0.93643272E+00 -0.76628588E-01  0.64363912E-01  0.18255280E+01  0.65431530E-02  0.29309778E-01  0.10847557E-01  0.48105180E+00  0.13672672E+00  0.17023937E+00  0.18424182E-04  0.10538055E+02
   0.53121209E-01  0.66963005E+02  0.84456578E-01 -0.55940896E-01  0.11671380E+02  0.29463351E+01  0.24376926E+00  0.29922169E+00  0.14802557E+01  0.12590043E+02  0.93197918E+00 -0.76459467E-01  0.63982822E-01  0.18324637E+01  0.67191073E-02  0.31506859E-01  0.11755978E-01  0.49302679E+00  0.13164862E+00  0.16177805E+00  0.18336053E-04  0.10491028E+02
   0.56786217E-01  0.71583000E+02  0.85533842E-01 -0.56631673E-01  0.11667629E+02  0.29453478E+01  0.24941656E+00  0.30009168E+00  0.14081101E+01  0.11979613E+02  0.92719483E+00 -0.76277308E-01  0.63580140E-01  0.18390534E+01  0.69076256E-02  0.33808697E-01  0.12745942E-01  0.50407648E+00  0.12695073E+00  0.15389322E+00  0.18240860E-04  0.10441254E+02
   0.60705870E-01  0.76524002E+02  0.86587235E-01 -0.57305567E-01  0.11664105E+02  0.29443822E+01  0.25544891E+00  0.30097923E+00  0.13408136E+01  0.11395712E+02  0.92200065E+00 -0.76077104E-01  0.63151054E-01  0.18458823E+01  0.71093426E-02  0.36238708E-01  0.13833184E-01  0.51419222E+00  0.12260038E+00  0.14653833E+00  0.18138991E-04  0.10388519E+02
   0.64894453E-01  0.81804001E+02  0.87616339E-01 -0.57962291E-01  0.11660804E+02  0.29434373E+01  0.26186046E+00  0.30187526E+00  0.12780613E+01  0.10837760E+02  0.91649139E+00 -0.75861804E-01  0.62697969E-01  0.18537263E+01  0.73247179E-02  0.38810998E-01  0.15029577E-01  0.52330321E+00  0.11857393E+00  0.13968009E+00  0.18027062E-04  0.10332581E+02
   0.69373377E-01  0.87449997E+02  0.88622317E-01 -0.58602594E-01  0.11657715E+02  0.29425111E+01  0.26865113E+00  0.30277145E+00  0.12194698E+01  0.10304337E+02  0.91060525E+00 -0.75629957E-01  0.62219199E-01  0.18620789E+01  0.75544906E-02  0.41480958E-01  0.16317811E-01  0.53119540E+00  0.11484311E+00  0.13327660E+00  0.17907711E-04  0.10273193E+02
   0.74159309E-01  0.93482994E+02  0.89605145E-01 -0.59226435E-01  0.11654833E+02  0.29416027E+01  0.27580795E+00  0.30365771E+00  0.11647569E+01  0.97947769E+01  0.90441102E+00 -0.75386919E-01  0.61718334E-01  0.18713168E+01  0.77991588E-02  0.44276223E-01  0.17716616E-01  0.53791183E+00  0.11138658E+00  0.12729698E+00  0.17780862E-04  0.10210144E+02
   0.79278424E-01  0.99936005E+02  0.90566523E-01 -0.59834875E-01  0.11652144E+02  0.29407094E+01  0.28332955E+00  0.30452520E+00  0.11135639E+01  0.93075781E+01  0.89769799E+00 -0.75121455E-01  0.61185524E-01  0.18807093E+01  0.80598183E-02  0.47234017E-01  0.19250313E-01  0.54353732E+00  0.10817901E+00  0.12170207E+00  0.17648525E-04  0.10143066E+02
   0.84747382E-01  0.10683000E+03  0.91506056E-01 -0.60427655E-01  0.11649650E+02  0.29398308E+01  0.29119706E+00  0.30536231E+00  0.10656644E+01  0.88423519E+01  0.89046395E+00 -0.74832052E-01  0.60619064E-01  0.18901553E+01  0.83369650E-02  0.50329693E-01  0.20912014E-01  0.54801047E+00  0.10520396E+00  0.11646711E+00  0.17508475E-04  0.10071808E+02
   0.90594731E-01  0.11420100E+03  0.92425324E-01 -0.61005734E-01  0.11647334E+02  0.29389648E+01  0.29940525E+00  0.30615902E+00  0.10207499E+01  0.83977852E+01  0.88290942E+00 -0.74527852E-01  0.60026210E-01  0.19004256E+01  0.86317984E-02  0.53607490E-01  0.22728968E-01  0.55141705E+00  0.10244015E+00  0.11155838E+00  0.17358676E-04  0.99959412E+01
   0.96846662E-01  0.12208199E+03  0.93325146E-01 -0.61569620E-01  0.11645190E+02  0.29381101E+01  0.30794024E+00  0.30690390E+00  0.97857261E+00  0.79729958E+01  0.87483931E+00 -0.74201517E-01  0.59400134E-01  0.19118711E+01  0.89454222E-02  0.57007287E-01  0.24676906E-01  0.55358511E+00  0.99870250E-01  0.10694879E+00  0.17203205E-04  0.99151306E+01
   0.10352698E+00  0.13050301E+03  0.94205841E-01 -0.62119473E-01  0.11643211E+02  0.29372647E+01  0.31678063E+00  0.30758467E+00  0.93892473E+00  0.75673876E+01  0.86620921E+00 -0.73848277E-01  0.58736764E-01  0.19245772E+01  0.92785582E-02  0.60597610E-01  0.26796162E-01  0.55461931E+00  0.97479373E-01  0.10261565E+00  0.17042019E-04  0.98291016E+01
   0.11066899E+00  0.13950601E+03  0.95068738E-01 -0.62656090E-01  0.11641390E+02  0.29364269E+01  0.32591453E+00  0.30818924E+00  0.90156734E+00  0.71799169E+01  0.85695541E+00 -0.73465534E-01  0.58033101E-01  0.19373642E+01  0.96326452E-02  0.64354546E-01  0.29079987E-01  0.55445963E+00  0.95250964E-01  0.98532841E-01  0.16872331E-04  0.97373962E+01
   0.11830600E+00  0.14913300E+03  0.95914878E-01 -0.63180074E-01  0.11639719E+02  0.29355946E+01  0.33532256E+00  0.30870479E+00  0.86629564E+00  0.68097425E+01  0.84714413E+00 -0.73058523E-01  0.57291754E-01  0.19508753E+01  0.10009328E-01  0.68163142E-01  0.31476896E-01  0.55292702E+00  0.93170203E-01  0.94677977E-01  0.16695296E-04  0.96395874E+01
   0.12646660E+00  0.15942000E+03  0.96744515E-01 -0.63691542E-01  0.11638192E+02  0.29347672E+01  0.34497616E+00  0.30911744E+00  0.83294910E+00  0.64563866E+01  0.83674651E+00 -0.72622992E-01  0.56508720E-01  0.19668117E+01  0.10409744E-01  0.72208039E-01  0.34085181E-01  0.55038476E+00  0.91224939E-01  0.91033511E-01  0.16512988E-04  0.95353394E+01
   0.13519123E+00  0.17041800E+03  0.97558923E-01 -0.64191192E-01  0.11636804E+02  0.29339409E+01  0.35485876E+00  0.30941311E+00  0.80133855E+00  0.61189661E+01  0.82564497E+00 -0.72156072E-01  0.55680316E-01  0.19835184E+01  0.10835783E-01  0.76419540E-01  0.36875386E-01  0.54661781E+00  0.89401565E-01  0.87578773E-01  0.16326327E-04  0.94241028E+01
   0.14451796E+00  0.18217500E+03  0.98358907E-01 -0.64679466E-01  0.11635549E+02  0.29331155E+01  0.36493787E+00  0.30957675E+00  0.77130949E+00  0.57968345E+01  0.81386793E+00 -0.71659602E-01  0.54808758E-01  0.20004187E+01  0.11289406E-01  0.80597870E-01  0.39752886E-01  0.54122108E+00  0.87687299E-01  0.84296882E-01  0.16134909E-04  0.93054504E+01
   0.15448727E+00  0.19474200E+03  0.99145219E-01 -0.65156743E-01  0.11634422E+02  0.29322882E+01  0.37517980E+00  0.30959281E+00  0.74271977E+00  0.54894056E+01  0.80123031E+00 -0.71119986E-01  0.53883247E-01  0.20186603E+01  0.11772601E-01  0.85128345E-01  0.42915605E-01  0.53482193E+00  0.86070083E-01  0.81172295E-01  0.15937079E-04  0.91787720E+01
   0.16514434E+00  0.20817601E+03  0.99918738E-01 -0.65623477E-01  0.11633425E+02  0.29314575E+01  0.38555193E+00  0.30944476E+00  0.71543217E+00  0.51960592E+01  0.78759623E+00 -0.70534877E-01  0.52899364E-01  0.20375998E+01  0.12287911E-01  0.89784719E-01  0.46255708E-01  0.52699566E+00  0.84538147E-01  0.78190014E-01  0.15734677E-04  0.90436096E+01
   0.17653680E+00  0.22253700E+03  0.10068039E+00 -0.66080093E-01  0.11632554E+02  0.29306202E+01  0.39600837E+00  0.30911517E+00  0.68932164E+00  0.49162145E+01  0.77314287E+00 -0.69917053E-01  0.51864482E-01  0.20587764E+01  0.12838012E-01  0.94487555E-01  0.49737342E-01  0.51758963E+00  0.83078958E-01  0.75336382E-01  0.15527767E-04  0.88992615E+01
   0.18871462E+00  0.23788800E+03  0.10143099E+00 -0.66526957E-01  0.11631807E+02  0.29297740E+01  0.40650105E+00  0.30858603E+00  0.66427517E+00  0.46493649E+01  0.75774664E+00 -0.69256499E-01  0.50771631E-01  0.20816092E+01  0.13425771E-01  0.99530339E-01  0.53510539E-01  0.50699621E+00  0.81680760E-01  0.72599038E-01  0.15317406E-04  0.87451477E+01
   0.20173255E+00  0.25429800E+03  0.10217144E+00 -0.66964462E-01  0.11631186E+02  0.29289160E+01  0.41697830E+00  0.30783802E+00  0.64018553E+00  0.43950181E+01  0.74137694E+00 -0.68546727E-01  0.49616817E-01  0.21065030E+01  0.14054670E-01  0.10458059E+00  0.57412136E-01  0.49474588E+00  0.80331594E-01  0.69966264E-01  0.15104885E-04  0.85805664E+01
   0.21564768E+00  0.27183899E+03  0.10290250E+00 -0.67392908E-01  0.11630690E+02  0.29280427E+01  0.42737663E+00  0.30685106E+00  0.61695617E+00  0.41527581E+01  0.72412151E+00 -0.67794256E-01  0.48401788E-01  0.21336145E+01  0.14728541E-01  0.10956939E+00  0.61409988E-01  0.48080477E+00  0.79019018E-01  0.67427516E-01  0.14889638E-04  0.84048157E+01
   0.23052429E+00  0.29059201E+03  0.10362521E+00 -0.67812689E-01  0.11630319E+02  0.29271502E+01  0.43762752E+00  0.30560365E+00  0.59449309E+00  0.39221485E+01  0.70557821E+00 -0.66981904E-01  0.47110818E-01  0.21613929E+01  0.15452027E-01  0.11464455E+00  0.65579481E-01  0.46522391E+00  0.77730075E-01  0.64972512E-01  0.14670626E-04  0.82170715E+01
   0.24643613E+00  0.31064999E+03  0.10434080E+00 -0.68224266E-01  0.11630081E+02  0.29262354E+01  0.44765380E+00  0.30407235E+00  0.57270336E+00  0.37027128E+01  0.68546939E+00 -0.66095859E-01  0.45734428E-01  0.21900740E+01  0.16230371E-01  0.11999340E+00  0.70013545E-01  0.44811007E+00  0.76450743E-01  0.62591098E-01  0.14450832E-04  0.80164185E+01
   0.26342845E+00  0.33207001E+03  0.10504927E+00 -0.68627395E-01  0.11629986E+02  0.29252932E+01  0.45734763E+00  0.30223614E+00  0.55154335E+00  0.34944611E+01  0.66416579E+00 -0.65153524E-01  0.44286754E-01  0.22214341E+01  0.17068123E-01  0.12521514E+00  0.74505344E-01  0.42913988E+00  0.75169079E-01  0.60278509E-01  0.14231661E-04  0.78022766E+01
   0.28158692E+00  0.35496002E+03  0.10575213E+00 -0.69022611E-01  0.11630034E+02  0.29243186E+01  0.46661532E+00  0.30006939E+00  0.53092593E+00  0.32969737E+01  0.64185816E+00 -0.64159982E-01  0.42765681E-01  0.22557297E+01  0.17972475E-01  0.13045491E+00  0.79124838E-01  0.40859196E+00  0.73869802E-01  0.58025215E-01  0.14012189E-04  0.75736084E+01
   0.30100667E+00  0.37944000E+03  0.10645100E+00 -0.69410428E-01  0.11630235E+02  0.29233041E+01  0.47535005E+00  0.29754364E+00  0.51076967E+00  0.31099145E+01  0.61810404E+00 -0.63096248E-01  0.41156664E-01  0.22928658E+01  0.18951856E-01  0.13571477E+00  0.83868586E-01  0.38632661E+00  0.72536856E-01  0.55822324E-01  0.13791449E-04  0.73291931E+01
   0.32178301E+00  0.40563004E+03  0.10714743E+00 -0.69791250E-01  0.11630601E+02  0.29222407E+01  0.48341492E+00  0.29462889E+00  0.49100843E+00  0.29330878E+01  0.59244889E+00 -0.61942812E-01  0.39447431E-01  0.23307168E+01  0.20016016E-01  0.14066862E+00  0.88563196E-01  0.36187789E+00  0.71152754E-01  0.53662609E-01  0.13571043E-04  0.70678406E+01
   0.34398723E+00  0.43362000E+03  0.10784224E+00 -0.70164964E-01  0.11631153E+02  0.29211206E+01  0.49063647E+00  0.29129803E+00  0.47160906E+00  0.27666159E+01  0.56493086E+00 -0.60700223E-01  0.37635390E-01  0.23707926E+01  0.21174651E-01  0.14542551E+00  0.93244895E-01  0.33547652E+00  0.69700271E-01  0.51542439E-01  0.13354059E-04  0.67886658E+01
   0.36769077E+00  0.46349997E+03  0.10853639E+00 -0.70531413E-01  0.11631908E+02  0.29199321E+01  0.49682778E+00  0.28752390E+00  0.45254159E+00  0.26106977E+01  0.53590518E+00 -0.59386034E-01  0.35730124E-01  0.24162698E+01  0.22439171E-01  0.14996746E+00  0.97882614E-01  0.30732840E+00  0.68161793E-01  0.49458545E-01  0.13140378E-04  0.64908447E+01
   0.39306027E+00  0.49548001E+03  0.10923365E+00 -0.70891730E-01  0.11632890E+02  0.29186561E+01  0.50180298E+00  0.28326228E+00  0.43371305E+00  0.24651220E+01  0.50510836E+00 -0.57988044E-01  0.33722077E-01  0.24655786E+01  0.23828337E-01  0.15412498E+00  0.10237446E+00  0.27732128E+00  0.66512927E-01  0.47400761E-01  0.12930339E-04  0.61722412E+01
   0.42016706E+00  0.52965002E+03  0.10993533E+00 -0.71245573E-01  0.11634128E+02  0.29172754E+01  0.50531310E+00  0.27848279E+00  0.41511628E+00  0.23304853E+01  0.47193882E+00 -0.56479324E-01  0.31593528E-01  0.25162504E+01  0.25359182E-01  0.15773644E+00  0.10660328E+00  0.24541266E+00  0.64733647E-01  0.45368310E-01  0.12724050E-04  0.58320007E+01
   0.44915396E+00  0.56619000E+03  0.11064512E+00 -0.71593449E-01  0.11635671E+02  0.29157629E+01  0.50707901E+00  0.27314132E+00  0.39670303E+00  0.22072415E+01  0.43650678E+00 -0.54863933E-01  0.29342607E-01  0.25703447E+01  0.27056471E-01  0.16079718E+00  0.11052603E+00  0.21181075E+00  0.62797382E-01  0.43355916E-01  0.12524135E-04  0.54684143E+01
   0.48013991E+00  0.60525000E+03  0.11136652E+00 -0.71935311E-01  0.11637565E+02  0.29140832E+01  0.50678021E+00  0.26719576E+00  0.37845522E+00  0.20963809E+01  0.39911234E+00 -0.53153522E-01  0.26974661E-01  0.26307585E+01  0.28949156E-01  0.16301830E+00  0.11394939E+00  0.17659250E+00  0.60678247E-01  0.41361600E-01  0.12331629E-04  0.50799866E+01
   0.51324403E+00  0.64698004E+03  0.11210395E+00 -0.72270997E-01  0.11639877E+02  0.29121885E+01  0.50403899E+00  0.26059961E+00  0.36036345E+00  0.19993603E+01  0.35882512E+00 -0.51305778E-01  0.24464224E-01  0.26930838E+01  0.31074699E-01  0.16411313E+00  0.11666993E+00  0.13981944E+00  0.58347721E-01  0.39384339E-01  0.12146299E-04  0.46653442E+01
   0.54865658E+00  0.69162000E+03  0.11286507E+00 -0.72600856E-01  0.11642718E+02  0.29100077E+01  0.49839339E+00  0.25328720E+00  0.34239563E+00  0.19181763E+01  0.31567398E+00 -0.49328391E-01  0.21812255E-01  0.27595773E+01  0.33486046E-01  0.16405298E+00  0.11859957E+00  0.10188277E+00  0.55769127E-01  0.37420627E-01  0.11969821E-04  0.42221375E+01
   0.58649653E+00  0.73932001E+03  0.11365804E+00 -0.72924070E-01  0.11646210E+02  0.29074383E+01  0.48930538E+00  0.24519853E+00  0.32457671E+00  0.18561741E+01  0.27003634E+00 -0.47245003E-01  0.19022355E-01  0.28342121E+01  0.36248229E-01  0.16247143E+00  0.11946202E+00  0.63166216E-01  0.52908201E-01  0.35473187E-01  0.11801772E-04  0.37490845E+01
   0.62695450E+00  0.79032007E+03  0.11449619E+00 -0.73239632E-01  0.11650547E+02  0.29043186E+01  0.47610521E+00  0.23624505E+00  0.30691838E+00  0.18183962E+01  0.22096568E+00 -0.45023043E-01  0.16070051E-01  0.29136448E+01  0.39457228E-01  0.15900958E+00  0.11896945E+00  0.24143588E-01  0.49721025E-01  0.33543296E-01  0.11640811E-04  0.32439270E+01
   0.67019683E+00  0.84483002E+03  0.11539890E+00 -0.73545076E-01  0.11656030E+02  0.29003844E+01  0.45795909E+00  0.22632009E+00  0.28947902E+00  0.18130829E+01  0.16822957E+00 -0.42690236E-01  0.12950004E-01  0.30005009E+01  0.43248493E-01  0.15333538E+00  0.11682017E+00 -0.14365934E-01  0.46159059E-01  0.31637337E-01  0.11483300E-04  0.27049866E+01
   0.71641403E+00  0.90309003E+03  0.11639769E+00 -0.73834911E-01  0.11663124E+02  0.28951662E+01  0.43379217E+00  0.21527243E+00  0.27236179E+00  0.18541602E+01  0.11147211E+00 -0.40324707E-01  0.96335746E-02  0.30996656E+01  0.47829106E-01  0.14493163E+00  0.11258937E+00 -0.51162764E-01  0.42163443E-01  0.29766584E-01  0.11319573E-04  0.21303711E+01
   0.76582026E+00  0.96537006E+03  0.11754882E+00 -0.74095890E-01  0.11672643E+02  0.28877413E+01  0.40217268E+00  0.20287165E+00  0.25576192E+00  0.19667780E+01  0.49186621E-01 -0.38034584E-01  0.60258489E-02  0.32143462E+01  0.53535201E-01  0.13309030E+00  0.10571557E+00 -0.84166825E-01  0.37660904E-01  0.27952375E-01  0.11126344E-04  0.15183716E+01
   0.81865346E+00  0.10319700E+04  0.11896249E+00 -0.74290797E-01  0.11686131E+02  0.28760343E+01  0.36117500E+00  0.18873720E+00  0.24008007E+00  0.21998186E+01 -0.20745680E-01 -0.35772346E-01  0.19685545E-02  0.33500421E+01  0.60954116E-01  0.11668123E+00  0.95356531E-01 -0.10922661E+00  0.32561172E-01  0.26238497E-01  0.10847090E-04  0.86785889E+00
   0.87510407E+00  0.11031300E+04  0.12086296E+00 -0.74305102E-01  0.11706845E+02  0.28544526E+01  0.30850893E+00  0.17220220E+00  0.22620544E+00  0.26541083E+01 -0.10007156E+00 -0.32361005E-01 -0.23458546E-02  0.34523358E+01  0.71205050E-01  0.94517119E-01  0.80502823E-01 -0.11680254E+00  0.26778724E-01  0.24722129E-01  0.10339544E-04  0.18066406E+00
   0.93548155E+00  0.11792400E+04  0.12368914E+00 -0.73803738E-01  0.11742785E+02  0.28044851E+01  0.24253444E+00  0.15193385E+00  0.21612406E+00  0.35299323E+01 -0.17237382E+00 -0.26084987E-01 -0.56311418E-02  0.32794185E+01  0.86585604E-01  0.68085819E-01  0.61323188E-01 -0.90439096E-01  0.20299491E-01  0.23620330E-01  0.92673008E-05 -0.53588867E+00
   0.10000000E+01  0.12605701E+04  0.12820715E+00 -0.71922228E-01  0.11815168E+02  0.26629615E+01  0.16545895E+00  0.12520359E+00  0.21381636E+00  0.50126266E+01 -0.17959657E+00 -0.19188000E-01 -0.71643707E-02  0.30939982E+01  0.11093703E+00  0.40765744E-01  0.39463565E-01 -0.34915052E-01  0.13353437E-01  0.23368120E-01  0.67361902E-05 -0.12524414E+01
   0.10689688E+01  0.13475100E+04  0.13605937E+00 -0.66431805E-01  0.11982973E+02  0.22935212E+01  0.83724715E-01  0.84685579E-01  0.21772923E+00  0.63398991E+01 -0.12779535E+00 -0.12275084E-01 -0.69564302E-02  0.29429488E+01  0.14464152E+00  0.14654954E-01  0.15795853E-01  0.16892566E-02  0.72649354E-02  0.23795759E-01  0.57019662E-06 -0.18902893E+01
   0.11426973E+01  0.14404501E+04  0.15339398E+00 -0.49566343E-01  0.12454580E+02  0.13704178E+01  0.14330016E-01  0.19495081E-01  0.98616980E-01  0.40459890E+01 -0.43479118E-01 -0.19588347E-02 -0.17824448E-02  0.35725576E+00  0.39759789E-01  0.72788238E-03  0.89344446E-03  0.58436050E-03  0.15426551E-02  0.10777909E-01  0.40314558E-05 -0.21883545E+01
   0.12214950E+01  0.15397800E+04  0.19157989E+00  0.86938747E-03  0.14612966E+02  0.65240932E+00  0.25753112E-03  0.35072476E-03  0.16680136E-02  0.94639614E-01 -0.71077439E-03 -0.20110296E-04 -0.22119875E-04  0.28649117E-02  0.73439125E-02  0.21257324E-05  0.32090916E-05  0.56517292E-05  0.23071734E-04  0.18229822E-03  0.11461213E-04 -0.89926147E+00
   0.13057426E+01  0.16459800E+04  0.19251102E+00  0.25798057E-02  0.15696295E+02  0.47435811E+00  0.67767425E-03  0.99301047E-03  0.21035552E-03  0.16463676E+00 -0.37589863E-04 -0.75487954E-07 -0.18146142E-06  0.30519371E-03  0.41893783E+00 -0.42963912E-07 -0.63707989E-05 -0.95408348E-06  0.51773048E-04  0.22989881E-04  0.86943655E-05 -0.84701538E+00
   0.13957971E+01  0.17595000E+04  0.19208795E+00  0.21368382E-02  0.16691540E+02  0.36174896E+00  0.11039539E-02  0.14167300E-02  0.16120491E-03  0.24261457E+00 -0.18297358E-04  0.97415850E-07  0.11755539E-06  0.17557401E-03  0.64693344E+00 -0.34071480E-07 -0.12261527E-04 -0.14963441E-05  0.74613250E-04  0.17618182E-04  0.48003430E-05 -0.96737671E+00
   0.14920869E+01  0.18808799E+04  0.19166267E+00  0.15605080E-02  0.17713802E+02  0.30092886E+00  0.14059107E-02  0.16923047E-02  0.15022472E-03  0.30051982E+00 -0.12626937E-04  0.84934577E-07  0.11489028E-06  0.80929480E-04  0.80588484E+00 -0.25102549E-07 -0.13199608E-04 -0.14780572E-05  0.90677378E-04  0.16418151E-04  0.33023118E-05 -0.11483459E+01
   0.15949926E+01  0.20106000E+04  0.19131388E+00  0.11027753E-02  0.18791008E+02  0.28049821E+00  0.16684781E-02  0.19035181E-02  0.14145990E-03  0.35290819E+00 -0.11480294E-04  0.62494301E-07  0.81556067E-07  0.21087564E-04  0.93473649E+00 -0.21005203E-07 -0.13765409E-04 -0.15286688E-05  0.10398895E-03  0.15460239E-04  0.25538031E-05 -0.13648987E+01
   0.17049905E+01  0.21492600E+04  0.19104876E+00  0.76659449E-03  0.19934797E+02  0.27864605E+00  0.19124097E-02  0.20693229E-02  0.13454346E-03  0.40231270E+00 -0.85252213E-05  0.43948873E-07  0.55606321E-07  0.17993834E-05  0.10402508E+01 -0.18045554E-07 -0.13415565E-04 -0.15329757E-05  0.11534584E-03  0.14704336E-04  0.21321275E-05 -0.16075745E+01
   0.18225802E+01  0.22974900E+04  0.19085184E+00  0.52168436E-03  0.21152533E+02  0.27848843E+00  0.21353168E-02  0.21983811E-02  0.12950492E-03  0.44749564E+00 -0.70511232E-05  0.30887431E-07  0.37383273E-07  0.13269056E-06  0.11247662E+01 -0.14873295E-07 -0.12041555E-04 -0.14095540E-05  0.12489094E-03  0.14153671E-04  0.18152076E-05 -0.18723145E+01
   0.19482853E+01  0.24559500E+04  0.19070168E+00  0.34907431E-03  0.22449751E+02  0.27849087E+00  0.23230822E-02  0.22949916E-02  0.12599278E-03  0.48499903E+00 -0.12893526E-04  0.19837465E-07  0.23004015E-07  0.28674780E-07  0.11895015E+01 -0.11142691E-07 -0.96356425E-05 -0.11334204E-05  0.13240738E-03  0.13769827E-04  0.14916527E-05 -0.21599426E+01
   0.20826530E+01  0.26253298E+04  0.19061118E+00  0.24312397E-03  0.23830683E+02  0.27844554E+00  0.24628057E-02  0.23610229E-02  0.12374893E-03  0.51230067E+00 -0.54961047E-05  0.94884198E-08  0.12008416E-07  0.17362724E-06  0.12344613E+01 -0.69532464E-08 -0.63191387E-05 -0.73744570E-06  0.13769393E-03  0.13524595E-04  0.94608134E-06 -0.24730225E+01
   0.22263024E+01  0.28064099E+04  0.19058387E+00  0.19904386E-03  0.25302368E+02  0.27823681E+00  0.25391530E-02  0.23958238E-02  0.12266125E-03  0.52696115E+00 -0.80900463E-05  0.21027697E-08  0.33985363E-08 -0.14891017E-07  0.12583705E+01 -0.24074034E-08 -0.22625277E-05 -0.26040198E-06  0.14046872E-03  0.13405722E-04  0.28592885E-06 -0.28123474E+01
   0.23798518E+01  0.29999700E+04  0.19058385E+00  0.19904386E-03  0.26873249E+02  0.27849951E+00  0.25391532E-02  0.23958241E-02  0.12266125E-03  0.52696109E+00  0.24959543E-02  0.14491807E-10  0.00000000E+00 -0.58798960E-05  0.12583705E+01 -0.24096463E-08 -0.22625288E-05 -0.26059271E-06  0.14033531E-03  0.13405723E-04  0.28592885E-06 -0.31773987E+01
