   0.37273613E-03  0.46985999E+00  0.12423779E-01 -0.86511346E-02  0.12298447E+02  0.29445891E+01  0.22473291E+00  0.35582432E+00  0.30997118E+02  0.13017006E+03  0.10002018E+01 -0.10542980E+00  0.10228943E+00  0.11141857E+01  0.13208516E-02 -0.88214568E-06 -0.55924863E-06 -0.42561629E-06  0.10660263E+02  0.21916161E+01  0.40062598E-04  0.11782227E+02
   0.40091385E-03  0.50537997E+00  0.12705065E-01 -0.88470047E-02  0.12297301E+02  0.29443750E+01  0.22473291E+00  0.35614407E+00  0.30753000E+02  0.12908107E+03  0.10029145E+01 -0.10589879E+00  0.10274123E+00  0.11191109E+01  0.13326799E-02  0.19987694E-02 -0.81506893E-02  0.18407109E+00  0.99229269E+01  0.21743560E+01  0.39547154E-04  0.11780762E+02
   0.43101929E-03  0.54332995E+00  0.13002857E-01 -0.90543609E-02  0.12296089E+02  0.29441483E+01  0.22473438E+00  0.35647854E+00  0.30496368E+02  0.12793139E+03  0.10025870E+01 -0.10589201E+00  0.10272741E+00  0.11188415E+01  0.13463058E-02  0.19054097E-02 -0.80839824E-02  0.18464765E+00  0.92414932E+01  0.21562111E+01  0.38996448E-04  0.11779205E+02
   0.46319523E-03  0.58389002E+00  0.13318080E-01 -0.92738476E-02  0.12294806E+02  0.29439085E+01  0.22473739E+00  0.35682815E+00  0.30226742E+02  0.12672642E+03  0.10024185E+01 -0.10589022E+00  0.10271794E+00  0.11190249E+01  0.13602764E-02  0.18079897E-02 -0.80125555E-02  0.18460310E+00  0.86109324E+01  0.21371474E+01  0.37618087E-04  0.11777557E+02
   0.49760821E-03  0.62726998E+00  0.13651803E-01 -0.95062051E-02  0.12293448E+02  0.29436548E+01  0.22474219E+00  0.35719329E+00  0.29943554E+02  0.12546408E+03  0.10019062E+01 -0.10588859E+00  0.10270829E+00  0.11201645E+01  0.13747833E-02  0.17098017E-02 -0.79354765E-02  0.18454586E+00  0.80265799E+01  0.21171250E+01  0.36349342E-04  0.11775818E+02
   0.53440110E-03  0.67365003E+00  0.14004783E-01 -0.97519597E-02  0.12292014E+02  0.29433858E+01  0.22474900E+00  0.35757393E+00  0.29646549E+02  0.12414371E+03  0.10013654E+01 -0.10588737E+00  0.10269843E+00  0.11206880E+01  0.13901491E-02  0.16072630E-02 -0.78547560E-02  0.18448216E+00  0.74848571E+01  0.20961256E+01  0.35822482E-04  0.11773956E+02
   0.57371665E-03  0.72320998E+00  0.14377682E-01 -0.10011572E-01  0.12290499E+02  0.29431024E+01  0.22475813E+00  0.35796994E+00  0.29335566E+02  0.12276514E+03  0.10012612E+01 -0.10588647E+00  0.10268828E+00  0.11203705E+01  0.14063007E-02  0.15006516E-02 -0.77699912E-02  0.18443295E+00  0.69825754E+01  0.20741379E+01  0.34921850E-04  0.11772003E+02
   0.61574526E-03  0.77618998E+00  0.14771531E-01 -0.10285756E-01  0.12288898E+02  0.29428027E+01  0.22476994E+00  0.35838148E+00  0.29010204E+02  0.12132713E+03  0.10012727E+01 -0.10588621E+00  0.10267802E+00  0.11205794E+01  0.14231725E-02  0.13877297E-02 -0.76822466E-02  0.18437561E+00  0.65163498E+01  0.20511336E+01  0.34199722E-04  0.11769928E+02
   0.66067732E-03  0.83283001E+00  0.15187250E-01 -0.10575150E-01  0.12287209E+02  0.29424868E+01  0.22478473E+00  0.35880843E+00  0.28670185E+02  0.11982907E+03  0.10014110E+01 -0.10588688E+00  0.10266826E+00  0.11201484E+01  0.14406834E-02  0.12699660E-02 -0.75907158E-02  0.18430914E+00  0.60832987E+01  0.20270929E+01  0.34042510E-04  0.11767731E+02
   0.70870318E-03  0.89336997E+00  0.15625646E-01 -0.10880314E-01  0.12285426E+02  0.29421537E+01  0.22480290E+00  0.35925046E+00  0.28315376E+02  0.11827102E+03  0.10014740E+01 -0.10588678E+00  0.10265709E+00  0.11203816E+01  0.14589062E-02  0.11495973E-02 -0.74939011E-02  0.18425345E+00  0.56809149E+01  0.20020065E+01  0.33286982E-04  0.11765411E+02
   0.76003710E-03  0.95807999E+00  0.16087614E-01 -0.11201867E-01  0.12283547E+02  0.29418027E+01  0.22482485E+00  0.35970730E+00  0.27945627E+02  0.11665293E+03  0.10018299E+01 -0.10588656E+00  0.10264497E+00  0.11207296E+01  0.14776613E-02  0.10249714E-02 -0.73928456E-02  0.18420129E+00  0.53068075E+01  0.19758638E+01  0.32551288E-04  0.11762939E+02
   0.81491709E-03  0.10272601E+01  0.16574124E-01 -0.11540482E-01  0.12281567E+02  0.29414337E+01  0.22485110E+00  0.36017853E+00  0.27560772E+02  0.11497481E+03  0.10023719E+01 -0.10588643E+00  0.10263225E+00  0.11205153E+01  0.14970648E-02  0.89762121E-03 -0.72871116E-02  0.18415359E+00  0.49587483E+01  0.19486531E+01  0.32106615E-04  0.11760345E+02
   0.87358098E-03  0.11012100E+01  0.17085999E-01 -0.11896729E-01  0.12279481E+02  0.29410455E+01  0.22488211E+00  0.36066356E+00  0.27160820E+02  0.11323745E+03  0.10025362E+01 -0.10588496E+00  0.10261735E+00  0.11199037E+01  0.15173182E-02  0.76587411E-03 -0.71766353E-02  0.18410787E+00  0.46348057E+01  0.19203750E+01  0.31624502E-04  0.11757568E+02
   0.93629071E-03  0.11802599E+01  0.17624116E-01 -0.12271211E-01  0.12277288E+02  0.29406381E+01  0.22491843E+00  0.36116171E+00  0.26745808E+02  0.11144171E+03  0.10024410E+01 -0.10588332E+00  0.10260146E+00  0.11191828E+01  0.15382770E-02  0.63110131E-03 -0.70611369E-02  0.18406288E+00  0.43331633E+01  0.18910320E+01  0.31271047E-04  0.11754669E+02
   0.10033319E-02  0.12647700E+01  0.18189380E-01 -0.12664558E-01  0.12274985E+02  0.29402106E+01  0.22496058E+00  0.36167213E+00  0.26315792E+02  0.10958864E+03  0.10023658E+01 -0.10588253E+00  0.10258543E+00  0.11191419E+01  0.15598868E-02  0.49339636E-03 -0.69408254E-02  0.18401818E+00  0.40521369E+01  0.18606282E+01  0.30712799E-04  0.11751617E+02
   0.10749899E-02  0.13551000E+01  0.18782509E-01 -0.13077262E-01  0.12272569E+02  0.29397621E+01  0.22500923E+00  0.36219385E+00  0.25871040E+02  0.10768017E+03  0.10023032E+01 -0.10588212E+00  0.10256861E+00  0.11194938E+01  0.15821282E-02  0.35154863E-03 -0.68163970E-02  0.18397745E+00  0.37902594E+01  0.18291825E+01  0.30192454E-04  0.11748352E+02
   0.11515981E-02  0.14516701E+01  0.19404415E-01 -0.13509952E-01  0.12270035E+02  0.29392922E+01  0.22506498E+00  0.36272582E+00  0.25411724E+02  0.10571787E+03  0.10023596E+01 -0.10588127E+00  0.10255063E+00  0.11195310E+01  0.16049362E-02  0.20680032E-03 -0.66873650E-02  0.18394846E+00  0.35460794E+01  0.17967072E+01  0.29794943E-04  0.11744965E+02
   0.12334657E-02  0.15548699E+01  0.20055588E-01 -0.13962964E-01  0.12267381E+02  0.29388008E+01  0.22512847E+00  0.36326653E+00  0.24938374E+02  0.10370484E+03  0.10023688E+01 -0.10587977E+00  0.10253094E+00  0.11199353E+01  0.16283990E-02  0.59973088E-04 -0.65536038E-02  0.18392986E+00  0.33184023E+01  0.17632394E+01  0.29461986E-04  0.11741364E+02
   0.13209976E-02  0.16652100E+01  0.20737061E-01 -0.14437011E-01  0.12264604E+02  0.29382863E+01  0.22520046E+00  0.36381495E+00  0.24451189E+02  0.10164274E+03  0.10021679E+01 -0.10587787E+00  0.10250948E+00  0.11204395E+01  0.16524267E-02 -0.88595247E-04 -0.64147324E-02  0.18391734E+00  0.31059284E+01  0.17287935E+01  0.29042885E-04  0.11737579E+02
   0.14145743E-02  0.17831699E+01  0.21449421E-01 -0.14932491E-01  0.12261702E+02  0.29377491E+01  0.22528169E+00  0.36436948E+00  0.23950748E+02  0.99534836E+02  0.10019214E+01 -0.10587526E+00  0.10248625E+00  0.11204332E+01  0.16769584E-02 -0.23985923E-03 -0.62716920E-02  0.18391714E+00  0.29076025E+01  0.16934105E+01  0.28472279E-04  0.11733582E+02
   0.15146005E-02  0.19092599E+01  0.22193167E-01 -0.15449749E-01  0.12258673E+02  0.29371891E+01  0.22537288E+00  0.36492833E+00  0.23437727E+02  0.97384781E+02  0.10018290E+01 -0.10587281E+00  0.10246194E+00  0.11206852E+01  0.17019421E-02 -0.39292057E-03 -0.61244173E-02  0.18393055E+00  0.27224452E+01  0.16571379E+01  0.28211713E-04  0.11729401E+02
   0.16215283E-02  0.20440500E+01  0.22968892E-01 -0.15989184E-01  0.12255513E+02  0.29366052E+01  0.22547486E+00  0.36548975E+00  0.22912779E+02  0.95196129E+02  0.10016192E+01 -0.10586991E+00  0.10243563E+00  0.11211413E+01  0.17272357E-02 -0.54664159E-03 -0.59723542E-02  0.18395919E+00  0.25495145E+01  0.16200221E+01  0.27793003E-04  0.11725006E+02
   0.17358100E-02  0.21881099E+01  0.23776893E-01 -0.16550995E-01  0.12252225E+02  0.29359975E+01  0.22558838E+00  0.36605173E+00  0.22376812E+02  0.92973366E+02  0.10012244E+01 -0.10586619E+00  0.10240727E+00  0.11214805E+01  0.17530769E-02 -0.70086186E-03 -0.58160545E-02  0.18400784E+00  0.23879869E+01  0.15821271E+01  0.27429896E-04  0.11720367E+02
   0.18579928E-02  0.23421299E+01  0.24617836E-01 -0.17135637E-01  0.12248804E+02  0.29353654E+01  0.22571437E+00  0.36661243E+00  0.21830509E+02  0.90720024E+02  0.10011889E+01 -0.10586391E+00  0.10237882E+00  0.11218954E+01  0.17792900E-02 -0.85539225E-03 -0.56561064E-02  0.18407534E+00  0.22370152E+01  0.15435014E+01  0.27118396E-04  0.11715546E+02
   0.19886005E-02  0.25067701E+01  0.25491880E-01 -0.17743209E-01  0.12245248E+02  0.29347093E+01  0.22585364E+00  0.36716962E+00  0.21274916E+02  0.88441048E+02  0.10011047E+01 -0.10586078E+00  0.10234799E+00  0.11224611E+01  0.18057199E-02 -0.10093312E-02 -0.54922765E-02  0.18417108E+00  0.20958974E+01  0.15042187E+01  0.26788812E-04  0.11710449E+02
   0.21282039E-02  0.26827500E+01  0.26399180E-01 -0.18373806E-01  0.12241559E+02  0.29340289E+01  0.22600704E+00  0.36772102E+00  0.20711096E+02  0.86141365E+02  0.10008074E+01 -0.10585591E+00  0.10231360E+00  0.11231236E+01  0.18324627E-02 -0.11621675E-02 -0.53247255E-02  0.18429762E+00  0.19639645E+01  0.14643545E+01  0.26461979E-04  0.11705139E+02
   0.22774460E-02  0.28708801E+01  0.27339993E-01 -0.19027593E-01  0.12237736E+02  0.29333239E+01  0.22617546E+00  0.36826441E+00  0.20140059E+02  0.83825600E+02  0.10007112E+01 -0.10585142E+00  0.10227778E+00  0.11234601E+01  0.18594158E-02 -0.13132789E-02 -0.51536532E-02  0.18445785E+00  0.18405689E+01  0.14239800E+01  0.26002128E-04  0.11699554E+02
   0.24369927E-02  0.30720000E+01  0.28314352E-01 -0.19704582E-01  0.12233777E+02  0.29325948E+01  0.22635980E+00  0.36879751E+00  0.19562960E+02  0.81498825E+02  0.10005592E+01 -0.10584588E+00  0.10223926E+00  0.11237408E+01  0.18865638E-02 -0.14613960E-02 -0.49786847E-02  0.18466119E+00  0.17251328E+01  0.13831769E+01  0.25795629E-04  0.11693726E+02
   0.26076296E-02  0.32870998E+01  0.29322611E-01 -0.20405004E-01  0.12229684E+02  0.29318414E+01  0.22656107E+00  0.36931816E+00  0.18980772E+02  0.79165253E+02  0.10002346E+01 -0.10583870E+00  0.10219716E+00  0.11240742E+01  0.19139119E-02 -0.16064229E-02 -0.48001437E-02  0.18490645E+00  0.16170763E+01  0.13420140E+01  0.25576517E-04  0.11687622E+02
   0.27899283E-02  0.35168998E+01  0.30363487E-01 -0.21127952E-01  0.12225462E+02  0.29310648E+01  0.22677989E+00  0.36982349E+00  0.18395384E+02  0.76832642E+02  0.10000303E+01 -0.10583156E+00  0.10215298E+00  0.11242191E+01  0.19412665E-02 -0.17473270E-02 -0.46185805E-02  0.18520080E+00  0.15160166E+01  0.13006247E+01  0.25221603E-04  0.11681244E+02
   0.29846022E-02  0.37623000E+01  0.31436235E-01 -0.21872891E-01  0.12221113E+02  0.29302661E+01  0.22701703E+00  0.37031099E+00  0.17808304E+02  0.74507050E+02  0.99991518E+00 -0.10582434E+00  0.10210658E+00  0.11242995E+01  0.19685943E-02 -0.18832763E-02 -0.44344035E-02  0.18554690E+00  0.14215140E+01  0.12591159E+01  0.24906853E-04  0.11674591E+02
   0.31930793E-02  0.40250998E+01  0.32543503E-01 -0.22641644E-01  0.12216628E+02  0.29294434E+01  0.22727406E+00  0.37077969E+00  0.17219206E+02  0.72187111E+02  0.99983716E+00 -0.10581660E+00  0.10205751E+00  0.11245937E+01  0.19959500E-02 -0.20142936E-02 -0.42473786E-02  0.18595220E+00  0.13328831E+01  0.12174644E+01  0.24607103E-04  0.11667603E+02
   0.34155976E-02  0.43056002E+01  0.33681124E-01 -0.23431301E-01  0.12212023E+02  0.29285994E+01  0.22755094E+00  0.37122586E+00  0.16631363E+02  0.69885544E+02  0.99977249E+00 -0.10580869E+00  0.10200585E+00  0.11255006E+01  0.20232380E-02 -0.21391071E-02 -0.40585860E-02  0.18642424E+00  0.12500237E+01  0.11759017E+01  0.24361989E-04  0.11660370E+02
   0.36538234E-02  0.46059003E+01  0.34851953E-01 -0.24243820E-01  0.12207288E+02  0.29277318E+01  0.22784942E+00  0.37164867E+00  0.16044327E+02  0.67600250E+02  0.99944645E+00 -0.10579924E+00  0.10195009E+00  0.11262742E+01  0.20505502E-02 -0.22576104E-02 -0.38675601E-02  0.18696639E+00  0.11723145E+01  0.11343960E+01  0.24176970E-04  0.11652771E+02
   0.39082319E-02  0.49266000E+01  0.36052391E-01 -0.25076682E-01  0.12202441E+02  0.29268441E+01  0.22816962E+00  0.37204498E+00  0.15460868E+02  0.65341591E+02  0.99907261E+00 -0.10578851E+00  0.10189049E+00  0.11266111E+01  0.20777467E-02 -0.23685112E-02 -0.36749924E-02  0.18759389E+00  0.10996101E+01  0.10931431E+01  0.23909519E-04  0.11644897E+02
   0.41802516E-02  0.52694998E+01  0.37283055E-01 -0.25930297E-01  0.12197479E+02  0.29259365E+01  0.22851279E+00  0.37241349E+00  0.14881553E+02  0.63111198E+02  0.99872357E+00 -0.10577615E+00  0.10182659E+00  0.11271459E+01  0.21048919E-02 -0.24708265E-02 -0.34807147E-02  0.18831654E+00  0.10314955E+01  0.10521833E+01  0.23701148E-04  0.11636658E+02
   0.44708345E-02  0.56357999E+01  0.38541913E-01 -0.26803229E-01  0.12192413E+02  0.29250097E+01  0.22887947E+00  0.37275219E+00  0.14308150E+02  0.60915234E+02  0.99848956E+00 -0.10576253E+00  0.10175874E+00  0.11276774E+01  0.21319177E-02 -0.25637331E-02 -0.32848378E-02  0.18914180E+00  0.96773231E+00  0.10116415E+01  0.23510600E-04  0.11628113E+02
   0.47816462E-02  0.60275998E+01  0.39829552E-01 -0.27695861E-01  0.12187238E+02  0.29240644E+01  0.22927099E+00  0.37305993E+00  0.13741133E+02  0.58754700E+02  0.99835712E+00 -0.10574844E+00  0.10168742E+00  0.11282641E+01  0.21588153E-02 -0.26460295E-02 -0.30874875E-02  0.19008026E+00  0.90796143E+00  0.97155118E+00  0.23267894E-04  0.11619171E+02
   0.51141148E-02  0.64466996E+01  0.41144967E-01 -0.28607477E-01  0.12181961E+02  0.29231009E+01  0.22968823E+00  0.37333533E+00  0.13181657E+02  0.56633083E+02  0.99801731E+00 -0.10573242E+00  0.10161092E+00  0.11290795E+01  0.21856930E-02 -0.27166253E-02 -0.28888246E-02  0.19114166E+00  0.85193181E+00  0.93199408E+00  0.23089344E-04  0.11609894E+02
   0.54691923E-02  0.68943000E+01  0.42484920E-01 -0.29535795E-01  0.12176598E+02  0.29221222E+01  0.23013143E+00  0.37357691E+00  0.12631681E+02  0.54556782E+02  0.99770099E+00 -0.10571516E+00  0.10153002E+00  0.11295692E+01  0.22125621E-02 -0.27741371E-02 -0.26887448E-02  0.19233705E+00  0.79948854E+00  0.89310867E+00  0.22917789E-04  0.11600220E+02
   0.58487826E-02  0.73728004E+01  0.43849446E-01 -0.30480821E-01  0.12171148E+02  0.29211287E+01  0.23060200E+00  0.37378395E+00  0.12091670E+02  0.52526447E+02  0.99742198E+00 -0.10569696E+00  0.10144492E+00  0.11302118E+01  0.22393782E-02 -0.28181842E-02 -0.24876301E-02  0.19367567E+00  0.75035119E+00  0.85492778E+00  0.22732349E-04  0.11590179E+02
   0.62547894E-02  0.78846002E+01  0.45237914E-01 -0.31442083E-01  0.12165617E+02  0.29201205E+01  0.23110111E+00  0.37395582E+00  0.11562311E+02  0.50543476E+02  0.99701387E+00 -0.10567619E+00  0.10135354E+00  0.11311414E+01  0.22662401E-02 -0.28474587E-02 -0.22850228E-02  0.19518106E+00  0.70428973E+00  0.81750011E+00  0.22550834E-04  0.11579712E+02
   0.66886409E-02  0.84315004E+01  0.46647608E-01 -0.32417677E-01  0.12160019E+02  0.29191003E+01  0.23162936E+00  0.37409195E+00  0.11044974E+02  0.48611774E+02  0.99644434E+00 -0.10565238E+00  0.10125575E+00  0.11317388E+01  0.22932156E-02 -0.28601026E-02 -0.20805283E-02  0.19686103E+00  0.66115302E+00  0.78092235E+00  0.22395776E-04  0.11568848E+02
   0.71522403E-02  0.90158997E+01  0.48077058E-01 -0.33406552E-01  0.12154362E+02  0.29180696E+01  0.23218788E+00  0.37419218E+00  0.10540416E+02  0.46732883E+02  0.99593651E+00 -0.10562816E+00  0.10115356E+00  0.11323361E+01  0.23203336E-02 -0.28551670E-02 -0.18745224E-02  0.19871967E+00  0.62075561E+00  0.74524814E+00  0.22244411E-04  0.11557526E+02
   0.76479688E-02  0.96408005E+01  0.49525753E-01 -0.34408320E-01  0.12148648E+02  0.29170287E+01  0.23277821E+00  0.37425658E+00  0.10048979E+02  0.44906761E+02  0.99542612E+00 -0.10560174E+00  0.10104519E+00  0.11334387E+01  0.23476875E-02 -0.28308791E-02 -0.16664291E-02  0.20079139E+00  0.58289915E+00  0.71050167E+00  0.22097478E-04  0.11545746E+02
   0.81779668E-02  0.10308900E+02  0.50991863E-01 -0.35421684E-01  0.12142889E+02  0.29159789E+01  0.23340164E+00  0.37428528E+00  0.95713596E+01  0.43134678E+02  0.99484736E+00 -0.10557131E+00  0.10092884E+00  0.11345999E+01  0.23755224E-02 -0.27856876E-02 -0.14559763E-02  0.20309895E+00  0.54743290E+00  0.67673212E+00  0.21956432E-04  0.11533508E+02
   0.87443776E-02  0.11022900E+02  0.52473180E-01 -0.36445089E-01  0.12137094E+02  0.29149225E+01  0.23405944E+00  0.37427890E+00  0.91082535E+01  0.41417896E+02  0.99420613E+00 -0.10553805E+00  0.10080525E+00  0.11357027E+01  0.24038141E-02 -0.27184312E-02 -0.12432260E-02  0.20564182E+00  0.51422167E+00  0.64398873E+00  0.21834838E-04  0.11520752E+02
   0.93500558E-02  0.11786401E+02  0.53968959E-01 -0.37477981E-01  0.12131271E+02  0.29138598E+01  0.23475370E+00  0.37423819E+00  0.86598139E+01  0.39755676E+02  0.99345434E+00 -0.10550178E+00  0.10067425E+00  0.11371543E+01  0.24326749E-02 -0.26265131E-02 -0.10268280E-02  0.20844643E+00  0.48310688E+00  0.61228234E+00  0.21701833E-04  0.11507507E+02
   0.99973818E-02  0.12602400E+02  0.55476744E-01 -0.38518630E-01  0.12125432E+02  0.29127932E+01  0.23548597E+00  0.37416419E+00  0.82266150E+01  0.38148865E+02  0.99272484E+00 -0.10546309E+00  0.10053624E+00  0.11383321E+01  0.24622865E-02 -0.25077073E-02 -0.80619671E-03  0.21153454E+00  0.45397505E+00  0.58165348E+00  0.21582358E-04  0.11493683E+02
   0.10689212E-01  0.13474501E+02  0.56994848E-01 -0.39565839E-01  0.12119584E+02  0.29117241E+01  0.23625837E+00  0.37405804E+00  0.78088903E+01  0.36597092E+02  0.99210000E+00 -0.10542260E+00  0.10039169E+00  0.11393354E+01  0.24927852E-02 -0.23599730E-02 -0.58099866E-03  0.21492460E+00  0.42670244E+00  0.55211872E+00  0.21465989E-04  0.11479309E+02
   0.11428878E-01  0.14406900E+02  0.58522135E-01 -0.40618785E-01  0.12113733E+02  0.29106541E+01  0.23707378E+00  0.37392122E+00  0.74066510E+01  0.35099232E+02  0.99135286E+00 -0.10537772E+00  0.10023785E+00  0.11406026E+01  0.25244146E-02 -0.21804159E-02 -0.35002432E-03  0.21865179E+00  0.40116468E+00  0.52367884E+00  0.21351618E-04  0.11464355E+02
   0.12219710E-01  0.15403801E+02  0.60056958E-01 -0.41676298E-01  0.12107892E+02  0.29095840E+01  0.23793510E+00  0.37375531E+00  0.70199847E+01  0.33654533E+02  0.99038589E+00 -0.10532656E+00  0.10007277E+00  0.11419886E+01  0.25572905E-02 -0.19669270E-02 -0.11256797E-03  0.22272661E+00  0.37725464E+00  0.49634007E+00  0.21259379E-04  0.11448730E+02
   0.13064804E-01  0.16469101E+02  0.61596796E-01 -0.42736605E-01  0.12102073E+02  0.29085159E+01  0.23884517E+00  0.37356219E+00  0.66490989E+01  0.32262779E+02  0.98940700E+00 -0.10527165E+00  0.99898688E-01  0.11435481E+01  0.25916309E-02 -0.17165884E-02  0.13276987E-03  0.22717322E+00  0.35488388E+00  0.47011697E+00  0.21144773E-04  0.11432465E+02
   0.13968443E-01  0.17608200E+02  0.63140936E-01 -0.43799177E-01  0.12096280E+02  0.29074504E+01  0.23980834E+00  0.37334371E+00  0.62937078E+01  0.30921968E+02  0.98836392E+00 -0.10521316E+00  0.99715285E-01  0.11452607E+01  0.26276910E-02 -0.14268308E-02  0.38706244E-03  0.23201407E+00  0.33394372E+00  0.44498947E+00  0.21043546E-04  0.11415466E+02
   0.14934196E-01  0.18825600E+02  0.64686924E-01 -0.44862293E-01  0.12090528E+02  0.29063897E+01  0.24082848E+00  0.37310210E+00  0.59538732E+01  0.29631540E+02  0.98722893E+00 -0.10514910E+00  0.99520676E-01  0.11466635E+01  0.26656266E-02 -0.10947520E-02  0.65110315E-03  0.23727858E+00  0.31435645E+00  0.42096186E+00  0.20948268E-04  0.11397736E+02
   0.15966825E-01  0.20127300E+02  0.66233821E-01 -0.45925256E-01  0.12084821E+02  0.29053349E+01  0.24191128E+00  0.37283963E+00  0.56292586E+01  0.28389557E+02  0.98604530E+00 -0.10507936E+00  0.99314593E-01  0.11480680E+01  0.27056953E-02 -0.71555766E-03  0.92750043E-03  0.24301219E+00  0.29602978E+00  0.39801034E+00  0.20849873E-04  0.11379211E+02
   0.17070374E-01  0.21518400E+02  0.67779161E-01 -0.46986349E-01  0.12079172E+02  0.29042878E+01  0.24306187E+00  0.37255877E+00  0.53198075E+01  0.27195236E+02  0.98473859E+00 -0.10500381E+00  0.99096812E-01  0.11498114E+01  0.27482181E-02 -0.28792376E-03  0.12166341E-02  0.24920623E+00  0.27889544E+00  0.37613097E+00  0.20754027E-04  0.11359833E+02
   0.18250315E-01  0.23005800E+02  0.69322124E-01 -0.48044968E-01  0.12073588E+02  0.29032485E+01  0.24428742E+00  0.37226191E+00  0.50250883E+01  0.26046448E+02  0.98329544E+00 -0.10492229E+00  0.98866768E-01  0.11517438E+01  0.27934832E-02  0.19332046E-03  0.15208669E-02  0.25589779E+00  0.26287141E+00  0.35529315E+00  0.20643616E-04  0.11339569E+02
   0.19511411E-01  0.24595499E+02  0.70860498E-01 -0.49099557E-01  0.12068081E+02  0.29022191E+01  0.24559501E+00  0.37195179E+00  0.47449079E+01  0.24942137E+02  0.98175156E+00 -0.10483428E+00  0.98623745E-01  0.11539409E+01  0.28416512E-02  0.73385373E-03  0.18431590E-02  0.26311910E+00  0.24789608E+00  0.33548331E+00  0.20550811E-04  0.11318359E+02
   0.20859374E-01  0.26294701E+02  0.72392881E-01 -0.50149120E-01  0.12062657E+02  0.29012001E+01  0.24699330E+00  0.37163091E+00  0.44788795E+01  0.23880627E+02  0.98007667E+00 -0.10473882E+00  0.98366834E-01  0.11559238E+01  0.28930528E-02  0.13371583E-02  0.21855312E-02  0.27088293E+00  0.23390290E+00  0.31667408E+00  0.20462981E-04  0.11296112E+02
   0.22300625E-01  0.28111500E+02  0.73918223E-01 -0.51192902E-01  0.12057325E+02  0.29001927E+01  0.24849239E+00  0.37130186E+00  0.42265472E+01  0.22860083E+02  0.97826833E+00 -0.10463586E+00  0.98095573E-01  0.11577585E+01  0.29481074E-02  0.20055084E-02  0.25489342E-02  0.27920082E+00  0.22082762E+00  0.29883322E+00  0.20357056E-04  0.11272797E+02
   0.23841595E-01  0.30054001E+02  0.75434990E-01 -0.52229814E-01  0.12052093E+02  0.28991981E+01  0.25010312E+00  0.37096724E+00  0.39875207E+01  0.21879040E+02  0.97638774E+00 -0.10452430E+00  0.97808748E-01  0.11603742E+01  0.30070646E-02  0.27435285E-02  0.29360466E-02  0.28808811E+00  0.20861453E+00  0.28193313E+00  0.20261508E-04  0.11248322E+02
   0.25488470E-01  0.32130001E+02  0.76941043E-01 -0.53258371E-01  0.12046968E+02  0.28982165E+01  0.25183699E+00  0.37062976E+00  0.37614739E+01  0.20936417E+02  0.97436965E+00 -0.10440317E+00  0.97505100E-01  0.11632951E+01  0.30702483E-02  0.35582678E-02  0.33510367E-02  0.29755837E+00  0.19721563E+00  0.26595074E+00  0.20163663E-04  0.11222626E+02
   0.27247196E-01  0.34347000E+02  0.78433961E-01 -0.54276872E-01  0.12041965E+02  0.28972499E+01  0.25370592E+00  0.37029216E+00  0.35481026E+01  0.20031334E+02  0.97215998E+00 -0.10427335E+00  0.97185530E-01  0.11657257E+01  0.31380197E-02  0.44492008E-02  0.37940668E-02  0.30756038E+00  0.18658774E+00  0.25086457E+00  0.20058271E-04  0.11195618E+02
   0.29129678E-01  0.36720001E+02  0.79915799E-01 -0.55286705E-01  0.12037077E+02  0.28962975E+01  0.25572872E+00  0.36995599E+00  0.33464758E+01  0.19160320E+02  0.96973389E+00 -0.10413183E+00  0.96847415E-01  0.11685187E+01  0.32108303E-02  0.54232795E-02  0.42689652E-02  0.31810594E+00  0.17666012E+00  0.23660877E+00  0.19954876E-04  0.11167175E+02
   0.31140674E-01  0.39255001E+02  0.81382327E-01 -0.56284945E-01  0.12032323E+02  0.28953605E+01  0.25791764E+00  0.36962429E+00  0.31565380E+01  0.18323769E+02  0.96724415E+00 -0.10398050E+00  0.96491389E-01  0.11718638E+01  0.32888895E-02  0.64934948E-02  0.47830730E-02  0.32922333E+00  0.16740932E+00  0.22317943E+00  0.19848076E-04  0.11137238E+02
   0.33292081E-01  0.41966999E+02  0.82834385E-01 -0.57272136E-01  0.12027699E+02  0.28944387E+01  0.26029330E+00  0.36929834E+00  0.29775479E+01  0.17519176E+02  0.96459466E+00 -0.10381789E+00  0.96115582E-01  0.11751571E+01  0.33727374E-02  0.76590208E-02  0.53374865E-02  0.34085178E+00  0.15878063E+00  0.21052414E+00  0.19733920E-04  0.11105682E+02
   0.35591040E-01  0.44865002E+02  0.84269136E-01 -0.58246322E-01  0.12023218E+02  0.28935335E+01  0.26287138E+00  0.36898023E+00  0.28092461E+01  0.16746227E+02  0.96164584E+00 -0.10364072E+00  0.95717333E-01  0.11785511E+01  0.34627353E-02  0.89187482E-02  0.59329877E-02  0.35290521E+00  0.15074559E+00  0.19862455E+00  0.19618437E-04  0.11072388E+02
   0.38047072E-01  0.47960999E+02  0.85685201E-01 -0.59206534E-01  0.12018887E+02  0.28926454E+01  0.26566997E+00  0.36867142E+00  0.26511796E+01  0.16003836E+02  0.95845741E+00 -0.10345007E+00  0.95297478E-01  0.11821353E+01  0.35592406E-02  0.10280336E-01  0.65748794E-02  0.36531612E+00  0.14326835E+00  0.18744864E+00  0.19502773E-04  0.11037231E+02
   0.40674455E-01  0.51273003E+02  0.87083504E-01 -0.60153376E-01  0.12014705E+02  0.28917730E+01  0.26871237E+00  0.36837241E+00  0.25026674E+01  0.15289859E+02  0.95508993E+00 -0.10324817E+00  0.94857536E-01  0.11859521E+01  0.36627201E-02  0.11748910E-01  0.72670495E-02  0.37799191E+00  0.13630435E+00  0.17694826E+00  0.19382947E-04  0.11000092E+02
   0.43480333E-01  0.54810001E+02  0.88460758E-01 -0.61084606E-01  0.12010680E+02  0.28909180E+01  0.27201328E+00  0.36808428E+00  0.23634903E+01  0.14604419E+02  0.95158148E+00 -0.10303260E+00  0.94395079E-01  0.11901531E+01  0.37734057E-02  0.13342433E-01  0.80207223E-02  0.39089701E+00  0.12983289E+00  0.16710791E+00  0.19257575E-04  0.10960846E+02
   0.46483733E-01  0.58596001E+02  0.89819200E-01 -0.62001698E-01  0.12006809E+02  0.28900781E+01  0.27560082E+00  0.36780643E+00  0.22328727E+01  0.13944967E+02  0.94773930E+00 -0.10279579E+00  0.93902685E-01  0.11945460E+01  0.38920089E-02  0.15059511E-01  0.88380855E-02  0.40391541E+00  0.12380863E+00  0.15787274E+00  0.19128078E-04  0.10919281E+02
   0.49691807E-01  0.62640003E+02  0.91155238E-01 -0.62902227E-01  0.12003102E+02  0.28892553E+01  0.27948663E+00  0.36753872E+00  0.21106389E+01  0.13311937E+02  0.94355851E+00 -0.10254106E+00  0.93382828E-01  0.11989856E+01  0.40188055E-02  0.16878322E-01  0.97112106E-02  0.41682124E+00  0.11821552E+00  0.14923033E+00  0.18994224E-04  0.10875275E+02
   0.53121209E-01  0.66963005E+02  0.92469387E-01 -0.63786492E-01  0.11999560E+02  0.28884482E+01  0.28369138E+00  0.36727977E+00  0.19962304E+01  0.12703842E+02  0.93916118E+00 -0.10226980E+00  0.92836894E-01  0.12040361E+01  0.41543255E-02  0.18822262E-01  0.10654634E-01  0.42957169E+00  0.11302081E+00  0.14114121E+00  0.18854947E-04  0.10828644E+02
   0.56786217E-01  0.71583000E+02  0.93760788E-01 -0.64653911E-01  0.11996181E+02  0.28876567E+01  0.28823102E+00  0.36702773E+00  0.18892342E+01  0.12119949E+02  0.93458784E+00 -0.10198154E+00  0.92264846E-01  0.12095859E+01  0.42988393E-02  0.20916646E-01  0.11684480E-01  0.44206494E+00  0.10819969E+00  0.13357615E+00  0.18713028E-04  0.10779236E+02
   0.60705870E-01  0.76524002E+02  0.95029935E-01 -0.65504804E-01  0.11992966E+02  0.28868794E+01  0.29312396E+00  0.36677974E+00  0.17891449E+01  0.11559006E+02  0.92956752E+00 -0.10166641E+00  0.91656454E-01  0.12153411E+01  0.44529685E-02  0.23133658E-01  0.12791199E-01  0.45402187E+00  0.10372400E+00  0.12649946E+00  0.18566278E-04  0.10726746E+02
   0.64894453E-01  0.81804001E+02  0.96275568E-01 -0.66338301E-01  0.11989916E+02  0.28861165E+01  0.29837745E+00  0.36653259E+00  0.16956247E+01  0.11020628E+02  0.92408043E+00 -0.10132471E+00  0.91012493E-01  0.12214174E+01  0.46171369E-02  0.25461826E-01  0.13973308E-01  0.46527055E+00  0.99573709E-01  0.11988722E+00  0.18412216E-04  0.10671021E+02
   0.69373377E-01  0.87449997E+02  0.97498409E-01 -0.67154869E-01  0.11987031E+02  0.28853664E+01  0.30400395E+00  0.36628172E+00  0.16082028E+01  0.10503676E+02  0.91836047E+00 -0.10096396E+00  0.90337962E-01  0.12275563E+01  0.47919671E-02  0.27945591E-01  0.15257571E-01  0.47586396E+00  0.95723584E-01  0.11370616E+00  0.18253382E-04  0.10611816E+02
   0.74159309E-01  0.93482994E+02  0.98697536E-01 -0.67953877E-01  0.11984306E+02  0.28846300E+01  0.31000599E+00  0.36602229E+00  0.15265455E+01  0.10007765E+02  0.91244560E+00 -0.10058423E+00  0.89633040E-01  0.12338568E+01  0.49778167E-02  0.30546259E-01  0.16629757E-01  0.48557687E+00  0.92155159E-01  0.10793267E+00  0.18089051E-04  0.10548889E+02
   0.79278424E-01  0.99936005E+02  0.99874228E-01 -0.68736158E-01  0.11981739E+02  0.28839049E+01  0.31639317E+00  0.36574799E+00  0.14501908E+01  0.95316725E+01  0.90596354E+00 -0.10016748E+00  0.88882737E-01  0.12408236E+01  0.51753591E-02  0.33319496E-01  0.18123494E-01  0.49440980E+00  0.88844858E-01  0.10253409E+00  0.17921315E-04  0.10481934E+02
   0.84747382E-01  0.10683000E+03  0.10102729E+00 -0.69500916E-01  0.11979330E+02  0.28831909E+01  0.32315814E+00  0.36545214E+00  0.13788615E+01  0.90752554E+01  0.89902657E+00 -0.99721372E-01  0.88091925E-01  0.12485583E+01  0.53849882E-02  0.36260471E-01  0.19741580E-01  0.50216848E+00  0.85777514E-01  0.97490840E-01  0.17747716E-04  0.10410706E+02
   0.90594731E-01  0.11420100E+03  0.10215806E+00 -0.70248984E-01  0.11977074E+02  0.28824861E+01  0.33030066E+00  0.36512679E+00  0.13121454E+01  0.86374140E+01  0.89155978E+00 -0.99243991E-01  0.87256975E-01  0.12569195E+01  0.56075137E-02  0.39297942E-01  0.21454491E-01  0.50854999E+00  0.82932271E-01  0.92773750E-01  0.17566497E-04  0.10334869E+02
   0.96846662E-01  0.12208199E+03  0.10326695E+00 -0.70980631E-01  0.11974968E+02  0.28817897E+01  0.33781084E+00  0.36476317E+00  0.12497098E+01  0.82174816E+01  0.88365048E+00 -0.98736510E-01  0.86381674E-01  0.12659762E+01  0.58436478E-02  0.42487968E-01  0.23296846E-01  0.51369274E+00  0.80291823E-01  0.88359319E-01  0.17384386E-04  0.10254059E+02
   0.10352698E+00  0.13050301E+03  0.10435382E+00 -0.71695760E-01  0.11973007E+02  0.28811007E+01  0.34567362E+00  0.36435181E+00  0.11912712E+01  0.78150687E+01  0.87527090E+00 -0.98192684E-01  0.85460171E-01  0.12751863E+01  0.60939789E-02  0.45882460E-01  0.25300520E-01  0.51770669E+00  0.77841617E-01  0.84227480E-01  0.17195165E-04  0.10168030E+02
   0.11066899E+00  0.13950601E+03  0.10541981E+00 -0.72395071E-01  0.11971189E+02  0.28804178E+01  0.35388061E+00  0.36388201E+00  0.11364919E+01  0.74293351E+01  0.86635953E+00 -0.97610578E-01  0.84488556E-01  0.12848473E+01  0.63594300E-02  0.49449157E-01  0.27456176E-01  0.52044255E+00  0.75565077E-01  0.80354370E-01  0.16999771E-04  0.10076294E+02
   0.11830600E+00  0.14913300E+03  0.10646581E+00 -0.73079124E-01  0.11969504E+02  0.28797398E+01  0.36241633E+00  0.36334205E+00  0.10850788E+01  0.70596189E+01  0.85684109E+00 -0.96989378E-01  0.83465599E-01  0.12949368E+01  0.66409498E-02  0.53166192E-01  0.29759273E-01  0.52181000E+00  0.73447473E-01  0.76719269E-01  0.16802311E-04  0.99784546E+01
   0.12646660E+00  0.15942000E+03  0.10749178E+00 -0.73747858E-01  0.11967956E+02  0.28790658E+01  0.37125280E+00  0.36271983E+00  0.10367982E+01  0.67055883E+01  0.84649682E+00 -0.96309759E-01  0.82374245E-01  0.13054829E+01  0.69393516E-02  0.56958321E-01  0.32178529E-01  0.52163929E+00  0.71476445E-01  0.73305644E-01  0.16598586E-04  0.98741760E+01
   0.13519123E+00  0.17041800E+03  0.10849893E+00 -0.74402027E-01  0.11966537E+02  0.28783937E+01  0.38037181E+00  0.36200190E+00  0.99137032E+00  0.63665171E+01  0.83561051E+00 -0.95587961E-01  0.81228904E-01  0.13166134E+01  0.72558303E-02  0.61013460E-01  0.34815218E-01  0.52026123E+00  0.69638021E-01  0.70093714E-01  0.16390039E-04  0.97628784E+01
   0.14451796E+00  0.18217500E+03  0.10948798E+00 -0.75042047E-01  0.11965242E+02  0.28777230E+01  0.38974619E+00  0.36117366E+00  0.94856387E+00  0.60419083E+01  0.82407361E+00 -0.94821475E-01  0.80027707E-01  0.13290640E+01  0.75916010E-02  0.65240599E-01  0.37630230E-01  0.51743978E+00  0.67920141E-01  0.67067131E-01  0.16178841E-04  0.96441345E+01
   0.15448727E+00  0.19474200E+03  0.11045963E+00 -0.75668320E-01  0.11964070E+02  0.28770509E+01  0.39933941E+00  0.36021990E+00  0.90816146E+00  0.57312760E+01  0.81179893E+00 -0.94001740E-01  0.78761436E-01  0.13431454E+01  0.79478985E-02  0.69521762E-01  0.40570240E-01  0.51296318E+00  0.66310748E-01  0.64210527E-01  0.15962476E-04  0.95174255E+01
   0.16514434E+00  0.20817601E+03  0.11141478E+00 -0.76281361E-01  0.11963017E+02  0.28763759E+01  0.40911573E+00  0.35912406E+00  0.86995375E+00  0.54341331E+01  0.79874718E+00 -0.93123764E-01  0.77426642E-01  0.13573778E+01  0.83262576E-02  0.73993392E-01  0.43710228E-01  0.50710392E+00  0.64798243E-01  0.61509091E-01  0.15741911E-04  0.93821411E+01
   0.17653680E+00  0.22253700E+03  0.11235427E+00 -0.76881647E-01  0.11962079E+02  0.28756967E+01  0.41903654E+00  0.35786861E+00  0.83374834E+00  0.51500192E+01  0.78476512E+00 -0.92181668E-01  0.76016873E-01  0.13722899E+01  0.87284157E-02  0.78667015E-01  0.47061376E-01  0.49987146E+00  0.63371688E-01  0.58949228E-01  0.15519483E-04  0.92377014E+01
   0.18871462E+00  0.23788800E+03  0.11327894E+00 -0.77469617E-01  0.11961257E+02  0.28750110E+01  0.42905742E+00  0.35643518E+00  0.79936868E+00  0.48785081E+01  0.76992255E+00 -0.91183655E-01  0.74537784E-01  0.13885896E+01  0.91561070E-02  0.83680518E-01  0.50697487E-01  0.49140838E+00  0.62020548E-01  0.56518454E-01  0.15293968E-04  0.90834961E+01
   0.20173255E+00  0.25429800E+03  0.11418979E+00 -0.78045815E-01  0.11960547E+02  0.28743167E+01  0.43912682E+00  0.35480359E+00  0.76664734E+00  0.46191888E+01  0.75410193E+00 -0.90113983E-01  0.72979055E-01  0.14057491E+01  0.96115218E-02  0.88697203E-01  0.54454930E-01  0.48109770E+00  0.60734086E-01  0.54204930E-01  0.15064837E-04  0.89188232E+01
   0.21564768E+00  0.27183899E+03  0.11508758E+00 -0.78610621E-01  0.11959952E+02  0.28736115E+01  0.44918177E+00  0.35295323E+00  0.73543215E+00  0.43717284E+01  0.73725784E+00 -0.88966340E-01  0.71333162E-01  0.14239539E+01  0.10096882E-01  0.93845844E-01  0.58401015E-01  0.46912417E+00  0.59501547E-01  0.51997896E-01  0.14834229E-04  0.87429199E+01
   0.23052429E+00  0.29059201E+03  0.11597341E+00 -0.79164580E-01  0.11959470E+02  0.28728924E+01  0.45915523E+00  0.35086125E+00  0.70557523E+00  0.41357508E+01  0.71912378E+00 -0.87733284E-01  0.69592953E-01  0.14429460E+01  0.10614933E-01  0.99055968E-01  0.62503695E-01  0.45535851E+00  0.58312010E-01  0.49886897E-01  0.14601253E-04  0.85550537E+01
   0.24643613E+00  0.31064999E+03  0.11684878E+00 -0.79708472E-01  0.11959107E+02  0.28721561E+01  0.46896929E+00  0.34850293E+00  0.67693263E+00  0.39108329E+01  0.69976377E+00 -0.86413160E-01  0.67756556E-01  0.14630954E+01  0.11168968E-01  0.10416649E+00  0.66683754E-01  0.43963629E+00  0.57153806E-01  0.47861755E-01  0.14367034E-04  0.83542175E+01
   0.26342845E+00  0.33207001E+03  0.11771324E+00 -0.80241822E-01  0.11958862E+02  0.28714004E+01  0.47852659E+00  0.34585711E+00  0.64942634E+00  0.36970999E+01  0.67956519E+00 -0.85015044E-01  0.65832004E-01  0.14850061E+01  0.11761352E-01  0.10961171E+00  0.71156144E-01  0.42269355E+00  0.56018140E-01  0.45916952E-01  0.14132691E-04  0.81399231E+01
   0.28158692E+00  0.35496002E+03  0.11856832E+00 -0.80765381E-01  0.11958739E+02  0.28706210E+01  0.48774487E+00  0.34289551E+00  0.62292039E+00  0.34942100E+01  0.65796030E+00 -0.83507121E-01  0.63796379E-01  0.15084503E+01  0.12396459E-01  0.11499977E+00  0.75725131E-01  0.40385926E+00  0.54893464E-01  0.44042878E-01  0.13898766E-04  0.79110413E+01
   0.30100667E+00  0.37944000E+03  0.11941592E+00 -0.81280075E-01  0.11958745E+02  0.28698113E+01  0.49650946E+00  0.33958712E+00  0.59728962E+00  0.33018086E+01  0.63474691E+00 -0.81896469E-01  0.61651852E-01  0.15339112E+01  0.13079305E-01  0.12025341E+00  0.80346890E-01  0.38285449E+00  0.53766489E-01  0.42230684E-01  0.13664501E-04  0.76663818E+01
   0.32178301E+00  0.40563004E+03  0.12025782E+00 -0.81786647E-01  0.11958890E+02  0.28689654E+01  0.50468415E+00  0.33590019E+00  0.57243121E+00  0.31197240E+01  0.60983378E+00 -0.80168337E-01  0.59386320E-01  0.15587618E+01  0.13815273E-01  0.12550932E+00  0.85081249E-01  0.35995919E+00  0.52623980E-01  0.40473100E-01  0.13429606E-04  0.74047546E+01
   0.34398723E+00  0.43362000E+03  0.12109449E+00 -0.82285002E-01  0.11959185E+02  0.28680794E+01  0.51211500E+00  0.33180618E+00  0.54828310E+00  0.29481678E+01  0.58350092E+00 -0.78324690E-01  0.57004318E-01  0.15853623E+01  0.14609727E-01  0.13073015E+00  0.89897312E-01  0.33529964E+00  0.51454410E-01  0.38765732E-01  0.13197625E-04  0.71253052E+01
   0.36769077E+00  0.46349997E+03  0.12192657E+00 -0.82775123E-01  0.11959639E+02  0.28671434E+01  0.51862711E+00  0.32727581E+00  0.52478713E+00  0.27873902E+01  0.55554813E+00 -0.76355502E-01  0.54496575E-01  0.16156071E+01  0.15468833E-01  0.13570665E+00  0.94672211E-01  0.30868009E+00  0.50245386E-01  0.37104480E-01  0.12969919E-04  0.68271179E+01
   0.39306027E+00  0.49548001E+03  0.12275807E+00 -0.83258793E-01  0.11960273E+02  0.28661444E+01  0.52403808E+00  0.32226044E+00  0.50180846E+00  0.26371777E+01  0.52566564E+00 -0.74242949E-01  0.51848553E-01  0.16464101E+01  0.16403332E-01  0.14043127E+00  0.99386677E-01  0.28008276E+00  0.48978835E-01  0.35479799E-01  0.12745844E-04  0.65081177E+01
   0.42016706E+00  0.52965002E+03  0.12358986E+00 -0.83735853E-01  0.11961106E+02  0.28650720E+01  0.52811092E+00  0.31672806E+00  0.47931880E+00  0.24981778E+01  0.49383447E+00 -0.71984388E-01  0.49063541E-01  0.16784675E+01  0.17421933E-01  0.14470632E+00  0.10391100E+00  0.24948314E+00  0.47640994E-01  0.33889692E-01  0.12524030E-04  0.61674500E+01
   0.44915396E+00  0.56619000E+03  0.12442531E+00 -0.84207401E-01  0.11962171E+02  0.28639071E+01  0.53058320E+00  0.31063044E+00  0.45723873E+00  0.23708739E+01  0.45971230E+00 -0.69560513E-01  0.46123434E-01  0.17129501E+01  0.18537933E-01  0.14839035E+00  0.10814179E+00  0.21685094E+00  0.46213418E-01  0.32328546E-01  0.12308069E-04  0.58033142E+01
   0.48013991E+00  0.60525000E+03  0.12526755E+00 -0.84674075E-01  0.11963503E+02  0.28626256E+01  0.53114182E+00  0.30392173E+00  0.43552318E+00  0.22562256E+01  0.42339292E+00 -0.66973992E-01  0.43031748E-01  0.17498391E+01  0.19766506E-01  0.15141308E+00  0.11199764E+00  0.18239172E+00  0.44677645E-01  0.30793173E-01  0.12100018E-04  0.54142761E+01
   0.51324403E+00  0.64698004E+03  0.12612028E+00 -0.85136548E-01  0.11965150E+02  0.28611970E+01  0.52942932E+00  0.29655293E+00  0.41413867E+00  0.21556718E+01  0.38522083E+00 -0.64231291E-01  0.39796680E-01  0.17892191E+01  0.21126360E-01  0.15362304E+00  0.11534756E+00  0.14631832E+00  0.43014295E-01  0.29281205E-01  0.11898686E-04  0.49988708E+01
   0.54865658E+00  0.69162000E+03  0.12698983E+00 -0.85596360E-01  0.11967172E+02  0.28595777E+01  0.52502006E+00  0.28845298E+00  0.39302012E+00  0.20711608E+01  0.34453699E+00 -0.61286792E-01  0.36385410E-01  0.18306580E+01  0.22644304E-01  0.15482517E+00  0.11803494E+00  0.10873415E+00  0.41198794E-01  0.27788041E-01  0.11705421E-04  0.45547485E+01
   0.58649653E+00  0.73932001E+03  0.12788239E+00 -0.86054198E-01  0.11969665E+02  0.28577039E+01  0.51740009E+00  0.27955773E+00  0.37216109E+00  0.20058680E+01  0.30055091E+00 -0.58118619E-01  0.32786056E-01  0.18725401E+01  0.24352154E-01  0.15463869E+00  0.11978534E+00  0.69791570E-01  0.39207384E-01  0.26313227E-01  0.11520896E-04  0.40805664E+01
   0.62695450E+00  0.79032007E+03  0.12880923E+00 -0.86512148E-01  0.11972762E+02  0.28554802E+01  0.50592369E+00  0.26977444E+00  0.35153273E+00  0.19644754E+01  0.25341773E+00 -0.54759394E-01  0.29018210E-01  0.19172221E+01  0.26296081E-01  0.15288945E+00  0.12040637E+00  0.29975705E-01  0.37009221E-01  0.24854723E-01  0.11345517E-04  0.35740356E+01
   0.67019683E+00  0.84483002E+03  0.12978530E+00 -0.86972132E-01  0.11976657E+02  0.28527515E+01  0.48980260E+00  0.25899604E+00  0.33114752E+00  0.19545676E+01  0.20340386E+00 -0.51227935E-01  0.25084440E-01  0.19665654E+01  0.28538801E-01  0.14929195E+00  0.11962686E+00 -0.10099947E-01  0.34571193E-01  0.23413410E-01  0.11177579E-04  0.30332947E+01
   0.71641403E+00  0.90309003E+03  0.13083355E+00 -0.87436244E-01  0.11981640E+02  0.28492632E+01  0.46802488E+00  0.24707434E+00  0.31103769E+00  0.19887533E+01  0.14919916E+00 -0.47500432E-01  0.20944158E-01  0.20180435E+01  0.31173816E-01  0.14325672E+00  0.11699983E+00 -0.49628273E-01  0.31853061E-01  0.21991566E-01  0.11010251E-04  0.24562988E+01
   0.76582026E+00  0.96537006E+03  0.13199313E+00 -0.87906674E-01  0.11988234E+02  0.28445346E+01  0.43923390E+00  0.23379089E+00  0.29127979E+00  0.20893517E+01  0.89715391E-01 -0.43695513E-01  0.16574606E-01  0.20754633E+01  0.34346920E-01  0.13424553E+00  0.11206475E+00 -0.87130763E-01  0.28803850E-01  0.20594606E-01  0.10830169E-04  0.18408813E+01
   0.81865346E+00  0.10319700E+04  0.13333811E+00 -0.88383153E-01  0.11997345E+02  0.28375607E+01  0.40155128E+00  0.21879937E+00  0.27204379E+00  0.22991574E+01  0.22815244E-01 -0.39969645E-01  0.11844765E-01  0.21448550E+01  0.38302138E-01  0.12126358E+00  0.10406236E+00 -0.11983654E+00  0.25357414E-01  0.19234547E-01  0.10605151E-04  0.11851807E+01
   0.87510407E+00  0.11031300E+04  0.13501747E+00 -0.88846684E-01  0.12010854E+02  0.28258488E+01  0.35247874E+00  0.20152484E+00  0.25374225E+00  0.27074380E+01 -0.56718122E-01 -0.35730097E-01  0.64821197E-02  0.22185934E+01  0.43477982E-01  0.10257051E+00  0.91708936E-01 -0.14071520E+00  0.21436803E-01  0.17940557E-01  0.10252455E-04  0.48910522E+00
   0.93548155E+00  0.11792400E+04  0.13732556E+00 -0.89194775E-01  0.12033191E+02  0.28015265E+01  0.28931695E+00  0.18086138E+00  0.23731799E+00  0.35125494E+01 -0.14783438E+00 -0.28797213E-01  0.92864712E-03  0.21817887E+01  0.50765492E-01  0.77807903E-01  0.74085303E-01 -0.13201676E+00  0.16977821E-01  0.16779300E-01  0.95652467E-05 -0.24548340E+00
   0.10000000E+01  0.12605701E+04  0.14070868E+00 -0.89044750E-01  0.12076192E+02  0.27348135E+01  0.21225128E+00  0.15476653E+00  0.22529130E+00  0.50648637E+01 -0.19729048E+00 -0.19918425E-01 -0.30027500E-02  0.19298459E+01  0.61757661E-01  0.51121511E-01  0.52717067E-01 -0.76674029E-01  0.12068001E-01  0.15928965E-01  0.80333966E-05 -0.10043030E+01
   0.10689688E+01  0.13475100E+04  0.14571424E+00 -0.87267987E-01  0.12172727E+02  0.25329216E+01  0.12742607E+00  0.11837465E+00  0.22273268E+00  0.72667303E+01 -0.15125947E+00 -0.13069962E-01 -0.52057756E-02  0.20162046E+01  0.77815600E-01  0.25412148E-01  0.29888533E-01 -0.17140608E-01  0.72106076E-02  0.15748061E-01  0.33502292E-05 -0.17423096E+01
   0.11426973E+01  0.14404501E+04  0.15340719E+00 -0.80154404E-01  0.12422030E+02  0.20382259E+01  0.38169887E-01  0.54295707E-01  0.23130462E+00  0.83517933E+01 -0.94434716E-01 -0.54404200E-02 -0.51477221E-02  0.96775818E+00  0.70540868E-01  0.32595519E-02  0.38361459E-02  0.19716248E-02  0.30052636E-02  0.16354131E-01  0.96958456E-06 -0.23369141E+01
   0.12214950E+01  0.15397800E+04  0.17744322E+00 -0.31577721E-01  0.13674599E+02  0.82314736E+00  0.17952517E-02  0.27504794E-02  0.16856883E-01  0.81740385E+00 -0.60430975E-02 -0.19016107E-03 -0.24391418E-03  0.30671401E-01  0.39082021E-02  0.33535714E-04  0.49426872E-04  0.62252744E-04  0.13685635E-03  0.11918468E-02  0.70717606E-05 -0.18670654E+01
   0.13057426E+01  0.16459800E+04  0.19201104E+00 -0.55375620E-03  0.15642301E+02  0.47539949E+00  0.61728446E-04  0.12878797E-03  0.26411057E-03  0.28940013E-01 -0.52481188E-04 -0.11648098E-05 -0.20783561E-05  0.17720534E-03  0.29513504E-01  0.26151936E-07  0.10218910E-06  0.18047849E-06  0.52217038E-05  0.18673638E-04  0.10232916E-04 -0.90118408E+00
   0.13957971E+01  0.17595000E+04  0.19187649E+00 -0.77052822E-03  0.16660458E+02  0.36178613E+00  0.90570748E-03  0.12561795E-02  0.18994731E-03  0.27151173E+00 -0.19235193E-04  0.38120714E-07  0.86125816E-07  0.12561095E-03  0.40878472E+00 -0.50123791E-07 -0.16780330E-04 -0.23830669E-05  0.47768779E-04  0.13430009E-04  0.64333990E-05 -0.99844360E+00
   0.14920869E+01  0.18808799E+04  0.19166352E+00 -0.13607453E-02  0.17700445E+02  0.30088565E+00  0.13261870E-02  0.16877756E-02  0.17696439E-03  0.38359383E+00 -0.18968529E-04  0.40797381E-07  0.12486481E-06  0.57010635E-04  0.57445693E+00 -0.28814199E-07 -0.15340571E-04 -0.19195384E-05  0.65669978E-04  0.12512066E-04  0.36873291E-05 -0.11617126E+01
   0.15949926E+01  0.20106000E+04  0.19150102E+00 -0.19556819E-02  0.18784756E+02  0.28049773E+00  0.16782550E-02  0.19726271E-02  0.16732774E-03  0.47639182E+00 -0.14936454E-04  0.31842205E-07  0.10793702E-06  0.15564872E-04  0.69129914E+00 -0.24064491E-07 -0.15859314E-04 -0.20188668E-05  0.78636105E-04  0.11830718E-04  0.27860292E-05 -0.13711548E+01
   0.17049905E+01  0.21492600E+04  0.19136037E+00 -0.24200273E-02  0.19929590E+02  0.27864605E+00  0.20008369E-02  0.21842590E-02  0.15821191E-03  0.56288987E+00 -0.13610661E-04  0.23161251E-07  0.75444881E-07  0.13793840E-05  0.78180802E+00 -0.20680440E-07 -0.15814427E-04 -0.20966895E-05  0.89328147E-04  0.11186194E-04  0.22778490E-05 -0.16127930E+01
   0.18225802E+01  0.22974900E+04  0.19126977E+00 -0.27420402E-02  0.21146927E+02  0.27840704E+00  0.22907485E-02  0.23433655E-02  0.15117289E-03  0.64173341E+00 -0.96322374E-05  0.15231375E-07  0.48018777E-07  0.21749328E-06  0.85176611E+00 -0.16955662E-07 -0.14432666E-04 -0.19759445E-05  0.98177639E-04  0.10688507E-04  0.19117174E-05 -0.18779297E+01
   0.19482853E+01  0.24559500E+04  0.19119893E+00 -0.29492597E-02  0.22444344E+02  0.27829322E+00  0.25334484E-02  0.24595754E-02  0.14645196E-03  0.70733291E+00 -0.12670808E-04  0.99881481E-08  0.27551932E-07  0.12606677E-06  0.90393400E+00 -0.12673492E-07 -0.11656721E-04 -0.16115607E-05  0.10509279E-03  0.10354719E-04  0.15627739E-05 -0.21653137E+01
   0.20826530E+01  0.26253298E+04  0.19115664E+00 -0.30673163E-02  0.23825991E+02  0.27818096E+00  0.27129892E-02  0.25378121E-02  0.14364057E-03  0.75469643E+00 -0.55897026E-05  0.48205901E-08  0.13551203E-07  0.74826801E-07  0.93950337E+00 -0.78922717E-08 -0.76681717E-05 -0.10500734E-05  0.10991108E-03  0.10155944E-04  0.10018201E-05 -0.24776611E+01
   0.22263024E+01  0.28064099E+04  0.19114299E+00 -0.31147334E-02  0.25297821E+02  0.27816281E+00  0.28110154E-02  0.25784643E-02  0.14231936E-03  0.77984542E+00 -0.31918505E-05  0.11537261E-08  0.37989154E-08 -0.15397872E-06  0.95827115E+00 -0.27323279E-08 -0.27408225E-05 -0.36994629E-06  0.11241411E-03  0.10062529E-04  0.30962806E-06 -0.28168945E+01
   0.23798518E+01  0.29999700E+04  0.19114299E+00 -0.31147334E-02  0.26868258E+02  0.27849951E+00  0.28110154E-02  0.25784643E-02  0.14231936E-03  0.77984542E+00  0.44015995E-02  0.00000000E+00  0.00000000E+00 -0.84304738E-05  0.95827115E+00 -0.27355702E-08 -0.27408241E-05 -0.37029147E-06  0.11230323E-03  0.10062529E-04  0.30962806E-06 -0.31823730E+01
