   0.37273613E-03  0.46985999E+00  0.14905388E-01 -0.10579412E-01  0.12293540E+02  0.28829939E+01  0.32651612E+00  0.37562525E+00  0.48512844E+02  0.10045314E+03  0.10006393E+01 -0.17946768E+00  0.18082769E+00  0.38496175E+00  0.22661268E-03 -0.18212426E-05 -0.11401348E-05 -0.13291451E-05  0.45538092E+01  0.11864297E+01  0.35057463E-04  0.11787994E+02
   0.40091385E-03  0.50537997E+00  0.15228913E-01 -0.10809040E-01  0.12292892E+02  0.28828928E+01  0.32651612E+00  0.37907389E+00  0.48207874E+02  0.99516251E+02  0.10064213E+01 -0.18064110E+00  0.18200330E+00  0.38697603E+00  0.22947993E-03  0.68054249E-03 -0.10544565E+00  0.12216400E+00  0.42752080E+01  0.11789714E+01  0.35298286E-04  0.11787018E+02
   0.43101929E-03  0.54332995E+00  0.15570004E-01 -0.11051127E-01  0.12292208E+02  0.28827863E+01  0.32652357E+00  0.38266909E+00  0.47886097E+02  0.98538124E+02  0.10065823E+01 -0.18063197E+00  0.18197975E+00  0.38646480E+00  0.23277533E-03  0.26711206E-04 -0.10452539E+00  0.12254477E+00  0.40170007E+01  0.11711020E+01  0.35555586E-04  0.11785980E+02
   0.46319523E-03  0.58389002E+00  0.15929529E-01 -0.11306288E-01  0.12291488E+02  0.28826742E+01  0.32653946E+00  0.38641337E+00  0.47546772E+02  0.97518547E+02  0.10068213E+01 -0.18063380E+00  0.18196627E+00  0.38631874E+00  0.23624134E-03 -0.64985751E-03 -0.10356107E+00  0.12288547E+00  0.37773199E+01  0.11628035E+01  0.34614361E-04  0.11784851E+02
   0.49760821E-03  0.62726998E+00  0.16308496E-01 -0.11575234E-01  0.12290729E+02  0.28825560E+01  0.32656491E+00  0.39031035E+00  0.47189018E+02  0.96456352E+02  0.10069904E+01 -0.18063670E+00  0.18195331E+00  0.38608083E+00  0.23978874E-03 -0.13502310E-02 -0.10255390E+00  0.12323803E+00  0.35544338E+01  0.11540543E+01  0.33841337E-04  0.11783691E+02
   0.53440110E-03  0.67365003E+00  0.16707519E-01 -0.11858402E-01  0.12289930E+02  0.28824317E+01  0.32660124E+00  0.39435893E+00  0.46812309E+02  0.95351677E+02  0.10065300E+01 -0.18063596E+00  0.18193556E+00  0.38641927E+00  0.24350155E-03 -0.20683194E-02 -0.10149983E+00  0.12360775E+00  0.33470201E+01  0.11448416E+01  0.33413460E-04  0.11782440E+02
   0.57371665E-03  0.72320998E+00  0.17127106E-01 -0.12156149E-01  0.12289092E+02  0.28823009E+01  0.32664979E+00  0.39855641E+00  0.46416286E+02  0.94205040E+02  0.10061992E+01 -0.18063416E+00  0.18191510E+00  0.38647810E+00  0.24743596E-03 -0.28045485E-02 -0.10039887E+00  0.12398848E+00  0.31538999E+01  0.11351564E+01  0.32902059E-04  0.11781158E+02
   0.61574526E-03  0.77618998E+00  0.17568164E-01 -0.12469115E-01  0.12288212E+02  0.28821635E+01  0.32671195E+00  0.40290341E+00  0.46000217E+02  0.93016068E+02  0.10061877E+01 -0.18063276E+00  0.18189406E+00  0.38703293E+00  0.25155948E-03 -0.35615386E-02 -0.99252298E-01  0.12438045E+00  0.29738190E+01  0.11249810E+01  0.32556818E-04  0.11779755E+02
   0.66067732E-03  0.83283001E+00  0.18031448E-01 -0.12797835E-01  0.12287288E+02  0.28820186E+01  0.32678929E+00  0.40739840E+00  0.45563557E+02  0.91784935E+02  0.10066990E+01 -0.18063280E+00  0.18187344E+00  0.38772941E+00  0.25577622E-03 -0.43378263E-02 -0.98059073E-01  0.12478359E+00  0.28057106E+01  0.11143020E+01  0.32146989E-04  0.11778290E+02
   0.70870318E-03  0.89336997E+00  0.18517582E-01 -0.13142748E-01  0.12286318E+02  0.28818669E+01  0.32688341E+00  0.41203773E+00  0.45105915E+02  0.90512360E+02  0.10077170E+01 -0.18063468E+00  0.18185320E+00  0.38725659E+00  0.26004956E-03 -0.51318756E-02 -0.96818149E-01  0.12519501E+00  0.26486526E+01  0.11031100E+01  0.31801173E-04  0.11776733E+02
   0.76003710E-03  0.95807999E+00  0.19027276E-01 -0.13504354E-01  0.12285300E+02  0.28817081E+01  0.32699594E+00  0.41681802E+00  0.44626873E+02  0.89198959E+02  0.10083596E+01 -0.18063566E+00  0.18183047E+00  0.38706946E+00  0.26451255E-03 -0.59400150E-02 -0.95529288E-01  0.12561531E+00  0.25017619E+01  0.10913945E+01  0.31564883E-04  0.11775116E+02
   0.81491709E-03  0.10272601E+01  0.19561313E-01 -0.13883205E-01  0.12284235E+02  0.28815417E+01  0.32712871E+00  0.42173579E+00  0.44125992E+02  0.87845337E+02  0.10079955E+01 -0.18063335E+00  0.18180294E+00  0.38726133E+00  0.26918511E-03 -0.67621553E-02 -0.94192065E-01  0.12604704E+00  0.23642178E+01  0.10791450E+01  0.31204861E-04  0.11773376E+02
   0.87358098E-03  0.11012100E+01  0.20120291E-01 -0.14279720E-01  0.12283122E+02  0.28813674E+01  0.32728347E+00  0.42678514E+00  0.43603039E+02  0.86452736E+02  0.10074931E+01 -0.18062933E+00  0.18177195E+00  0.38703594E+00  0.27403020E-03 -0.75966646E-02 -0.92806764E-01  0.12648799E+00  0.22353125E+01  0.10663556E+01  0.30820156E-04  0.11771576E+02
   0.93629071E-03  0.11802599E+01  0.20704851E-01 -0.14694351E-01  0.12281960E+02  0.28811855E+01  0.32746211E+00  0.43195996E+00  0.43057800E+02  0.85022430E+02  0.10072162E+01 -0.18062475E+00  0.18173887E+00  0.38711184E+00  0.27902148E-03 -0.84418599E-02 -0.91375023E-01  0.12693699E+00  0.21143813E+01  0.10530213E+01  0.30445226E-04  0.11769653E+02
   0.10033319E-02  0.12647700E+01  0.21315660E-01 -0.15127567E-01  0.12280746E+02  0.28809955E+01  0.32766655E+00  0.43725365E+00  0.42490089E+02  0.83555801E+02  0.10074972E+01 -0.18062307E+00  0.18170705E+00  0.38760698E+00  0.28413147E-03 -0.92956210E-02 -0.89895837E-01  0.12739448E+00  0.20008097E+01  0.10391374E+01  0.30317942E-04  0.11767609E+02
   0.10749899E-02  0.13551000E+01  0.21953190E-01 -0.15579695E-01  0.12279480E+02  0.28807969E+01  0.32789865E+00  0.44265708E+00  0.41899994E+02  0.82054810E+02  0.10075407E+01 -0.18062203E+00  0.18167388E+00  0.38796306E+00  0.28937738E-03 -0.10156442E-01 -0.88370733E-01  0.12785481E+00  0.18940661E+01  0.10247060E+01  0.30063977E-04  0.11765503E+02
   0.11515981E-02  0.14516701E+01  0.22618104E-01 -0.16051201E-01  0.12278162E+02  0.28805895E+01  0.32816043E+00  0.44816241E+00  0.41287464E+02  0.80521095E+02  0.10070351E+01 -0.18061838E+00  0.18163604E+00  0.38827404E+00  0.29479639E-03 -0.11022123E-01 -0.86801693E-01  0.12832308E+00  0.17936242E+01  0.10097259E+01  0.29719817E-04  0.11763245E+02
   0.12334657E-02  0.15548699E+01  0.23310632E-01 -0.16542241E-01  0.12276791E+02  0.28803737E+01  0.32845372E+00  0.45375767E+00  0.40652924E+02  0.78957443E+02  0.10071720E+01 -0.18061540E+00  0.18159679E+00  0.38852224E+00  0.30036346E-03 -0.11888348E-01 -0.85189618E-01  0.12879880E+00  0.16990597E+01  0.99420762E+00  0.29490100E-04  0.11760895E+02
   0.13209976E-02  0.16652100E+01  0.24031565E-01 -0.17053369E-01  0.12275364E+02  0.28801491E+01  0.32878056E+00  0.45943493E+00  0.39996346E+02  0.77365387E+02  0.10075468E+01 -0.18061350E+00  0.18155628E+00  0.38906357E+00  0.30607943E-03 -0.12753533E-01 -0.83534360E-01  0.12927811E+00  0.16099019E+01  0.97815037E+00  0.29187506E-04  0.11758392E+02
   0.14145743E-02  0.17831699E+01  0.24781233E-01 -0.17584812E-01  0.12273881E+02  0.28799150E+01  0.32914278E+00  0.46518198E+00  0.39318222E+02  0.75747620E+02  0.10081607E+01 -0.18061422E+00  0.18151590E+00  0.38986027E+00  0.31190811E-03 -0.13615987E-01 -0.81838340E-01  0.12975918E+00  0.15257775E+01  0.96156615E+00  0.28964241E-04  0.11755768E+02
   0.15146005E-02  0.19092599E+01  0.25559906E-01 -0.18136755E-01  0.12272341E+02  0.28796718E+01  0.32954222E+00  0.47098583E+00  0.38619160E+02  0.74107040E+02  0.10085262E+01 -0.18061391E+00  0.18147209E+00  0.39048067E+00  0.31785705E-03 -0.14471990E-01 -0.80103412E-01  0.13024668E+00  0.14463433E+01  0.94446993E+00  0.28833014E-04  0.11753021E+02
   0.16215283E-02  0.20440500E+01  0.26367936E-01 -0.18709434E-01  0.12270744E+02  0.28794191E+01  0.32998067E+00  0.47683403E+00  0.37899761E+02  0.72446381E+02  0.10084714E+01 -0.18061097E+00  0.18142301E+00  0.39064944E+00  0.32397453E-03 -0.15318180E-01 -0.78330763E-01  0.13073926E+00  0.13712695E+01  0.92687631E+00  0.28514201E-04  0.11750122E+02
   0.17358100E-02  0.21881099E+01  0.27205395E-01 -0.19302893E-01  0.12269092E+02  0.28791575E+01  0.33045965E+00  0.48271173E+00  0.37160946E+02  0.70768974E+02  0.10082499E+01 -0.18060718E+00  0.18136999E+00  0.39067692E+00  0.33020505E-03 -0.16152298E-01 -0.76523565E-01  0.13123423E+00  0.13002734E+01  0.90880787E+00  0.28275752E-04  0.11747070E+02
   0.18579928E-02  0.23421299E+01  0.28072750E-01 -0.19917453E-01  0.12267383E+02  0.28788869E+01  0.33098084E+00  0.48860690E+00  0.36403370E+02  0.69077362E+02  0.10083027E+01 -0.18060435E+00  0.18131517E+00  0.39068529E+00  0.33652480E-03 -0.16971063E-01 -0.74683614E-01  0.13173164E+00  0.12330593E+01  0.89028054E+00  0.28116849E-04  0.11743866E+02
   0.19886005E-02  0.25067701E+01  0.28969983E-01 -0.20553088E-01  0.12265615E+02  0.28786073E+01  0.33154565E+00  0.49450397E+00  0.35628174E+02  0.67375031E+02  0.10084893E+01 -0.18060175E+00  0.18125761E+00  0.39070097E+00  0.34295319E-03 -0.17771957E-01 -0.72813146E-01  0.13223456E+00  0.11693916E+01  0.87132233E+00  0.27899137E-04  0.11740509E+02
   0.21282039E-02  0.26827500E+01  0.29897086E-01 -0.21209784E-01  0.12263792E+02  0.28783183E+01  0.33215523E+00  0.50038767E+00  0.34836540E+02  0.65665352E+02  0.10078666E+01 -0.18059510E+00  0.18119232E+00  0.39118859E+00  0.34950272E-03 -0.18552037E-01 -0.70915036E-01  0.13274300E+00  0.11090463E+01  0.85196221E+00  0.27657301E-04  0.11736969E+02
   0.22774460E-02  0.28708801E+01  0.30854201E-01 -0.21887625E-01  0.12261914E+02  0.28780198E+01  0.33281082E+00  0.50624371E+00  0.34029594E+02  0.63951397E+02  0.10070786E+01 -0.18058757E+00  0.18112291E+00  0.39154622E+00  0.35617303E-03 -0.19309692E-01 -0.68992779E-01  0.13325378E+00  0.10518059E+01  0.83222753E+00  0.27490389E-04  0.11733276E+02
   0.24369927E-02  0.30720000E+01  0.31841271E-01 -0.22586558E-01  0.12259981E+02  0.28777122E+01  0.33351332E+00  0.51205689E+00  0.33208679E+02  0.62236504E+02  0.10067061E+01 -0.18058200E+00  0.18105191E+00  0.39144716E+00  0.36292095E-03 -0.20041095E-01 -0.67048848E-01  0.13376512E+00  0.99747962E+00  0.81215125E+00  0.27310047E-04  0.11729401E+02
   0.26076296E-02  0.32870998E+01  0.32858603E-01 -0.23306783E-01  0.12257992E+02  0.28773959E+01  0.33426386E+00  0.51781446E+00  0.32374893E+02  0.60523293E+02  0.10064479E+01 -0.18057580E+00  0.18097620E+00  0.39129001E+00  0.36974862E-03 -0.20743655E-01 -0.65084696E-01  0.13428216E+00  0.94587314E+00  0.79176021E+00  0.27114753E-04  0.11725311E+02
   0.27899283E-02  0.35168998E+01  0.33904869E-01 -0.24047351E-01  0.12255949E+02  0.28770709E+01  0.33506224E+00  0.52349502E+00  0.31530676E+02  0.58816952E+02  0.10064638E+01 -0.18056914E+00  0.18089576E+00  0.39156169E+00  0.37669844E-03 -0.21415832E-01 -0.63105822E-01  0.13481013E+00  0.89688134E+00  0.77111399E+00  0.26945996E-04  0.11721039E+02
   0.29846022E-02  0.37623000E+01  0.34979347E-01 -0.24807725E-01  0.12253853E+02  0.28767369E+01  0.33590832E+00  0.52908158E+00  0.30677975E+02  0.57121315E+02  0.10065756E+01 -0.18056187E+00  0.18081070E+00  0.39232877E+00  0.38375094E-03 -0.22054365E-01 -0.61116066E-01  0.13534604E+00  0.85036981E+00  0.75026035E+00  0.26755526E-04  0.11716553E+02
   0.31930793E-02  0.40250998E+01  0.36084741E-01 -0.25589805E-01  0.12251699E+02  0.28763931E+01  0.33680472E+00  0.53457499E+00  0.29816080E+02  0.55434814E+02  0.10062033E+01 -0.18055071E+00  0.18071711E+00  0.39297438E+00  0.39091392E-03 -0.22660257E-01 -0.59113905E-01  0.13589418E+00  0.80607611E+00  0.72918183E+00  0.26573902E-04  0.11711823E+02
   0.34155976E-02  0.43056002E+01  0.37216991E-01 -0.26390698E-01  0.12249498E+02  0.28760409E+01  0.33774847E+00  0.53994286E+00  0.28949579E+02  0.53766109E+02  0.10057696E+01 -0.18053733E+00  0.18061699E+00  0.39340931E+00  0.39817506E-03 -0.23230905E-01 -0.57110038E-01  0.13645749E+00  0.76402485E+00  0.70799071E+00  0.26413687E-04  0.11706879E+02
   0.36538234E-02  0.46059003E+01  0.38379062E-01 -0.27212486E-01  0.12247243E+02  0.28756797E+01  0.33874202E+00  0.54518759E+00  0.28077625E+02  0.52113079E+02  0.10057372E+01 -0.18052635E+00  0.18051393E+00  0.39385891E+00  0.40554805E-03 -0.23764892E-01 -0.55100430E-01  0.13702841E+00  0.72397399E+00  0.68666619E+00  0.26226357E-04  0.11701691E+02
   0.39082319E-02  0.49266000E+01  0.39567579E-01 -0.28052751E-01  0.12244939E+02  0.28753104E+01  0.33978266E+00  0.55028301E+00  0.27204178E+02  0.50482567E+02  0.10059785E+01 -0.18051690E+00  0.18040729E+00  0.39426079E+00  0.41301196E-03 -0.24260096E-01 -0.53092889E-01  0.13761565E+00  0.68591946E+00  0.66530520E+00  0.26008272E-04  0.11696259E+02
   0.41802516E-02  0.52694998E+01  0.40783394E-01 -0.28912079E-01  0.12242584E+02  0.28749328E+01  0.34087092E+00  0.55522317E+00  0.26329979E+02  0.48875126E+02  0.10059803E+01 -0.18050435E+00  0.18029277E+00  0.39484495E+00  0.42058129E-03 -0.24715379E-01 -0.51088672E-01  0.13822491E+00  0.64971453E+00  0.64392579E+00  0.25893503E-04  0.11690521E+02
   0.44708345E-02  0.56357999E+01  0.42024761E-01 -0.29789215E-01  0.12240185E+02  0.28745472E+01  0.34200507E+00  0.55999207E+00  0.25457611E+02  0.47294609E+02  0.10055560E+01 -0.18048778E+00  0.18016803E+00  0.39558074E+00  0.42828318E-03 -0.25129203E-01 -0.49092427E-01  0.13886051E+00  0.61530018E+00  0.62259114E+00  0.25759509E-04  0.11684540E+02
   0.47816462E-02  0.60275998E+01  0.43292593E-01 -0.30684769E-01  0.12237740E+02  0.28741531E+01  0.34318554E+00  0.56458509E+00  0.24587740E+02  0.45741199E+02  0.10051588E+01 -0.18046919E+00  0.18003508E+00  0.39632985E+00  0.43614855E-03 -0.25503155E-01 -0.47104806E-01  0.13952798E+00  0.58254790E+00  0.60131758E+00  0.25573954E-04  0.11678253E+02
   0.51141148E-02  0.64466996E+01  0.44586215E-01 -0.31598244E-01  0.12235250E+02  0.28737514E+01  0.34441134E+00  0.56899190E+00  0.23722113E+02  0.44216949E+02  0.10050191E+01 -0.18044989E+00  0.17989542E+00  0.39675114E+00  0.44419518E-03 -0.25836732E-01 -0.45129318E-01  0.14022669E+00  0.55138147E+00  0.58014780E+00  0.25409709E-04  0.11671631E+02
   0.54691923E-02  0.68943000E+01  0.45902815E-01 -0.32527626E-01  0.12232719E+02  0.28733430E+01  0.34567931E+00  0.57319677E+00  0.22863783E+02  0.42726025E+02  0.10050999E+01 -0.18043105E+00  0.17974973E+00  0.39711079E+00  0.45236951E-03 -0.26128748E-01 -0.43171052E-01  0.14096576E+00  0.52177542E+00  0.55915654E+00  0.25280546E-04  0.11664703E+02
   0.58487826E-02  0.73728004E+01  0.47242865E-01 -0.33473216E-01  0.12230148E+02  0.28729277E+01  0.34698930E+00  0.57719600E+00  0.22013550E+02  0.41268440E+02  0.10049567E+01 -0.18040916E+00  0.17959408E+00  0.39760748E+00  0.46070904E-03 -0.26379999E-01 -0.41230936E-01  0.14174685E+00  0.49362913E+00  0.53836322E+00  0.25126823E-04  0.11657440E+02
   0.62547894E-02  0.78846002E+01  0.48606168E-01 -0.34434844E-01  0.12227539E+02  0.28725054E+01  0.34834048E+00  0.58098423E+00  0.21172596E+02  0.39844860E+02  0.10048561E+01 -0.18038380E+00  0.17942773E+00  0.39806747E+00  0.46928672E-03 -0.26590550E-01 -0.39310798E-01  0.14257945E+00  0.46686515E+00  0.51779687E+00  0.24932366E-04  0.11649780E+02
   0.66886409E-02  0.84315004E+01  0.49990509E-01 -0.35410918E-01  0.12224894E+02  0.28720772E+01  0.34973028E+00  0.58455157E+00  0.20343237E+02  0.38457794E+02  0.10045825E+01 -0.18035354E+00  0.17924939E+00  0.39859846E+00  0.47811260E-03 -0.26760478E-01 -0.37414305E-01  0.14347520E+00  0.44144782E+00  0.49751404E+00  0.24783667E-04  0.11641754E+02
   0.71522403E-02  0.90158997E+01  0.51394951E-01 -0.36400743E-01  0.12222219E+02  0.28716433E+01  0.35115701E+00  0.58789307E+00  0.19526882E+02  0.37108086E+02  0.10038495E+01 -0.18031776E+00  0.17905797E+00  0.39930078E+00  0.48717071E-03 -0.26889700E-01 -0.35542876E-01  0.14442411E+00  0.41731721E+00  0.47754928E+00  0.24652029E-04  0.11633301E+02
   0.76479688E-02  0.96408005E+01  0.52819483E-01 -0.37404276E-01  0.12219513E+02  0.28712032E+01  0.35262012E+00  0.59100676E+00  0.18724312E+02  0.35795540E+02  0.10035927E+01 -0.18028332E+00  0.17885971E+00  0.39996886E+00  0.49649808E-03 -0.26980063E-01 -0.33697467E-01  0.14544182E+00  0.39440101E+00  0.45792162E+00  0.24514064E-04  0.11624420E+02
   0.81779668E-02  0.10308900E+02  0.54262858E-01 -0.38420603E-01  0.12216778E+02  0.28707581E+01  0.35411787E+00  0.59388858E+00  0.17936916E+02  0.34520889E+02  0.10033476E+01 -0.18024483E+00  0.17864905E+00  0.40055245E+00  0.50614291E-03 -0.27032275E-01 -0.31880274E-01  0.14654747E+00  0.37265131E+00  0.43866509E+00  0.24371420E-04  0.11615112E+02
   0.87443776E-02  0.11022900E+02  0.55723462E-01 -0.39448552E-01  0.12214019E+02  0.28703079E+01  0.35564816E+00  0.59653497E+00  0.17166142E+02  0.33284946E+02  0.10028027E+01 -0.18019995E+00  0.17842326E+00  0.40143755E+00  0.51613717E-03 -0.27047563E-01 -0.30093245E-01  0.14773749E+00  0.35202605E+00  0.41981503E+00  0.24205629E-04  0.11605286E+02
   0.93500558E-02  0.11786401E+02  0.57201099E-01 -0.40487938E-01  0.12211237E+02  0.28698528E+01  0.35721055E+00  0.59894568E+00  0.16412575E+02  0.32087120E+02  0.10023052E+01 -0.18015209E+00  0.17818539E+00  0.40228954E+00  0.52653335E-03 -0.27025815E-01 -0.28336167E-01  0.14902617E+00  0.33246478E+00  0.40138581E+00  0.24060153E-04  0.11594940E+02
   0.99973818E-02  0.12602400E+02  0.58693916E-01 -0.41537423E-01  0.12208436E+02  0.28693936E+01  0.35880280E+00  0.60111874E+00  0.15677540E+02  0.30927982E+02  0.10017200E+01 -0.18009867E+00  0.17793263E+00  0.40307027E+00  0.53733023E-03 -0.26966626E-01 -0.26610382E-01  0.15041982E+00  0.31393155E+00  0.38340980E+00  0.23916980E-04  0.11584076E+02
   0.10689212E-01  0.13474501E+02  0.60200799E-01 -0.42596184E-01  0.12205620E+02  0.28689306E+01  0.36042362E+00  0.60305423E+00  0.14961831E+02  0.29807312E+02  0.10010798E+01 -0.18003885E+00  0.17766388E+00  0.40395975E+00  0.54859539E-03 -0.26872776E-01 -0.24917893E-01  0.15193753E+00  0.29638076E+00  0.36590645E+00  0.23768112E-04  0.11572632E+02
   0.11428878E-01  0.14406900E+02  0.61721187E-01 -0.43663781E-01  0.12202789E+02  0.28684640E+01  0.36207271E+00  0.60475355E+00  0.14265884E+02  0.28724333E+02  0.10006484E+01 -0.17997456E+00  0.17738050E+00  0.40493944E+00  0.56039146E-03 -0.26744558E-01 -0.23258211E-01  0.15358447E+00  0.27976286E+00  0.34888637E+00  0.23623066E-04  0.11560547E+02
   0.12219710E-01  0.15403801E+02  0.63253984E-01 -0.44739403E-01  0.12199946E+02  0.28679938E+01  0.36374900E+00  0.60621792E+00  0.13590282E+02  0.27678530E+02  0.10001644E+01 -0.17990369E+00  0.17707984E+00  0.40610784E+00  0.57275197E-03 -0.26581759E-01 -0.21630341E-01  0.15537709E+00  0.26403630E+00  0.33236384E+00  0.23467406E-04  0.11547821E+02
   0.13064804E-01  0.16469101E+02  0.64797267E-01 -0.45821648E-01  0.12197097E+02  0.28675210E+01  0.36545092E+00  0.60744858E+00  0.12935853E+02  0.26669771E+02  0.99951196E+00 -0.17982697E+00  0.17676246E+00  0.40713379E+00  0.58573060E-03 -0.26383765E-01 -0.20034909E-01  0.15732196E+00  0.24916863E+00  0.31635913E+00  0.23332916E-04  0.11534424E+02
   0.13968443E-01  0.17608200E+02  0.66350885E-01 -0.46910372E-01  0.12194242E+02  0.28670459E+01  0.36717901E+00  0.60844910E+00  0.12302566E+02  0.25696701E+02  0.99872130E+00 -0.17974199E+00  0.17642573E+00  0.40809751E+00  0.59940683E-03 -0.26151614E-01 -0.18471221E-01  0.15943751E+00  0.23511180E+00  0.30087146E+00  0.23174522E-04  0.11520264E+02
   0.14934196E-01  0.18825600E+02  0.67912899E-01 -0.48004162E-01  0.12191386E+02  0.28665688E+01  0.36893219E+00  0.60922188E+00  0.11691012E+02  0.24758963E+02  0.99782258E+00 -0.17964552E+00  0.17606629E+00  0.40924636E+00  0.61381736E-03 -0.25885202E-01 -0.16939305E-01  0.16174984E+00  0.22183529E+00  0.28591532E+00  0.23010803E-04  0.11505310E+02
   0.15966825E-01  0.20127300E+02  0.69482878E-01 -0.49102675E-01  0.12188532E+02  0.28660898E+01  0.37071124E+00  0.60977077E+00  0.11101081E+02  0.23855204E+02  0.99696797E+00 -0.17953938E+00  0.17568526E+00  0.41059974E+00  0.62903075E-03 -0.25583632E-01 -0.15437463E-01  0.16426861E+00  0.20929654E+00  0.27148795E+00  0.22862963E-04  0.11489532E+02
   0.17070374E-01  0.21518400E+02  0.71058847E-01 -0.50204474E-01  0.12185683E+02  0.28656094E+01  0.37251553E+00  0.61009949E+00  0.10533166E+02  0.22984911E+02  0.99613088E+00 -0.17942500E+00  0.17528395E+00  0.41205767E+00  0.64510043E-03 -0.25248023E-01 -0.13965761E-01  0.16701625E+00  0.19746709E+00  0.25759903E+00  0.22719627E-04  0.11472870E+02
   0.18250315E-01  0.23005800E+02  0.72640479E-01 -0.51309288E-01  0.12182841E+02  0.28651280E+01  0.37434655E+00  0.61021250E+00  0.99869719E+01  0.22146576E+02  0.99507236E+00 -0.17930105E+00  0.17486008E+00  0.41328427E+00  0.66215411E-03 -0.24874737E-01 -0.12520733E-01  0.16997588E+00  0.18630686E+00  0.24424131E+00  0.22562343E-04  0.11455231E+02
   0.19511411E-01  0.24595499E+02  0.74226029E-01 -0.52415837E-01  0.12180013E+02  0.28646464E+01  0.37620461E+00  0.61011428E+00  0.94626446E+01  0.21339437E+02  0.99355334E+00 -0.17916037E+00  0.17440638E+00  0.41439462E+00  0.68024744E-03 -0.24462314E-01 -0.11101292E-01  0.17317924E+00  0.17578788E+00  0.23141837E+00  0.22395254E-04  0.11436584E+02
   0.20859374E-01  0.26294701E+02  0.75814515E-01 -0.53523384E-01  0.12177201E+02  0.28641651E+01  0.37809128E+00  0.60980976E+00  0.89599590E+01  0.20562305E+02  0.99200672E+00 -0.17900516E+00  0.17392507E+00  0.41589993E+00  0.69945556E-03 -0.24010908E-01 -0.97063147E-02  0.17667398E+00  0.16587724E+00  0.21912470E+00  0.22244634E-04  0.11416870E+02
   0.22300625E-01  0.28111500E+02  0.77405281E-01 -0.54631423E-01  0.12174408E+02  0.28636832E+01  0.38000894E+00  0.60930395E+00  0.84785404E+01  0.19813835E+02  0.99050611E+00 -0.17883751E+00  0.17341806E+00  0.41775063E+00  0.71988598E-03 -0.23516415E-01 -0.83325980E-02  0.18045749E+00  0.15654163E+00  0.20735112E+00  0.22084083E-04  0.11395996E+02
   0.23841595E-01  0.30054001E+02  0.78997172E-01 -0.55739105E-01  0.12171637E+02  0.28632016E+01  0.38196000E+00  0.60860211E+00  0.80181227E+01  0.19092899E+02  0.98860389E+00 -0.17864886E+00  0.17287523E+00  0.41935906E+00  0.74163231E-03 -0.22976555E-01 -0.69781039E-02  0.18454488E+00  0.14775251E+00  0.19609116E+00  0.21925693E-04  0.11373901E+02
   0.25488470E-01  0.32130001E+02  0.80588415E-01 -0.56845117E-01  0.12168894E+02  0.28627212E+01  0.38394645E+00  0.60770988E+00  0.75785508E+01  0.18398674E+02  0.98677599E+00 -0.17844647E+00  0.17230421E+00  0.42074725E+00  0.76480734E-03 -0.22389347E-01 -0.56404485E-02  0.18896747E+00  0.13948540E+00  0.18534099E+00  0.21756396E-04  0.11350494E+02
   0.27247196E-01  0.34347000E+02  0.82176797E-01 -0.57947893E-01  0.12166181E+02  0.28622427E+01  0.38597026E+00  0.60663372E+00  0.71596980E+01  0.17730474E+02  0.98534858E+00 -0.17823803E+00  0.17171285E+00  0.42262730E+00  0.78949583E-03 -0.21752223E-01 -0.43181260E-02  0.19372980E+00  0.13171826E+00  0.17509753E+00  0.21582602E-04  0.11325684E+02
   0.29129678E-01  0.36720001E+02  0.83764873E-01 -0.59049137E-01  0.12163494E+02  0.28617647E+01  0.38804027E+00  0.60537678E+00  0.67601848E+01  0.17085655E+02  0.98325622E+00 -0.17799893E+00  0.17107534E+00  0.42475948E+00  0.81584801E-03 -0.21059597E-01 -0.30047700E-02  0.19885838E+00  0.12440771E+00  0.16532703E+00  0.21416527E-04  0.11299347E+02
   0.31140674E-01  0.39255001E+02  0.85348457E-01 -0.60145903E-01  0.12160848E+02  0.28612885E+01  0.39015725E+00  0.60394692E+00  0.63803287E+01  0.16464397E+02  0.98087609E+00 -0.17773572E+00  0.17040017E+00  0.42681241E+00  0.84393768E-03 -0.20305187E-01 -0.16975552E-02  0.20437895E+00  0.11754379E+00  0.15603727E+00  0.21242749E-04  0.11271454E+02
   0.33292081E-01  0.41966999E+02  0.86928852E-01 -0.61239026E-01  0.12158237E+02  0.28608141E+01  0.39233005E+00  0.60234755E+00  0.60190673E+01  0.15864736E+02  0.97869599E+00 -0.17745982E+00  0.16969575E+00  0.42897436E+00  0.87399193E-03 -0.19484922E-01 -0.39250354E-03  0.21028557E+00  0.11109282E+00  0.14720227E+00  0.21069383E-04  0.11241791E+02
   0.35591040E-01  0.44865002E+02  0.88503219E-01 -0.62326498E-01  0.12155668E+02  0.28603420E+01  0.39456260E+00  0.60058624E+00  0.56762843E+01  0.15286311E+02  0.97552669E+00 -0.17714117E+00  0.16893250E+00  0.43110183E+00  0.90609328E-03 -0.18595301E-01  0.91288838E-03  0.21655525E+00  0.10503978E+00  0.13881917E+00  0.20891381E-04  0.11210358E+02
   0.38047072E-01  0.47960999E+02  0.90070292E-01 -0.63407376E-01  0.12153152E+02  0.28598726E+01  0.39686170E+00  0.59866899E+00  0.53514547E+01  0.14728243E+02  0.97192270E+00 -0.17678854E+00  0.16812044E+00  0.43342978E+00  0.94034622E-03 -0.17631201E-01  0.22232207E-02  0.22321063E+00  0.99363588E-01  0.13087514E+00  0.20707994E-04  0.11176941E+02
   0.40674455E-01  0.51273003E+02  0.91631226E-01 -0.64482421E-01  0.12150684E+02  0.28594050E+01  0.39923882E+00  0.59659839E+00  0.50435581E+01  0.14188859E+02  0.96882159E+00 -0.17642476E+00  0.16728079E+00  0.43594897E+00  0.97698718E-03 -0.16586913E-01  0.35435029E-02  0.23028338E+00  0.94035856E-01  0.12334522E+00  0.20528973E-04  0.11141449E+02
   0.43480333E-01  0.54810001E+02  0.93182459E-01 -0.65549113E-01  0.12148270E+02  0.28589411E+01  0.40169916E+00  0.59438342E+00  0.47525067E+01  0.13668151E+02  0.96551245E+00 -0.17603251E+00  0.16639557E+00  0.43846482E+00  0.10161556E-02 -0.15452475E-01  0.48787529E-02  0.23778063E+00  0.89045793E-01  0.11622728E+00  0.20341718E-04  0.11103760E+02
   0.46483733E-01  0.58596001E+02  0.94726667E-01 -0.66609226E-01  0.12145907E+02  0.28584790E+01  0.40425888E+00  0.59202409E+00  0.44770370E+01  0.13164055E+02  0.96148342E+00 -0.17559221E+00  0.16544569E+00  0.44111723E+00  0.10580876E-02 -0.14223492E-01  0.62348335E-02  0.24563767E+00  0.84363222E-01  0.10949039E+00  0.20150455E-04  0.11063599E+02
   0.49691807E-01  0.62640003E+02  0.96259728E-01 -0.67659900E-01  0.12143608E+02  0.28580205E+01  0.40692389E+00  0.58952993E+00  0.42171211E+01  0.12676837E+02  0.95727849E+00 -0.17511809E+00  0.16444592E+00  0.44392452E+00  0.11028693E-02 -0.12892799E-01  0.76156119E-02  0.25385880E+00  0.79980403E-01  0.10313388E+00  0.19962819E-04  0.11020966E+02
   0.53121209E-01  0.66963005E+02  0.97782098E-01 -0.68701364E-01  0.12141369E+02  0.28575649E+01  0.40970877E+00  0.58690393E+00  0.39719090E+01  0.12205317E+02  0.95298225E+00 -0.17460765E+00  0.16339359E+00  0.44707400E+00  0.11507674E-02 -0.11451651E-01  0.90284245E-02  0.26242244E+00  0.75876296E-01  0.97136982E-01  0.19765859E-04  0.10975555E+02
   0.56786217E-01  0.71583000E+02  0.99292539E-01 -0.69732741E-01  0.12139195E+02  0.28571124E+01  0.41262609E+00  0.58415085E+00  0.37408395E+01  0.11748899E+02  0.94819301E+00 -0.17404720E+00  0.16227585E+00  0.44990867E+00  0.12019862E-02 -0.98846275E-02  0.10483322E-01  0.27132300E+00  0.72035648E-01  0.91485947E-01  0.19564746E-04  0.10927277E+02
   0.60705870E-01  0.76524002E+02  0.10079145E+00 -0.70754245E-01  0.12137088E+02  0.28566632E+01  0.41569209E+00  0.58127284E+00  0.35231338E+01  0.11306575E+02  0.94293439E+00 -0.17344061E+00  0.16109410E+00  0.45300320E+00  0.12567883E-02 -0.81952587E-02  0.11980653E-01  0.28042734E+00  0.68440326E-01  0.86161733E-01  0.19363291E-04  0.10875854E+02
   0.64894453E-01  0.81804001E+02  0.10227697E+00 -0.71764544E-01  0.12135053E+02  0.28562167E+01  0.41891879E+00  0.57827556E+00  0.33183565E+01  0.10878078E+02  0.93733114E+00 -0.17278707E+00  0.15984991E+00  0.45651221E+00  0.13153561E-02 -0.63830605E-02  0.13523709E-01  0.28965595E+00  0.65078683E-01  0.81153706E-01  0.19160278E-04  0.10821075E+02
   0.69373377E-01  0.87449997E+02  0.10374941E+00 -0.72763808E-01  0.12133088E+02  0.28557730E+01  0.42232338E+00  0.57516003E+00  0.31257672E+01  0.10462530E+02  0.93147284E+00 -0.17208821E+00  0.15854378E+00  0.45970845E+00  0.13780104E-02 -0.44210600E-02  0.15129162E-01  0.29902172E+00  0.61934479E-01  0.76443739E-01  0.18950899E-04  0.10762756E+02
   0.74159309E-01  0.93482994E+02  0.10520718E+00 -0.73750898E-01  0.12131200E+02  0.28553329E+01  0.42591864E+00  0.57193130E+00  0.29449043E+01  0.10059685E+02  0.92527354E+00 -0.17133713E+00  0.15716931E+00  0.46352986E+00  0.14449707E-02 -0.23112295E-02  0.16798995E-01  0.30838111E+00  0.58996741E-01  0.72020561E-01  0.18738119E-04  0.10700592E+02
   0.79278424E-01  0.99936005E+02  0.10665116E+00 -0.74726351E-01  0.12129385E+02  0.28548942E+01  0.42972353E+00  0.56858766E+00  0.27750037E+01  0.96686678E+01  0.91841102E+00 -0.17051472E+00  0.15570945E+00  0.46769431E+00  0.15166008E-02 -0.17680954E-04  0.18555790E-01  0.31774211E+00  0.56249980E-01  0.67865469E-01  0.18526940E-04  0.10634338E+02
   0.84747382E-01  0.10683000E+03  0.10807917E+00 -0.75688660E-01  0.12127653E+02  0.28544581E+01  0.43374702E+00  0.56513441E+00  0.26156909E+01  0.92894716E+01  0.91052485E+00 -0.16961323E+00  0.15415575E+00  0.47136918E+00  0.15931415E-02  0.23990571E-02  0.20371240E-01  0.32662335E+00  0.53685475E-01  0.63969322E-01  0.18309738E-04  0.10563751E+02
   0.90594731E-01  0.11420100E+03  0.10949216E+00 -0.76638386E-01  0.12126003E+02  0.28540242E+01  0.43800250E+00  0.56156927E+00  0.24662688E+01  0.89213448E+01  0.90224069E+00 -0.16865440E+00  0.15252879E+00  0.47541255E+00  0.16749727E-02  0.49599963E-02  0.22261746E-01  0.33497846E+00  0.51289476E-01  0.60315050E-01  0.18088407E-04  0.10488464E+02
   0.96846662E-01  0.12208199E+03  0.11088972E+00 -0.77575207E-01  0.12124437E+02  0.28535912E+01  0.44250089E+00  0.55789173E+00  0.23261943E+01  0.85639858E+01  0.89330411E+00 -0.16760610E+00  0.15080070E+00  0.47995490E+00  0.17624191E-02  0.77396780E-02  0.24269478E-01  0.34303156E+00  0.49051233E-01  0.56889389E-01  0.17866054E-04  0.10408173E+02
   0.10352698E+00  0.13050301E+03  0.11227064E+00 -0.78498259E-01  0.12122958E+02  0.28531594E+01  0.44724891E+00  0.55410266E+00  0.21950154E+01  0.82173052E+01  0.88458705E+00 -0.16652091E+00  0.14901789E+00  0.48512152E+00  0.18558376E-02  0.10724739E-01  0.26393270E-01  0.35055852E+00  0.46961706E-01  0.53681284E-01  0.17639786E-04  0.10322540E+02
   0.11066899E+00  0.13950601E+03  0.11363554E+00 -0.79407893E-01  0.12121558E+02  0.28527274E+01  0.45225370E+00  0.55019701E+00  0.20721362E+01  0.78807693E+01  0.87496448E+00 -0.16534734E+00  0.14713475E+00  0.49016374E+00  0.19557343E-02  0.13931611E-01  0.28645808E-01  0.35733020E+00  0.45009647E-01  0.50676148E-01  0.17410939E-04  0.10231201E+02
   0.11830600E+00  0.14913300E+03  0.11498471E+00 -0.80304250E-01  0.12120250E+02  0.28522956E+01  0.45751587E+00  0.54617041E+00  0.19570359E+01  0.75540428E+01  0.86391777E+00 -0.16404429E+00  0.14511575E+00  0.49488676E+00  0.20625151E-02  0.17256113E-01  0.30980887E-01  0.36290962E+00  0.43185242E-01  0.47861256E-01  0.17180790E-04  0.10133698E+02
   0.12646660E+00  0.15942000E+03  0.11631713E+00 -0.81186578E-01  0.12119028E+02  0.28518629E+01  0.46302807E+00  0.54202038E+00  0.18493042E+01  0.72371449E+01  0.85298526E+00 -0.16269659E+00  0.14303587E+00  0.50073940E+00  0.21765602E-02  0.20837253E-01  0.33475269E-01  0.36757258E+00  0.41480534E-01  0.45226570E-01  0.16945633E-04  0.10029694E+02
   0.13519123E+00  0.17041800E+03  0.11763364E+00 -0.82055375E-01  0.12117893E+02  0.28514280E+01  0.46878350E+00  0.53773814E+00  0.17484108E+01  0.69296756E+01  0.84083402E+00 -0.16122942E+00  0.14082915E+00  0.50698358E+00  0.22985395E-02  0.24590546E-01  0.36091428E-01  0.37088481E+00  0.39885715E-01  0.42759124E-01  0.16707541E-04  0.99186401E+01
   0.14451796E+00  0.18217500E+03  0.11893439E+00 -0.82910657E-01  0.12116850E+02  0.28509901E+01  0.47476548E+00  0.53331614E+00  0.16539143E+01  0.66315022E+01  0.82773322E+00 -0.15964134E+00  0.13849473E+00  0.51311338E+00  0.24289645E-02  0.28528547E-01  0.38842261E-01  0.37288833E+00  0.38392454E-01  0.40448118E-01  0.16468954E-04  0.98001099E+01
   0.15448727E+00  0.19474200E+03  0.12021929E+00 -0.83752282E-01  0.12115895E+02  0.28505485E+01  0.48095736E+00  0.52874494E+00  0.15653881E+01  0.63425498E+01  0.81436610E+00 -0.15797089E+00  0.13606806E+00  0.51932067E+00  0.25684414E-02  0.32748125E-01  0.41784439E-01  0.37383047E+00  0.36992870E-01  0.38283121E-01  0.16227528E-04  0.96735535E+01
   0.16514434E+00  0.20817601E+03  0.12148885E+00 -0.84580511E-01  0.12115028E+02  0.28501029E+01  0.48733556E+00  0.52401227E+00  0.14824057E+01  0.60626607E+01  0.80009687E+00 -0.15618683E+00  0.13352336E+00  0.52582377E+00  0.27177122E-02  0.37177064E-01  0.44888079E-01  0.37328508E+00  0.35679009E-01  0.36253702E-01  0.15984564E-04  0.95384521E+01
   0.17653680E+00  0.22253700E+03  0.12274348E+00 -0.85395522E-01  0.12114251E+02  0.28496516E+01  0.49386466E+00  0.51910448E+00  0.14045683E+01  0.57917390E+01  0.78474367E+00 -0.15426177E+00  0.13083701E+00  0.53290212E+00  0.28775241E-02  0.41774027E-01  0.48138577E-01  0.37100014E+00  0.34443136E-01  0.34350112E-01  0.15739410E-04  0.93941345E+01
   0.18871462E+00  0.23788800E+03  0.12398353E+00 -0.86197428E-01  0.12113564E+02  0.28491929E+01  0.50050151E+00  0.51400626E+00  0.13314990E+01  0.55297608E+01  0.76831257E+00 -0.15219724E+00  0.12800980E+00  0.54052085E+00  0.30487515E-02  0.46510100E-01  0.51527571E-01  0.36694223E+00  0.33277862E-01  0.32563131E-01  0.15491769E-04  0.92400208E+01
   0.20173255E+00  0.25429800E+03  0.12520972E+00 -0.86986557E-01  0.12112967E+02  0.28487251E+01  0.50719780E+00  0.50869983E+00  0.12628343E+01  0.52766604E+01  0.75086385E+00 -0.15000130E+00  0.12505144E+00  0.54858226E+00  0.32323487E-02  0.51535249E-01  0.55134349E-01  0.36142519E+00  0.32175925E-01  0.30883867E-01  0.15243424E-04  0.90754089E+01
   0.21564768E+00  0.27183899E+03  0.12642266E+00 -0.87763205E-01  0.12112462E+02  0.28482468E+01  0.51389807E+00  0.50316572E+00  0.11982352E+01  0.50324478E+01  0.73277569E+00 -0.14769231E+00  0.12197819E+00  0.55744946E+00  0.34293919E-02  0.56819886E-01  0.58949616E-01  0.35438859E+00  0.31130463E-01  0.29304031E-01  0.14993345E-04  0.88995667E+01
   0.23052429E+00  0.29059201E+03  0.12762319E+00 -0.88527724E-01  0.12112046E+02  0.28477557E+01  0.52053916E+00  0.49738064E+00  0.11373672E+01  0.47971387E+01  0.71288490E+00 -0.14517602E+00  0.11871359E+00  0.56658417E+00  0.36411362E-02  0.62241402E-01  0.62916994E-01  0.34550583E+00  0.30134480E-01  0.27815444E-01  0.14741778E-04  0.87117004E+01
   0.24643613E+00  0.31064999E+03  0.12881276E+00 -0.89280896E-01  0.12111730E+02  0.28472490E+01  0.52704471E+00  0.49131712E+00  0.10799028E+01  0.45706887E+01  0.69145358E+00 -0.14248475E+00  0.11528714E+00  0.57613409E+00  0.38691107E-02  0.67762800E-01  0.67019403E-01  0.33462062E+00  0.29180732E-01  0.26410094E-01  0.14490562E-04  0.85108948E+01
   0.26342845E+00  0.33207001E+03  0.12999068E+00 -0.90022057E-01  0.12111508E+02  0.28467245E+01  0.53331184E+00  0.48495787E+00  0.10256399E+01  0.43535457E+01  0.66891390E+00 -0.13964492E+00  0.11172302E+00  0.58598906E+00  0.41145394E-02  0.73379174E-01  0.71252063E-01  0.32182515E+00  0.28263858E-01  0.25083041E-01  0.14241077E-04  0.82965698E+01
   0.28158692E+00  0.35496002E+03  0.13115883E+00 -0.90752192E-01  0.12111391E+02  0.28461802E+01  0.53924471E+00  0.47826916E+00  0.97426558E+00  0.41457510E+01  0.64524186E+00 -0.13662297E+00  0.10799436E+00  0.59572381E+00  0.43793973E-02  0.79223603E-01  0.75680256E-01  0.30739108E+00  0.27376479E-01  0.23826633E-01  0.13992482E-04  0.80676575E+01
   0.30100667E+00  0.37944000E+03  0.13231902E+00 -0.91472134E-01  0.12111373E+02  0.28456120E+01  0.54473358E+00  0.47121331E+00  0.92549020E+00  0.39474444E+01  0.62004960E+00 -0.13337950E+00  0.10406881E+00  0.60617673E+00  0.46660258E-02  0.85045092E-01  0.80176733E-01  0.29095277E+00  0.26511300E-01  0.22633782E-01  0.13742104E-04  0.78229370E+01
   0.32178301E+00  0.40563004E+03  0.13347289E+00 -0.92182562E-01  0.12111470E+02  0.28450148E+01  0.54964817E+00  0.46375129E+00  0.87906778E+00  0.37589273E+01  0.59327161E+00 -0.12990840E+00  0.99949755E-01  0.61739111E+00  0.49769892E-02  0.90861671E-01  0.84745482E-01  0.27262202E+00  0.25661355E-01  0.21498475E-01  0.13493151E-04  0.75612183E+01
   0.34398723E+00  0.43362000E+03  0.13462056E+00 -0.92883199E-01  0.12111678E+02  0.28443844E+01  0.55383682E+00  0.45585158E+00  0.83483046E+00  0.35808516E+01  0.56542653E+00 -0.12626900E+00  0.95683537E-01  0.62979126E+00  0.53148842E-02  0.96869901E-01  0.89473277E-01  0.25270981E+00  0.24820818E-01  0.20416608E-01  0.13248457E-04  0.72816467E+01
   0.36769077E+00  0.46349997E+03  0.13576283E+00 -0.93574040E-01  0.12112014E+02  0.28437140E+01  0.55711842E+00  0.44747987E+00  0.79261583E+00  0.34139273E+01  0.53519267E+00 -0.12237216E+00  0.91205731E-01  0.64245123E+00  0.56827525E-02  0.10254073E+00  0.94078779E-01  0.23051883E+00  0.23983382E-01  0.19384207E-01  0.13006700E-04  0.69833069E+01
   0.39306027E+00  0.49548001E+03  0.13690507E+00 -0.94257809E-01  0.12112487E+02  0.28429945E+01  0.55929524E+00  0.43856740E+00  0.75212854E+00  0.32584677E+01  0.50354701E+00 -0.11828310E+00  0.86569853E-01  0.65645093E+00  0.60856100E-02  0.10826068E+00  0.98736867E-01  0.20658372E+00  0.23139425E-01  0.18394051E-01  0.12769211E-04  0.66640930E+01
   0.42016706E+00  0.52965002E+03  0.13804799E+00 -0.94934225E-01  0.12113111E+02  0.28422151E+01  0.56012726E+00  0.42907628E+00  0.71326900E+00  0.31157646E+01  0.46962023E+00 -0.11390450E+00  0.81705675E-01  0.67033046E+00  0.65278807E-02  0.11353116E+00  0.10316563E+00  0.18050811E+00  0.22282712E-01  0.17443702E-01  0.12534854E-04  0.63231506E+01
   0.44915396E+00  0.56619000E+03  0.13919567E+00 -0.95604792E-01  0.12113913E+02  0.28413644E+01  0.55933911E+00  0.41894081E+00  0.67584825E+00  0.29871197E+01  0.43356329E+00 -0.10924249E+00  0.76620728E-01  0.68494403E+00  0.70159892E-02  0.11835527E+00  0.10733526E+00  0.15247782E+00  0.21404393E-01  0.16528539E-01  0.12306520E-04  0.59587097E+01
   0.48013991E+00  0.60525000E+03  0.14035167E+00 -0.96270517E-01  0.12114913E+02  0.28404217E+01  0.55661118E+00  0.40809816E+00  0.63974100E+00  0.28744807E+01  0.39531296E+00 -0.10429669E+00  0.71325541E-01  0.70090926E+00  0.75575118E-02  0.12271243E+00  0.11119057E+00  0.12271499E+00  0.20496126E-01  0.15645502E-01  0.12086122E-04  0.55692749E+01
   0.51324403E+00  0.64698004E+03  0.14152069E+00 -0.96932672E-01  0.12116153E+02  0.28393643E+01  0.55156583E+00  0.39647999E+00  0.60484290E+00  0.27804956E+01  0.35451975E+00 -0.99020340E-01  0.65794870E-01  0.71750778E+00  0.81618503E-02  0.12618116E+00  0.11446037E+00  0.91141462E-01  0.19549100E-01  0.14792034E-01  0.11872310E-04  0.51533813E+01
   0.54865658E+00  0.69162000E+03  0.14271069E+00 -0.97593844E-01  0.12117681E+02  0.28381543E+01  0.54374719E+00  0.38398352E+00  0.57100588E+00  0.27087827E+01  0.31205770E+00 -0.93481630E-01  0.60074568E-01  0.73619038E+00  0.88424450E-02  0.12878253E+00  0.11709169E+00  0.58137722E-01  0.18551983E-01  0.13964515E-01  0.11667420E-04  0.47087097E+01
   0.58649653E+00  0.73932001E+03  0.14392960E+00 -0.98255813E-01  0.12119558E+02  0.28367438E+01  0.53261840E+00  0.37051532E+00  0.53818047E+00  0.26648271E+01  0.26697671E+00 -0.87646522E-01  0.54149028E-01  0.75519466E+00  0.96157659E-02  0.13015963E+00  0.11881897E+00  0.23921290E-01  0.17494535E-01  0.13161737E-01  0.11471873E-04  0.42338257E+01
   0.62695450E+00  0.79032007E+03  0.14519189E+00 -0.98922707E-01  0.12121894E+02  0.28350565E+01  0.51749825E+00  0.35593569E+00  0.50628906E+00  0.26567173E+01  0.21801628E+00 -0.81423216E-01  0.47967199E-01  0.77452844E+00  0.10505710E-01  0.12993018E+00  0.11933566E+00 -0.11056390E-01  0.16363246E-01  0.12381801E-01  0.11285492E-04  0.37264709E+01
   0.67019683E+00  0.84483002E+03  0.14651646E+00 -0.99598885E-01  0.12124843E+02  0.28329668E+01  0.49755651E+00  0.34008083E+00  0.47532538E+00  0.26972706E+01  0.16585462E+00 -0.74873544E-01  0.41569173E-01  0.79550576E+00  0.11545560E-01  0.12779385E+00  0.11835819E+00 -0.46003453E-01  0.15143885E-01  0.11624554E-01  0.11107631E-04  0.31846619E+01
   0.71641403E+00  0.90309003E+03  0.14793289E+00 -0.10029060E+00  0.12128640E+02  0.28302662E+01  0.47172633E+00  0.32271636E+00  0.44531932E+00  0.28075788E+01  0.11073900E+00 -0.68108469E-01  0.35000805E-01  0.81884724E+00  0.12786020E-01  0.12329868E+00  0.11550187E+00 -0.79868332E-01  0.13818984E-01  0.10890726E-01  0.10933182E-04  0.26063232E+01
   0.76582026E+00  0.96537006E+03  0.14949214E+00 -0.10100730E+00  0.12133688E+02  0.28265646E+01  0.43858379E+00  0.30349120E+00  0.41637510E+00  0.30248246E+01  0.50380342E-01 -0.61160680E-01  0.28208379E-01  0.84528458E+00  0.14308193E-01  0.11575031E+00  0.11020678E+00 -0.11072101E+00  0.12366449E-01  0.10182867E-01  0.10751402E-04  0.19891968E+01
   0.81865346E+00  0.10319700E+04  0.15128845E+00 -0.10176152E+00  0.12140752E+02  0.28210211E+01  0.39622250E+00  0.28184420E+00  0.38873616E+00  0.34194906E+01 -0.17703714E-01 -0.54007895E-01  0.21062491E-01  0.87753284E+00  0.16251763E-01  0.10405583E+00  0.10162707E+00 -0.13455924E+00  0.10758477E-01  0.95069287E-02  0.10536932E-04  0.13312073E+01
   0.87510407E+00  0.11031300E+04  0.15349980E+00 -0.10255829E+00  0.12151375E+02  0.28115423E+01  0.34237328E+00  0.25684154E+00  0.36291093E+00  0.41330700E+01 -0.96315920E-01 -0.45731887E-01  0.13327116E-01  0.90753955E+00  0.18877354E-01  0.86822651E-01  0.88564500E-01 -0.14206514E+00  0.89662252E-02  0.88753467E-02  0.10227692E-04  0.63186646E+00
   0.93548155E+00  0.11792400E+04  0.15643853E+00 -0.10334291E+00  0.12169228E+02  0.27918873E+01  0.27539673E+00  0.22676854E+00  0.33972189E+00  0.54425988E+01 -0.17318659E+00 -0.34853179E-01  0.55537182E-02  0.89646643E+00  0.22722561E-01  0.64798728E-01  0.70577204E-01 -0.11534022E+00  0.69757253E-02  0.83082365E-02  0.96825161E-05 -0.10800171E+00
   0.10000000E+01  0.12605701E+04  0.16050205E+00 -0.10382481E+00  0.12203550E+02  0.27421443E+01  0.19765456E+00  0.18868807E+00  0.32018083E+00  0.76284547E+01 -0.18762822E+00 -0.23751840E-01 -0.37308809E-03  0.88243037E+00  0.28856449E-01  0.41341092E-01  0.49082167E-01 -0.53563599E-01  0.48421519E-02  0.78303404E-02  0.85434531E-05 -0.87841797E+00
   0.10689688E+01  0.13475100E+04  0.16606072E+00 -0.10306255E+00  0.12277444E+02  0.26114085E+01  0.11614199E+00  0.13628294E+00  0.30042508E+00  0.98594437E+01 -0.13645700E+00 -0.14530393E-01 -0.39403741E-02  0.91396636E+00  0.39018657E-01  0.19723557E-01  0.26584495E-01 -0.47020535E-02  0.28943014E-02  0.73471940E-02  0.52447890E-05 -0.16513672E+01
   0.11426973E+01  0.14404501E+04  0.17351094E+00 -0.97992770E-01  0.12452218E+02  0.22706347E+01  0.34152333E-01  0.53603705E-01  0.24272811E+00  0.89097080E+01 -0.81465274E-01 -0.50121322E-02 -0.43443860E-02  0.54843336E+00  0.45604862E-01  0.25121018E-02  0.33794225E-02  0.21346950E-02  0.10416883E-02  0.59361570E-02 -0.69915126E-06 -0.23471069E+01
   0.12214950E+01  0.15397800E+04  0.18544526E+00 -0.64266331E-01  0.13140071E+02  0.10597798E+01  0.11882096E-02  0.19086425E-02  0.16268013E-01  0.10527328E+01 -0.52831243E-02 -0.10462447E-03 -0.19241667E-03  0.12127303E-01  0.17725371E-02  0.13638277E-04  0.22039407E-04  0.22618855E-04  0.43281489E-04  0.39785041E-03  0.42513857E-05 -0.24425964E+01
   0.13057426E+01  0.16459800E+04  0.19274689E+00 -0.36457099E-02  0.15591271E+02  0.47757185E+00  0.21171913E-04  0.78384517E-04  0.25846675E-03  0.23257883E-01 -0.50765837E-04 -0.40472028E-06 -0.13078072E-05  0.36578891E-04  0.99947536E-02  0.11431326E-08  0.38828381E-08  0.17772022E-07  0.15326970E-05  0.63210614E-05  0.11101491E-04 -0.95257568E+00
   0.13957971E+01  0.17595000E+04  0.19272529E+00 -0.37238610E-02  0.16622219E+02  0.36155871E+00  0.12090924E-02  0.18150728E-02  0.28403741E-03  0.74611342E+00 -0.31914788E-04  0.33578880E-08  0.57160872E-07  0.60031805E-04  0.28337422E+00 -0.52166367E-07 -0.33906646E-04 -0.49053306E-05  0.33031662E-04  0.69464168E-05  0.73182337E-05 -0.10366516E+01
   0.14920869E+01  0.18808799E+04  0.19272792E+00 -0.42093690E-02  0.17679157E+02  0.30069727E+00  0.19426050E-02  0.25820674E-02  0.33067635E-03  0.11555722E+01 -0.37130452E-04 -0.49673403E-08  0.13828564E-06  0.34876510E-04  0.41673914E+00 -0.45337728E-07 -0.33187167E-04 -0.50445715E-05  0.48481121E-04  0.80870186E-05  0.39098122E-05 -0.11829529E+01
   0.15949926E+01  0.20106000E+04  0.19279002E+00 -0.47796913E-02  0.18774529E+02  0.28037095E+00  0.25896551E-02  0.31264627E-02  0.34803897E-03  0.15026290E+01 -0.30242138E-04 -0.11344377E-07  0.15351782E-06  0.10930913E-04  0.51709485E+00 -0.44884004E-07 -0.35533478E-04 -0.57767611E-05  0.60273542E-04  0.85116390E-05  0.29512848E-05 -0.13813782E+01
   0.17049905E+01  0.21492600E+04  0.19283158E+00 -0.52715829E-02  0.19923983E+02  0.27841902E+00  0.32078850E-02  0.35361524E-02  0.34454174E-03  0.18358600E+01 -0.27070777E-04 -0.52279994E-08  0.12406657E-06  0.11025917E-05  0.59582365E+00 -0.42290097E-07 -0.36156776E-04 -0.64103615E-05  0.70176269E-04  0.84261101E-05  0.23952380E-05 -0.16183472E+01
   0.18225802E+01  0.22974900E+04  0.19284780E+00 -0.56323837E-02  0.21142082E+02  0.27814367E+00  0.37718313E-02  0.38394870E-02  0.33434952E-03  0.21443634E+01 -0.29133136E-04 -0.33536272E-08  0.83112461E-07  0.18138124E-06  0.65577447E+00 -0.36023774E-07 -0.33360146E-04 -0.63030311E-05  0.78378187E-04  0.81768494E-05  0.19883496E-05 -0.18827209E+01
   0.19482853E+01  0.24559500E+04  0.19287387E+00 -0.58650714E-02  0.22438614E+02  0.27802941E+00  0.42439136E-02  0.40567131E-02  0.32504552E-03  0.24039593E+01 -0.16262573E-04 -0.36833119E-08  0.48707971E-07  0.87466937E-07  0.69959402E+00 -0.27295293E-07 -0.27062239E-04 -0.52924738E-05  0.84783358E-04  0.79493111E-05  0.16125437E-05 -0.21709900E+01
   0.20826530E+01  0.26253298E+04  0.19288559E+00 -0.59920256E-02  0.23820457E+02  0.27794981E+00  0.45927130E-02  0.41999859E-02  0.31885330E-03  0.25938561E+01 -0.15639169E-04 -0.11805932E-08  0.22565377E-07 -0.21221080E-07  0.72902596E+00 -0.17124595E-07 -0.17821441E-04 -0.35244216E-05  0.89249777E-04  0.77978739E-05  0.10407209E-05 -0.24831543E+01
   0.22263024E+01  0.28064099E+04  0.19288822E+00 -0.60396991E-02  0.25293339E+02  0.27809453E+00  0.47839331E-02  0.42738682E-02  0.31588058E-03  0.26959527E+01  0.65056264E-06 -0.14207076E-09  0.61010947E-08 -0.22091498E-06  0.74430686E+00 -0.59630949E-08 -0.63902794E-05 -0.12582695E-05  0.91586211E-04  0.77251734E-05  0.32743057E-06 -0.28213501E+01
   0.23798518E+01  0.29999700E+04  0.19288820E+00 -0.60396991E-02  0.26865652E+02  0.27849951E+00  0.47839331E-02  0.42738682E-02  0.31588058E-03  0.26959538E+01  0.84233265E-02  0.28936390E-10  0.00000000E+00 -0.67534625E-05  0.74430686E+00 -0.59682934E-08 -0.63902817E-05 -0.12591288E-05  0.91509704E-04  0.77251734E-05  0.32743057E-06 -0.31849670E+01
