   0.28991656E-03  0.46985999E+00  0.40776595E-01 -0.29500753E-01  0.11691552E+02  0.27919283E+01  0.25133953E+01  0.36643062E+01  0.86231709E+04  0.40000000E+01 -0.10002906E+01 -0.13502296E+01  0.14150034E+01 -0.11003032E+00  0.11858002E-03 -0.39289422E-04 -0.24468420E-04 -0.92976802E-06  0.39708939E+00  0.51851791E+00  0.34288954E-04  0.11202820E+02
   0.31183340E-03  0.50537997E+00  0.41510630E-01 -0.30031806E-01  0.11694780E+02  0.27923410E+01  0.25133953E+01  0.37820137E+01  0.83727539E+04  0.39135921E+01 -0.10282642E+01 -0.13874656E+01  0.14538082E+01 -0.11288092E+00  0.12437995E-03 -0.17566137E-01 -0.18459156E+01  0.33268932E-01  0.38257292E+00  0.50346017E+00  0.35788540E-04  0.11205627E+02
   0.33524958E-03  0.54332995E+00  0.42254750E-01 -0.30570075E-01  0.11698050E+02  0.27927592E+01  0.25142701E+01  0.38945467E+01  0.81213364E+04  0.38302767E+01 -0.10266989E+01 -0.13873334E+01  0.14531894E+01 -0.11273310E+00  0.13033580E-03 -0.56211423E-01 -0.17607005E+01  0.33307068E-01  0.36795431E+00  0.48834223E+00  0.37390713E-04  0.11208435E+02
   0.36027623E-03  0.58389002E+00  0.43009166E-01 -0.31115700E-01  0.11701365E+02  0.27931831E+01  0.25159492E+01  0.40020528E+01  0.78695659E+04  0.37499216E+01 -0.10252413E+01 -0.13869423E+01  0.14522730E+01 -0.11258628E+00  0.13596077E-03 -0.90556599E-01 -0.16773710E+01  0.33329785E-01  0.35332173E+00  0.47320309E+00  0.38833878E-04  0.11211273E+02
   0.38704288E-03  0.62726998E+00  0.43774545E-01 -0.31669162E-01  0.11704728E+02  0.27936134E+01  0.25183666E+01  0.41047034E+01  0.76179678E+04  0.36723607E+01 -0.10235239E+01 -0.13865343E+01  0.14513110E+01 -0.11245340E+00  0.14127100E-03 -0.12084453E+00 -0.15959235E+01  0.33344179E-01  0.33874622E+00  0.45807430E+00  0.39693350E-04  0.11214111E+02
   0.41566064E-03  0.67365003E+00  0.44550758E-01 -0.32230355E-01  0.11708137E+02  0.27940500E+01  0.25214539E+01  0.42025566E+01  0.73672866E+04  0.35975199E+01 -0.10217444E+01 -0.13861183E+01  0.14503031E+01 -0.11228755E+00  0.14626065E-03 -0.14724557E+00 -0.15163883E+01  0.33352781E-01  0.32430333E+00  0.44300064E+00  0.39983519E-04  0.11216980E+02
   0.44624050E-03  0.72320998E+00  0.45337509E-01 -0.32799058E-01  0.11711591E+02  0.27944922E+01  0.25251422E+01  0.42956595E+01  0.71182676E+04  0.35253315E+01 -0.10197299E+01 -0.13856809E+01  0.14492420E+01 -0.11201905E+00  0.15092664E-03 -0.16992395E+00 -0.14388138E+01  0.33357337E-01  0.31006068E+00  0.42802694E+00  0.40337221E-04  0.11219849E+02
   0.47893063E-03  0.77618998E+00  0.46135213E-01 -0.33375561E-01  0.11715090E+02  0.27949402E+01  0.25293665E+01  0.43841558E+01  0.68713652E+04  0.34556670E+01 -0.10177867E+01 -0.13852074E+01  0.14481100E+01 -0.11172495E+00  0.15528596E-03 -0.18907280E+00 -0.13631805E+01  0.33359408E-01  0.29606313E+00  0.41318050E+00  0.40552270E-04  0.11222748E+02
   0.51387906E-03  0.83283001E+00  0.46944033E-01 -0.33959970E-01  0.11718638E+02  0.27953942E+01  0.25340612E+01  0.44681511E+01  0.66270854E+04  0.33884251E+01 -0.10160950E+01 -0.13847027E+01  0.14469112E+01 -0.11147815E+00  0.15934237E-03 -0.20484430E+00 -0.12894695E+01  0.33363346E-01  0.28235266E+00  0.39849177E+00  0.40523137E-04  0.11225647E+02
   0.55123388E-03  0.89336997E+00  0.47763895E-01 -0.34552220E-01  0.11722234E+02  0.27958543E+01  0.25391603E+01  0.45477319E+01  0.63859600E+04  0.33235183E+01 -0.10138693E+01 -0.13841846E+01  0.14456609E+01 -0.11122405E+00  0.16310389E-03 -0.21741588E+00 -0.12177029E+01  0.33371828E-01  0.26896808E+00  0.38399270E+00  0.40476400E-04  0.11228546E+02
   0.59116178E-03  0.95807999E+00  0.48594899E-01 -0.35152379E-01  0.11725876E+02  0.27963204E+01  0.25445993E+01  0.46230068E+01  0.61484155E+04  0.32608495E+01 -0.10117530E+01 -0.13836352E+01  0.14443339E+01 -0.11098883E+00  0.16657037E-03 -0.22697777E+00 -0.11478863E+01  0.33388130E-01  0.25593814E+00  0.36970899E+00  0.40442508E-04  0.11231445E+02
   0.63384778E-03  0.10272601E+01  0.49437307E-01 -0.35760611E-01  0.11729568E+02  0.27967932E+01  0.25503173E+01  0.46940989E+01  0.59148076E+04  0.32003047E+01 -0.10095917E+01 -0.13830472E+01  0.14429247E+01 -0.11073405E+00  0.16976621E-03 -0.23367126E+00 -0.10799978E+01  0.33417650E-01  0.24328433E+00  0.35566196E+00  0.40495015E-04  0.11234375E+02
   0.67947694E-03  0.11012100E+01  0.50291087E-01 -0.36376894E-01  0.11733307E+02  0.27972717E+01  0.25562510E+01  0.47611089E+01  0.56855229E+04  0.31417909E+01 -0.10071319E+01 -0.13824115E+01  0.14414223E+01 -0.11040678E+00  0.17268831E-03 -0.23767538E+00 -0.10140550E+01  0.33461697E-01  0.23102680E+00  0.34187490E+00  0.40236886E-04  0.11237274E+02
   0.72825293E-03  0.11802599E+01  0.51156349E-01 -0.37001282E-01  0.11737095E+02  0.27977567E+01  0.25623412E+01  0.48241501E+01  0.54608789E+04  0.30852108E+01 -0.10044326E+01 -0.13817304E+01  0.14398229E+01 -0.11012603E+00  0.17532603E-03 -0.23916155E+00 -0.95004797E+00  0.33521496E-01  0.21917944E+00  0.32836688E+00  0.39988037E-04  0.11240173E+02
   0.78039797E-03  0.12647700E+01  0.52033275E-01 -0.37633896E-01  0.11740931E+02  0.27982481E+01  0.25685287E+01  0.48833408E+01  0.52411362E+04  0.30304642E+01 -0.10016695E+01 -0.13810095E+01  0.14381337E+01 -0.10988249E+00  0.17770490E-03 -0.23827656E+00 -0.88794780E+00  0.33598360E-01  0.20775108E+00  0.31515357E+00  0.39966122E-04  0.11243073E+02
   0.83613407E-03  0.13551000E+01  0.52921824E-01 -0.38274687E-01  0.11744816E+02  0.27987461E+01  0.25747554E+01  0.49387836E+01  0.50265820E+04  0.29774730E+01 -0.99872345E+00 -0.13802540E+01  0.14363585E+01 -0.10953699E+00  0.17984257E-03 -0.23517308E+00 -0.82775635E+00  0.33695627E-01  0.19675037E+00  0.30225226E+00  0.39715927E-04  0.11245972E+02
   0.89572044E-03  0.14516701E+01  0.53822298E-01 -0.38923860E-01  0.11748749E+02  0.27992501E+01  0.25809672E+01  0.49906058E+01  0.48173857E+04  0.29261277E+01 -0.99546582E+00 -0.13794466E+01  0.14344774E+01 -0.10914370E+00  0.18172097E-03 -0.23001380E+00 -0.76943725E+00  0.33819083E-01  0.18617825E+00  0.28967312E+00  0.39396036E-04  0.11248840E+02
   0.95939764E-03  0.15548699E+01  0.54734468E-01 -0.39581228E-01  0.11752730E+02  0.27997606E+01  0.25871086E+01  0.50389042E+01  0.46138037E+04  0.28763533E+01 -0.99230289E+00 -0.13785727E+01  0.14324698E+01 -0.10876708E+00  0.18334624E-03 -0.22297147E+00 -0.71299875E+00  0.33970404E-01  0.17603913E+00  0.27743158E+00  0.39413841E-04  0.11251709E+02
   0.10274805E-02  0.16652100E+01  0.55658940E-01 -0.40247209E-01  0.11756763E+02  0.28002775E+01  0.25931311E+01  0.50838180E+01  0.44158794E+04  0.28280308E+01 -0.98891014E+00 -0.13776404E+01  0.14303415E+01 -0.10836300E+00  0.18475034E-03 -0.21419618E+00 -0.65840501E+00  0.34154788E-01  0.16632575E+00  0.26553023E+00  0.39179631E-04  0.11254517E+02
   0.11002650E-02  0.17831699E+01  0.56595761E-01 -0.40921818E-01  0.11760845E+02  0.28008008E+01  0.25989835E+01  0.51254554E+01  0.42237539E+04  0.27810683E+01 -0.98500395E+00 -0.13766459E+01  0.14280869E+01 -0.10791908E+00  0.18593148E-03 -0.20381953E+00 -0.60562438E+00  0.34375370E-01  0.15703553E+00  0.25397760E+00  0.38815775E-04  0.11257324E+02
   0.11780660E-02  0.19092599E+01  0.57544980E-01 -0.41605070E-01  0.11764976E+02  0.28013306E+01  0.26046181E+01  0.51639233E+01  0.40375386E+04  0.27353826E+01 -0.98100328E+00 -0.13755728E+01  0.14256881E+01 -0.10739619E+00  0.18688642E-03 -0.19198845E+00 -0.55461991E+00  0.34632809E-01  0.14816354E+00  0.24278031E+00  0.38658789E-04  0.11260101E+02
   0.12612352E-02  0.20440500E+01  0.58506873E-01 -0.42297132E-01  0.11769158E+02  0.28018663E+01  0.26099899E+01  0.51993365E+01  0.38572747E+04  0.26908793E+01 -0.97715169E+00 -0.13744038E+01  0.14231236E+01 -0.10685968E+00  0.18762148E-03 -0.17886291E+00 -0.50536996E+00  0.34935158E-01  0.13970156E+00  0.23194091E+00  0.38449500E-04  0.11262848E+02
   0.13501241E-02  0.21881099E+01  0.59481446E-01 -0.42997990E-01  0.11773392E+02  0.28024085E+01  0.26150548E+01  0.52317953E+01  0.36830300E+04  0.26474662E+01 -0.97285104E+00 -0.13731556E+01  0.14204016E+01 -0.10637254E+00  0.18814314E-03 -0.16457997E+00 -0.45785066E+00  0.35289098E-01  0.13164236E+00  0.22146344E+00  0.38134000E-04  0.11265533E+02
   0.14451589E-02  0.23421299E+01  0.60469259E-01 -0.43708015E-01  0.11777678E+02  0.28029578E+01  0.26197736E+01  0.52614183E+01  0.35147510E+04  0.26050370E+01 -0.96853715E+00 -0.13718055E+01  0.14175004E+01 -0.10583599E+00  0.18846466E-03 -0.14927882E+00 -0.41201586E+00  0.35702497E-01  0.12397307E+00  0.21134469E+00  0.37837650E-04  0.11268188E+02
   0.15467462E-02  0.25067701E+01  0.61470401E-01 -0.44427242E-01  0.11782018E+02  0.28035135E+01  0.26241071E+01  0.52883024E+01  0.33524556E+04  0.25634916E+01 -0.96365052E+00 -0.13703682E+01  0.14144353E+01 -0.10528542E+00  0.18858939E-03 -0.13307416E+00 -0.36782938E+00  0.36177337E-01  0.11668439E+00  0.20158574E+00  0.37618895E-04  0.11270752E+02
   0.16553308E-02  0.26827500E+01  0.62485076E-01 -0.45155790E-01  0.11786407E+02  0.28040764E+01  0.26280186E+01  0.53125439E+01  0.31961172E+04  0.25227444E+01 -0.95822680E+00 -0.13688339E+01  0.14111894E+01 -0.10473547E+00  0.18851529E-03 -0.11610291E+00 -0.32525557E+00  0.36709733E-01  0.10976508E+00  0.19218500E+00  0.37343540E-04  0.11273285E+02
   0.17714122E-02  0.28708801E+01  0.63513733E-01 -0.45893949E-01  0.11790852E+02  0.28046465E+01  0.26314747E+01  0.53342428E+01  0.30456570E+04  0.24827049E+01 -0.95288342E+00 -0.13671675E+01  0.14077218E+01 -0.10410026E+00  0.18825759E-03 -0.98489493E-01 -0.28424427E+00  0.37308726E-01  0.10320189E+00  0.18313771E+00  0.37106238E-04  0.11275757E+02
   0.18955087E-02  0.30720000E+01  0.64556710E-01 -0.46641920E-01  0.11795350E+02  0.28052235E+01  0.26344438E+01  0.53534889E+01  0.29010039E+04  0.24432759E+01 -0.94707114E+00 -0.13653860E+01  0.14040449E+01 -0.10341485E+00  0.18782736E-03 -0.80344751E-01 -0.24474856E+00  0.37981290E-01  0.96982382E-01  0.17443961E+00  0.36843685E-04  0.11278137E+02
   0.20282313E-02  0.32870998E+01  0.65614782E-01 -0.47400221E-01  0.11799905E+02  0.28058076E+01  0.26368976E+01  0.53703752E+01  0.27620156E+04  0.24043558E+01 -0.94099939E+00 -0.13634632E+01  0.14001352E+01 -0.10268904E+00  0.18721167E-03 -0.61786678E-01 -0.20671956E+00  0.38731068E-01  0.91091394E-01  0.16608213E+00  0.36560050E-04  0.11280426E+02
   0.21700242E-02  0.35168998E+01  0.66687174E-01 -0.48168264E-01  0.11804513E+02  0.28063986E+01  0.26388059E+01  0.53849640E+01  0.26287400E+04  0.23658948E+01 -0.93488067E+00 -0.13613769E+01  0.13959695E+01 -0.10192225E+00  0.18641722E-03 -0.42930096E-01 -0.17015572E+00  0.39568882E-01  0.85522294E-01  0.15806817E+00  0.36256450E-04  0.11282623E+02
   0.23214428E-02  0.37623000E+01  0.67773834E-01 -0.48945963E-01  0.11809175E+02  0.28069961E+01  0.26401446E+01  0.53973317E+01  0.25010981E+04  0.23278055E+01 -0.92829192E+00 -0.13591530E+01  0.13915622E+01 -0.10115363E+00  0.18545084E-03 -0.23883343E-01 -0.13501929E+00  0.40505603E-01  0.80263428E-01  0.15039296E+00  0.35969348E-04  0.11284729E+02
   0.24835977E-02  0.40250998E+01  0.68878256E-01 -0.49735773E-01  0.11813901E+02  0.28076024E+01  0.26408942E+01  0.54075813E+01  0.23786184E+04  0.22898848E+01 -0.92119777E+00 -0.13567859E+01  0.13869005E+01 -0.10037739E+00  0.18431590E-03 -0.47219475E-02 -0.10118141E+00  0.41543003E-01  0.75287424E-01  0.14302817E+00  0.35750461E-04  0.11286713E+02
   0.26566738E-02  0.43056002E+01  0.69997229E-01 -0.50535344E-01  0.11818679E+02  0.28082154E+01  0.26410325E+01  0.54157429E+01  0.22615742E+04  0.22521696E+01 -0.91372591E+00 -0.13542429E+01  0.13819593E+01 -0.99534884E-01  0.18302097E-03  0.14389845E-01 -0.68720691E-01  0.42681623E-01  0.70598111E-01  0.13599020E+00  0.35493878E-04  0.11288574E+02
   0.28419674E-02  0.46059003E+01  0.71134582E-01 -0.51347367E-01  0.11823522E+02  0.28088369E+01  0.26405413E+01  0.54219017E+01  0.21494685E+04  0.22144537E+01 -0.90590602E+00 -0.13514862E+01  0.13766826E+01 -0.98589450E-01  0.18156199E-03  0.33428784E-01 -0.37508540E-01  0.43929718E-01  0.66168547E-01  0.12924920E+00  0.35187597E-04  0.11290283E+02
   0.30398481E-02  0.49266000E+01  0.72287977E-01 -0.52170105E-01  0.11828421E+02  0.28094652E+01  0.26394069E+01  0.54260941E+01  0.20424340E+04  0.21767502E+01 -0.89779955E+00 -0.13485007E+01  0.13710725E+01 -0.97634606E-01  0.17994350E-03  0.52256517E-01 -0.75821117E-02  0.45290086E-01  0.61997555E-01  0.12281314E+00  0.34900841E-04  0.11291870E+02
   0.32514269E-02  0.52694998E+01  0.73459297E-01 -0.53004853E-01  0.11833381E+02  0.28101020E+01  0.26376140E+01  0.54283772E+01  0.19401796E+04  0.21389179E+01 -0.88905275E+00 -0.13453176E+01  0.13651464E+01 -0.96687727E-01  0.17816747E-03  0.70811220E-01  0.21135649E-01  0.46772979E-01  0.58067460E-01  0.11666450E+00  0.34650227E-04  0.11293274E+02
   0.34774439E-02  0.56357999E+01  0.74648038E-01 -0.53851176E-01  0.11838398E+02  0.28107462E+01  0.26351557E+01  0.54287944E+01  0.18426338E+04  0.21009014E+01 -0.87993872E+00 -0.13419218E+01  0.13588716E+01 -0.95638871E-01  0.17623497E-03  0.88996671E-01  0.48634592E-01  0.48378769E-01  0.54369781E-01  0.11079899E+00  0.34386925E-04  0.11294495E+02
   0.37191953E-02  0.60275998E+01  0.75856254E-01 -0.54710470E-01  0.11843480E+02  0.28113987E+01  0.26320205E+01  0.54273872E+01  0.17495081E+04  0.20625689E+01 -0.87036771E+00 -0.13382642E+01  0.13522185E+01 -0.94535887E-01  0.17414206E-03  0.10673989E+00  0.74966960E-01  0.50114382E-01  0.50888248E-01  0.10519927E+00  0.34087498E-04  0.11295532E+02
   0.39777914E-02  0.64466996E+01  0.77084549E-01 -0.55583097E-01  0.11848627E+02  0.28120599E+01  0.26282027E+01  0.54241848E+01  0.16606433E+04  0.20238352E+01 -0.86043388E+00 -0.13343184E+01  0.13451428E+01 -0.93376480E-01  0.17189798E-03  0.12396502E+00  0.10016277E+00  0.51984753E-01  0.47612008E-01  0.99855766E-01  0.33825352E-04  0.11296387E+02
   0.42539733E-02  0.68943000E+01  0.78331567E-01 -0.56467991E-01  0.11853833E+02  0.28127284E+01  0.26237066E+01  0.54192257E+01  0.15760083E+04  0.19846758E+01 -0.85001397E+00 -0.13301034E+01  0.13376615E+01 -0.92172481E-01  0.16950560E-03  0.14057373E+00  0.12418538E+00  0.53990580E-01  0.44535272E-01  0.94766594E-01  0.33571268E-04  0.11296997E+02
   0.45492211E-02  0.73728004E+01  0.79599082E-01 -0.57366349E-01  0.11859101E+02  0.28134048E+01  0.26185296E+01  0.54125323E+01  0.14953457E+04  0.19449720E+01 -0.83887595E+00 -0.13256212E+01  0.13297899E+01 -0.90886325E-01  0.16696114E-03  0.15650375E+00  0.14705642E+00  0.56133214E-01  0.41644387E-01  0.89916296E-01  0.33261975E-04  0.11297333E+02
   0.48650154E-02  0.78846002E+01  0.80888316E-01 -0.58278937E-01  0.11864434E+02  0.28140893E+01  0.26126733E+01  0.54041247E+01  0.14184523E+04  0.19046292E+01 -0.82722467E+00 -0.13208414E+01  0.13214788E+01 -0.89522190E-01  0.16426861E-03  0.17170350E+00  0.16879621E+00  0.58404520E-01  0.38928118E-01  0.85292630E-01  0.32992713E-04  0.11297424E+02
   0.52024680E-02  0.84315004E+01  0.82198620E-01 -0.59205193E-01  0.11869826E+02  0.28147814E+01  0.26061525E+01  0.53940325E+01  0.13452336E+04  0.18636272E+01 -0.81541818E+00 -0.13156967E+01  0.13126689E+01 -0.88148408E-01  0.16143186E-03  0.18607888E+00  0.18935798E+00  0.60802832E-01  0.36379561E-01  0.80889940E-01  0.32711469E-04  0.11297211E+02
   0.55630589E-02  0.90158997E+01  0.83530508E-01 -0.60145378E-01  0.11875281E+02  0.28154812E+01  0.25989814E+01  0.53822803E+01  0.12755200E+04  0.18218926E+01 -0.80328739E+00 -0.13101875E+01  0.13033584E+01 -0.86693197E-01  0.15845425E-03  0.19955708E+00  0.20872872E+00  0.63350990E-01  0.33989403E-01  0.76698005E-01  0.32445765E-04  0.11296692E+02
   0.59486395E-02  0.96408005E+01  0.84885396E-01 -0.61100382E-01  0.11880799E+02  0.28161883E+01  0.25911732E+01  0.53688831E+01  0.12090994E+04  0.17793179E+01 -0.79031032E+00 -0.13043677E+01  0.12935934E+01 -0.85155316E-01  0.15533494E-03  0.21208100E+00  0.22689600E+00  0.66048190E-01  0.31747278E-01  0.72704077E-01  0.32179352E-04  0.11295837E+02
   0.63608754E-02  0.10308900E+02  0.86263515E-01 -0.62070251E-01  0.11886377E+02  0.28169029E+01  0.25827525E+01  0.53538656E+01  0.11458250E+04  0.17358521E+01 -0.77670366E+00 -0.12981834E+01  0.12833196E+01 -0.83569273E-01  0.15208121E-03  0.22359744E+00  0.24382864E+00  0.68871573E-01  0.29645421E-01  0.68899341E-01  0.31885687E-04  0.11294617E+02
   0.68014329E-02  0.11022900E+02  0.87664686E-01 -0.63054726E-01  0.11892011E+02  0.28176239E+01  0.25737529E+01  0.53372622E+01  0.10855648E+04  0.16914763E+01 -0.76260519E+00 -0.12916049E+01  0.12725155E+01 -0.81915684E-01  0.14870081E-03  0.23405287E+00  0.25948030E+00  0.71807139E-01  0.27676752E-01  0.65275855E-01  0.31624761E-04  0.11292969E+02
   0.72725341E-02  0.11786401E+02  0.89090049E-01 -0.64054474E-01  0.11897701E+02  0.28183513E+01  0.25642049E+01  0.53190951E+01  0.10281322E+04  0.16461319E+01 -0.74796021E+00 -0.12846390E+01  0.12611780E+01 -0.80229789E-01  0.14519466E-03  0.24338365E+00  0.27379373E+00  0.74853688E-01  0.25832690E-01  0.61822381E-01  0.31344138E-04  0.11290894E+02
   0.77760280E-02  0.12602400E+02  0.90539075E-01 -0.65068975E-01  0.11903441E+02  0.28190849E+01  0.25541563E+01  0.52994137E+01  0.97341046E+03  0.15998173E+01 -0.73274517E+00 -0.12772750E+01  0.12493036E+01 -0.78469977E-01  0.14157742E-03  0.25151834E+00  0.28671154E+00  0.77993028E-01  0.24107167E-01  0.58531925E-01  0.31064868E-04  0.11288330E+02
   0.83141383E-02  0.13474501E+02  0.92011862E-01 -0.66098154E-01  0.11909228E+02  0.28198230E+01  0.25436575E+01  0.52782683E+01  0.92125635E+03  0.15525326E+01 -0.71708214E+00 -0.12694912E+01  0.12368805E+01 -0.76669253E-01  0.13785652E-03  0.25839564E+00  0.29814881E+00  0.81197575E-01  0.22493398E-01  0.55395856E-01  0.30777617E-04  0.11285248E+02
   0.88894544E-02  0.14406900E+02  0.93508907E-01 -0.67142203E-01  0.11915059E+02  0.28205664E+01  0.25327656E+01  0.52557173E+01  0.87151526E+03  0.15042756E+01 -0.70107204E+00 -0.12612774E+01  0.12238909E+01 -0.74798107E-01  0.13404325E-03  0.26397431E+00  0.30800536E+00  0.84476039E-01  0.20984475E-01  0.52404888E-01  0.30485644E-04  0.11281616E+02
   0.95045697E-02  0.15403801E+02  0.95030107E-01 -0.68200871E-01  0.11920931E+02  0.28213131E+01  0.25215514E+01  0.52318387E+01  0.82405811E+03  0.14550560E+01 -0.68428898E+00 -0.12527080E+01  0.12104193E+01 -0.72828278E-01  0.13015477E-03  0.26818195E+00  0.31618708E+00  0.87812260E-01  0.19574484E-01  0.49551252E-01  0.30222493E-04  0.11277374E+02
   0.10161889E-01  0.16469101E+02  0.96574292E-01 -0.69273181E-01  0.11926827E+02  0.28220618E+01  0.25101006E+01  0.52067451E+01  0.77878680E+03  0.14049482E+01 -0.66711593E+00 -0.12437177E+01  0.11963997E+01 -0.70819050E-01  0.12620915E-03  0.27093911E+00  0.32258222E+00  0.91170102E-01  0.18258506E-01  0.46829052E-01  0.29930019E-04  0.11272491E+02
   0.10864745E-01  0.17608200E+02  0.98141834E-01 -0.70359193E-01  0.11932754E+02  0.28228116E+01  0.24985011E+01  0.51805401E+01  0.73555798E+03  0.13539848E+01 -0.64965338E+00 -0.12342926E+01  0.11818094E+01 -0.68781897E-01  0.12222170E-03  0.27221411E+00  0.32707819E+00  0.94565473E-01  0.17030433E-01  0.44229671E-01  0.29626042E-04  0.11266876E+02
   0.11615914E-01  0.18825600E+02  0.99731125E-01 -0.71457610E-01  0.11938690E+02  0.28235617E+01  0.24868646E+01  0.51533852E+01  0.69428864E+03  0.13022529E+01 -0.63145393E+00 -0.12245528E+01  0.11667947E+01 -0.66683471E-01  0.11822207E-03  0.27195439E+00  0.32954937E+00  0.97971462E-01  0.15885912E-01  0.41748114E-01  0.29341396E-04  0.11260498E+02
   0.12419099E-01  0.20127300E+02  0.10134187E+00 -0.72568029E-01  0.11944634E+02  0.28243096E+01  0.24753048E+01  0.51254430E+01  0.65486273E+03  0.12498455E+01 -0.61308396E+00 -0.12144167E+01  0.11512634E+01 -0.64518467E-01  0.11423886E-03  0.27008975E+00  0.32984802E+00  0.10134272E+00  0.14819720E-01  0.39377403E-01  0.29048259E-04  0.11253296E+02
   0.13277446E-01  0.21518400E+02  0.10297186E+00 -0.73688731E-01  0.11950571E+02  0.28250539E+01  0.24639614E+01  0.50969353E+01  0.61721320E+03  0.11969204E+01 -0.59452957E+00 -0.12039312E+01  0.11352865E+01 -0.62360961E-01  0.11030241E-03  0.26655307E+00  0.32782659E+00  0.10467952E+00  0.13828015E-01  0.37113506E-01  0.28744684E-04  0.11245178E+02
   0.14195213E-01  0.23005800E+02  0.10462038E+00 -0.74819021E-01  0.11956495E+02  0.28257937E+01  0.24529786E+01  0.50680914E+01  0.58124200E+03  0.11435838E+01 -0.57583702E+00 -0.11931084E+01  0.11188809E+01 -0.60216840E-01  0.10644226E-03  0.26126546E+00  0.32333028E+00  0.10799185E+00  0.12906128E-01  0.34950532E-01  0.28448254E-04  0.11236084E+02
   0.15176101E-01  0.24595499E+02  0.10628476E+00 -0.75956851E-01  0.11962390E+02  0.28265278E+01  0.24425294E+01  0.50391970E+01  0.54689319E+03  0.10899986E+01 -0.55667210E+00 -0.11820744E+01  0.11021385E+01 -0.57994526E-01  0.10270441E-03  0.25422269E+00  0.31625530E+00  0.11128525E+00  0.12050540E-01  0.32885112E-01  0.28138496E-04  0.11225952E+02
   0.16224556E-01  0.26294701E+02  0.10796287E+00 -0.77100560E-01  0.11968241E+02  0.28272519E+01  0.24327929E+01  0.50105600E+01  0.51410254E+03  0.10363438E+01 -0.53718185E+00 -0.11708632E+01  0.10851175E+01 -0.55690318E-01  0.99134551E-04  0.24537182E+00  0.30645680E+00  0.11450179E+00  0.11257417E-01  0.30913383E-01  0.27830336E-04  0.11214691E+02
   0.17345572E-01  0.28111500E+02  0.10965263E+00 -0.78248523E-01  0.11974034E+02  0.28279645E+01  0.24239585E+01  0.49825187E+01  0.48280991E+03  0.98281437E+00 -0.51768470E+00 -0.11594707E+01  0.10678331E+01 -0.53423144E-01  0.95773968E-04  0.23467605E+00  0.29381391E+00  0.11762995E+00  0.10523025E-01  0.29031733E-01  0.27515878E-04  0.11202179E+02
   0.18544147E-01  0.30054001E+02  0.11135119E+00 -0.79398610E-01  0.11979758E+02  0.28286641E+01  0.24162328E+01  0.49554458E+01  0.45297424E+03  0.92961556E+00 -0.49829155E+00 -0.11479456E+01  0.10503345E+01 -0.51123574E-01  0.92678791E-04  0.22211103E+00  0.27823144E+00  0.12068956E+00  0.98440591E-02  0.27237691E-01  0.27190876E-04  0.11188324E+02
   0.19825095E-01  0.32130001E+02  0.11305469E+00 -0.80547996E-01  0.11985394E+02  0.28293474E+01  0.24098377E+01  0.49297528E+01  0.42457257E+03  0.87698305E+00 -0.47870210E+00 -0.11364700E+01  0.10327917E+01 -0.48814725E-01  0.89906483E-04  0.20760892E+00  0.25958282E+00  0.12364622E+00  0.92176097E-02  0.25529876E-01  0.26870897E-04  0.11173096E+02
   0.21193046E-01  0.34347000E+02  0.11475854E+00 -0.81693441E-01  0.11990921E+02  0.28300118E+01  0.24050016E+01  0.49058776E+01  0.39759219E+03  0.82517862E+00 -0.45957726E+00 -0.11249416E+01  0.10151231E+01 -0.46561956E-01  0.87518514E-04  0.19117266E+00  0.23781382E+00  0.12650563E+00  0.86409710E-02  0.23907525E-01  0.26538806E-04  0.11156311E+02
   0.22657253E-01  0.36720001E+02  0.11646309E+00 -0.82834974E-01  0.11996345E+02  0.28306582E+01  0.24019501E+01  0.48842001E+01  0.37194778E+03  0.77429771E+00 -0.44066447E+00 -0.11135130E+01  0.99746513E+00 -0.44292465E-01  0.85571563E-04  0.17279461E+00  0.21285473E+00  0.12930800E+00  0.81099123E-02  0.22365509E-01  0.26206333E-04  0.11137878E+02
   0.24221418E-01  0.39255001E+02  0.11816141E+00 -0.83967835E-01  0.12001631E+02  0.28312809E+01  0.24009264E+01  0.48651924E+01  0.34766852E+03  0.72464532E+00 -0.42166334E+00 -0.11024461E+01  0.98006028E+00 -0.42009152E-01  0.84134153E-04  0.15251343E+00  0.18475731E+00  0.13203475E+00  0.76226769E-02  0.20905577E-01  0.25868971E-04  0.11117706E+02
   0.25894795E-01  0.41966999E+02  0.11985223E+00 -0.85090995E-01  0.12006779E+02  0.28318801E+01  0.24021642E+01  0.48492451E+01  0.32469876E+03  0.67635018E+00 -0.40314123E+00 -0.10915858E+01  0.96274292E+00 -0.39784130E-01  0.83268365E-04  0.13032854E+00  0.15350506E+00  0.13470882E+00  0.71757962E-02  0.19524388E-01  0.25531624E-04  0.11095612E+02
   0.27682941E-01  0.44865002E+02  0.12152988E+00 -0.86200580E-01  0.12011767E+02  0.28324533E+01  0.24058943E+01  0.48367753E+01  0.30304459E+03  0.62964070E+00 -0.38466477E+00 -0.10812135E+01  0.94580609E+00 -0.37623800E-01  0.83040766E-04  0.10633930E+00  0.11921474E+00  0.13734142E+00  0.67671346E-02  0.18222306E-01  0.25192945E-04  0.11071533E+02
   0.29593259E-01  0.47960999E+02  0.12319043E+00 -0.87293915E-01  0.12016582E+02  0.28329992E+01  0.24123263E+01  0.48281331E+01  0.28268607E+03  0.58469474E+00 -0.36662123E+00 -0.10712870E+01  0.92921776E+00 -0.35431951E-01  0.83517509E-04  0.80604061E-01  0.82043275E-01  0.13986702E+00  0.63941116E-02  0.16998131E-01  0.24843130E-04  0.11045288E+02
   0.31636856E-01  0.51273003E+02  0.12483272E+00 -0.88370182E-01  0.12021224E+02  0.28335149E+01  0.24216645E+01  0.48236060E+01  0.26357111E+03  0.54160082E+00 -0.34917805E+00 -0.10618305E+01  0.91297877E+00 -0.33259373E-01  0.84761399E-04  0.53143226E-01  0.42089473E-01  0.14228775E+00  0.60536768E-02  0.15848733E-01  0.24489882E-04  0.11016693E+02
   0.33819284E-01  0.54810001E+02  0.12645091E+00 -0.89425497E-01  0.12025676E+02  0.28340008E+01  0.24340687E+01  0.48234472E+01  0.24570227E+03  0.50054306E+00 -0.33203471E+00 -0.10531060E+01  0.89731365E+00 -0.31185089E-01  0.86830223E-04  0.24150643E-01 -0.35218601E-03  0.14463203E+00  0.57439473E-02  0.14774268E-01  0.24136012E-04  0.10985687E+02
   0.36155351E-01  0.58596001E+02  0.12804590E+00 -0.90460420E-01  0.12029940E+02  0.28344560E+01  0.24497232E+01  0.48278337E+01  0.22900591E+03  0.46151376E+00 -0.31548420E+00 -0.10450131E+01  0.88211793E+00 -0.29093141E-01  0.89790956E-04 -0.62863934E-02 -0.45104012E-01  0.14687726E+00  0.54618400E-02  0.13770302E-01  0.23786852E-04  0.10951996E+02
   0.38650610E-01  0.62640003E+02  0.12961192E+00 -0.91471232E-01  0.12034007E+02  0.28348787E+01  0.24687181E+01  0.48368616E+01  0.21347932E+03  0.42466536E+00 -0.30000278E+00 -0.10373954E+01  0.86727405E+00 -0.27010346E-01  0.93693008E-04 -0.38132221E-01 -0.91869354E-01  0.14891499E+00  0.52056918E-02  0.12836677E-01  0.23435068E-04  0.10915558E+02
   0.41318018E-01  0.66963005E+02  0.13114832E+00 -0.92457525E-01  0.12037883E+02  0.28352687E+01  0.24911594E+01  0.48505659E+01  0.19906570E+03  0.38999745E+00 -0.28493798E+00 -0.10306404E+01  0.85308743E+00 -0.24974838E-01  0.98590383E-04 -0.71172811E-01 -0.14029421E+00  0.15081310E+00  0.49730716E-02  0.11969974E-01  0.23077901E-04  0.10876129E+02
   0.44168685E-01  0.71583000E+02  0.13265328E+00 -0.93418188E-01  0.12041560E+02  0.28356261E+01  0.25171089E+01  0.48688984E+01  0.18572073E+03  0.35752723E+00 -0.26996779E+00 -0.10250205E+01  0.83978486E+00 -0.23039220E-01  0.10452897E-03 -0.10511585E+00 -0.18992406E+00  0.15258765E+00  0.47619604E-02  0.11167531E-01  0.22721726E-04  0.10833527E+02
   0.47217418E-01  0.76524002E+02  0.13412680E+00 -0.94353303E-01  0.12045043E+02  0.28359525E+01  0.25466139E+01  0.48917537E+01  0.17338359E+03  0.32722217E+00 -0.25605643E+00 -0.10199778E+01  0.82689214E+00 -0.21102332E-01  0.11156125E-03 -0.14005229E+00 -0.24048592E+00  0.15406983E+00  0.45702439E-02  0.10425690E-01  0.22369277E-04  0.10787537E+02
   0.50475322E-01  0.81804001E+02  0.13556714E+00 -0.95261857E-01  0.12048340E+02  0.28362460E+01  0.25796523E+01  0.49189301E+01  0.16200966E+03  0.29906654E+00 -0.24275275E+00 -0.10158758E+01  0.81469274E+00 -0.19169711E-01  0.11972316E-03 -0.17567278E+00 -0.29142302E+00  0.15530327E+00  0.43962388E-02  0.97417664E-02  0.22015432E-04  0.10737976E+02
   0.53959060E-01  0.87449997E+02  0.13697527E+00 -0.96144557E-01  0.12051449E+02  0.28365090E+01  0.26162190E+01  0.49501996E+01  0.15153467E+03  0.27299049E+00 -0.22984011E+00 -0.10128213E+01  0.80324727E+00 -0.17266875E-01  0.12906089E-03 -0.21172167E+00 -0.34224001E+00  0.15629441E+00  0.42381049E-02  0.91118971E-02  0.21663092E-04  0.10684570E+02
   0.57681587E-01  0.93482994E+02  0.13835029E+00 -0.97000949E-01  0.12054381E+02  0.28367398E+01  0.26562316E+01  0.49852457E+01  0.14190773E+03  0.24893743E+00 -0.21749109E+00 -0.10106257E+01  0.79241478E+00 -0.15376031E-01  0.13960783E-03 -0.24808958E+00 -0.39251986E+00  0.15694584E+00  0.40943660E-02  0.85330214E-02  0.21314438E-04  0.10627136E+02
   0.61663266E-01  0.99936005E+02  0.13969411E+00 -0.97832367E-01  0.12057138E+02  0.28369415E+01  0.26996429E+01  0.50237756E+01  0.13306204E+03  0.22680469E+00 -0.20581242E+00 -0.10091573E+01  0.78207636E+00 -0.13597964E-01  0.15141352E-03 -0.28474686E+00 -0.44185084E+00  0.15711491E+00  0.39634267E-02  0.80011236E-02  0.20965397E-04  0.10565338E+02
   0.65917060E-01  0.10683000E+03  0.14100587E+00 -0.98638408E-01  0.12059736E+02  0.28371158E+01  0.27462757E+01  0.50653734E+01  0.12495217E+03  0.20654219E+00 -0.19467632E+00 -0.10085489E+01  0.77229947E+00 -0.11831284E-01  0.16450576E-03 -0.32115909E+00 -0.48945051E+00  0.15680990E+00  0.38440931E-02  0.75134705E-02  0.20617576E-04  0.10498962E+02
   0.70465170E-01  0.11420100E+03  0.14228797E+00 -0.99420659E-01  0.12062172E+02  0.28372619E+01  0.27959998E+01  0.51096745E+01  0.11751614E+03  0.18804151E+00 -0.18388712E+00 -0.10090560E+01  0.76323998E+00 -0.99588549E-02  0.17893982E-03 -0.35704368E+00 -0.53476417E+00  0.15596609E+00  0.37350263E-02  0.70663360E-02  0.20269534E-04  0.10427643E+02
   0.75327955E-01  0.12208199E+03  0.14354196E+00 -0.10018019E+00  0.12064467E+02  0.28373795E+01  0.28486233E+01  0.51562605E+01  0.11070110E+03  0.17120880E+00 -0.17450042E+00 -0.10096366E+01  0.75415546E+00 -0.80663227E-02  0.19476247E-03 -0.39250666E+00 -0.57744527E+00  0.15444537E+00  0.36351101E-02  0.66565429E-02  0.19925472E-04  0.10351105E+02
   0.80523953E-01  0.13050301E+03  0.14476897E+00 -0.10091784E+00  0.12066627E+02  0.28374712E+01  0.29039075E+01  0.52046866E+01  0.10446000E+03  0.15595104E+00 -0.16533515E+00 -0.10112339E+01  0.74573004E+00 -0.62881303E-02  0.21201685E-03 -0.42736760E+00 -0.61696744E+00  0.15225536E+00  0.35434028E-02  0.62812604E-02  0.19585539E-04  0.10269043E+02
   0.86079054E-01  0.13950601E+03  0.14597140E+00 -0.10163514E+00  0.12068661E+02  0.28375390E+01  0.29616594E+01  0.52545409E+01  0.98740730E+02  0.14215750E+00 -0.15600364E+00 -0.10140777E+01  0.73806459E+00 -0.44914410E-02  0.23077315E-03 -0.46102804E+00 -0.65256280E+00  0.14951596E+00  0.34589311E-02  0.59373565E-02  0.19246851E-04  0.10181030E+02
   0.92019171E-01  0.14913300E+03  0.14715128E+00 -0.10233341E+00  0.12070571E+02  0.28375821E+01  0.30216403E+01  0.53053908E+01  0.93497383E+02  0.12973103E+00 -0.14654016E+00 -0.10180110E+01  0.73108006E+00 -0.26097405E-02  0.25110427E-03 -0.49276820E+00 -0.68340236E+00  0.14619224E+00  0.33808593E-02  0.56220698E-02  0.18910985E-04  0.10086670E+02
   0.98366536E-01  0.15942000E+03  0.14830950E+00 -0.10301332E+00  0.12072369E+02  0.28376012E+01  0.30834618E+01  0.53567319E+01  0.88691734E+02  0.11859626E+00 -0.13868506E+00 -0.10210904E+01  0.72332412E+00 -0.73355215E-03  0.27307373E-03 -0.52326453E+00 -0.70926714E+00  0.14168695E+00  0.33084475E-02  0.53331028E-02  0.18574960E-04  0.99855652E+01
   0.10515261E+00  0.17041800E+03  0.14944917E+00 -0.10367672E+00  0.12074074E+02  0.28375981E+01  0.31467707E+01  0.54081163E+01  0.84282280E+02  0.10865963E+00 -0.13176733E+00 -0.10240325E+01  0.71530205E+00  0.12394963E-02  0.29678317E-03 -0.55167872E+00 -0.72936642E+00  0.13622186E+00  0.32409248E-02  0.50679585E-02  0.18241242E-04  0.98772888E+01
   0.11240700E+00  0.18217500E+03  0.15057261E+00 -0.10432503E+00  0.12075690E+02  0.28375704E+01  0.32111745E+01  0.54590774E+01  0.80233543E+02  0.99836238E-01 -0.12437911E+00 -0.10284388E+01  0.70817685E+00  0.32796415E-02  0.32233517E-03 -0.57758874E+00 -0.74310321E+00  0.12992653E+00  0.31776517E-02  0.48245052E-02  0.17911498E-04  0.97613525E+01
   0.12016119E+00  0.19474200E+03  0.15168236E+00 -0.10495977E+00  0.12077224E+02  0.28375213E+01  0.32762454E+01  0.55091181E+01  0.76512413E+02  0.92046537E-01 -0.11782034E+00 -0.10325966E+01  0.70075977E+00  0.53395228E-02  0.34984719E-03 -0.60102868E+00 -0.75006831E+00  0.12269063E+00  0.31180191E-02  0.46007507E-02  0.17584534E-04  0.96372070E+01
   0.12845033E+00  0.20817601E+03  0.15278135E+00 -0.10558265E+00  0.12078692E+02  0.28374481E+01  0.33415534E+01  0.55577469E+01  0.73087318E+02  0.85206687E-01 -0.11227066E+00 -0.10358123E+01  0.69256145E+00  0.74940189E-02  0.37945888E-03 -0.62188828E+00 -0.74990702E+00  0.11454936E+00  0.30614580E-02  0.43947971E-02  0.17259603E-04  0.95043640E+01
   0.13731147E+00  0.22253700E+03  0.15387189E+00 -0.10619496E+00  0.12080102E+02  0.28373528E+01  0.34066448E+01  0.56044559E+01  0.69929932E+02  0.79245821E-01 -0.10675869E+00 -0.10390415E+01  0.68414903E+00  0.95837358E-02  0.41132976E-03 -0.63975209E+00 -0.74201018E+00  0.10556885E+00  0.30074387E-02  0.42049410E-02  0.16936627E-04  0.93621826E+01
   0.14678346E+00  0.23788800E+03  0.15495643E+00 -0.10679793E+00  0.12081462E+02  0.28372357E+01  0.34709880E+01  0.56486945E+01  0.67014542E+02  0.74103393E-01 -0.10063161E+00 -0.10431112E+01  0.67613643E+00  0.11795896E-01  0.44564076E-03 -0.65366912E+00 -0.72554064E+00  0.95833212E-01  0.29554339E-02  0.40296363E-02  0.16615530E-04  0.92100525E+01
   0.15690888E+00  0.25429800E+03  0.15603752E+00 -0.10739301E+00  0.12082771E+02  0.28370945E+01  0.35340080E+01  0.56898851E+01  0.64317451E+02  0.69722757E-01 -0.94236113E-01 -0.10476726E+01  0.66830575E+00  0.14195842E-01  0.48259975E-03 -0.66297776E+00 -0.69974476E+00  0.85359655E-01  0.29049234E-02  0.38674581E-02  0.16297879E-04  0.90472717E+01
   0.16773216E+00  0.27183899E+03  0.15711848E+00 -0.10798186E+00  0.12084045E+02  0.28369286E+01  0.35950530E+01  0.57273746E+01  0.61816521E+02  0.66053927E-01 -0.89513719E-01 -0.10499173E+01  0.65875751E+00  0.16516313E-01  0.52244763E-03 -0.66811144E+00 -0.66463381E+00  0.74058697E-01  0.28553703E-02  0.37170751E-02  0.15982128E-04  0.88731689E+01
   0.17930327E+00  0.29059201E+03  0.15820339E+00 -0.10856651E+00  0.12085301E+02  0.28367388E+01  0.36535504E+01  0.57605133E+01  0.59490601E+02  0.63039057E-01 -0.85159898E-01 -0.10509145E+01  0.64829242E+00  0.18896364E-01  0.56546385E-03 -0.66914469E+00 -0.62049842E+00  0.62289495E-01  0.28062863E-02  0.35772158E-02  0.15668755E-04  0.86869202E+01
   0.19167961E+00  0.31064999E+03  0.15929474E+00 -0.10914811E+00  0.12086542E+02  0.28365207E+01  0.37089989E+01  0.57886429E+01  0.57320126E+02  0.60631469E-01 -0.80714099E-01 -0.10501580E+01  0.63661337E+00  0.21487081E-01  0.61197975E-03 -0.66563624E+00 -0.56671196E+00  0.50138231E-01  0.27572117E-02  0.34467035E-02  0.15359166E-04  0.84876099E+01
   0.20489635E+00  0.33207001E+03  0.16039279E+00 -0.10972651E+00  0.12087781E+02  0.28362727E+01  0.37605720E+01  0.58108821E+01  0.55290977E+02  0.58806513E-01 -0.76446138E-01 -0.10475121E+01  0.62362969E+00  0.24189666E-01  0.66227734E-03 -0.65571994E+00 -0.50194561E+00  0.37619106E-01  0.27076607E-02  0.33246891E-02  0.15053557E-04  0.82746887E+01
   0.21902011E+00  0.35496002E+03  0.16150188E+00 -0.11030368E+00  0.12089024E+02  0.28359916E+01  0.38075316E+01  0.58263631E+01  0.53385365E+02  0.57531871E-01 -0.72670348E-01 -0.10427139E+01  0.60922617E+00  0.26957015E-01  0.71679492E-03 -0.63892037E+00 -0.42638883E+00  0.25047794E-01  0.26570382E-02  0.32101031E-02  0.14753174E-04  0.80470886E+01
   0.23412494E+00  0.37944000E+03  0.16262645E+00 -0.11088147E+00  0.12090293E+02  0.28356733E+01  0.38492391E+01  0.58341680E+01  0.51587040E+02  0.56779049E-01 -0.69435418E-01 -0.10346237E+01  0.59280473E+00  0.29757254E-01  0.77604054E-03 -0.61521912E+00 -0.34031337E+00  0.12612009E-01  0.26047968E-02  0.31019687E-02  0.14454201E-04  0.78036194E+01
   0.25028491E+00  0.40563004E+03  0.16376913E+00 -0.11146077E+00  0.12091595E+02  0.28353133E+01  0.38849397E+01  0.58332276E+01  0.49881706E+02  0.56529183E-01 -0.64548805E-01 -0.10266464E+01  0.57626700E+00  0.32996476E-01  0.84057520E-03 -0.58320177E+00 -0.24298148E+00  0.47464384E-03  0.25503559E-02  0.29994256E-02  0.14158506E-04  0.75430603E+01
   0.26755548E+00  0.43362000E+03  0.16493124E+00 -0.11204152E+00  0.12092932E+02  0.28349040E+01  0.39136336E+01  0.58223252E+01  0.48257862E+02  0.56772619E-01 -0.59680492E-01 -0.10158086E+01  0.55795372E+00  0.36422249E-01  0.91095315E-03 -0.54215199E+00 -0.13456444E+00 -0.11334862E-01  0.24931310E-02  0.29017825E-02  0.13869417E-04  0.72645874E+01
   0.28599226E+00  0.46349997E+03  0.16611534E+00 -0.11262437E+00  0.12094329E+02  0.28344407E+01  0.39343545E+01  0.58001876E+01  0.46705063E+02  0.57508513E-01 -0.56623820E-01 -0.99825597E+00  0.53591734E+00  0.39523311E-01  0.98780228E-03 -0.49073061E+00 -0.15594363E-01 -0.22487208E-01  0.24325515E-02  0.28084116E-02  0.13586103E-04  0.69672546E+01
   0.30572483E+00  0.49548001E+03  0.16732758E+00 -0.11321142E+00  0.12095816E+02  0.28339152E+01  0.39462042E+01  0.57653837E+01  0.45208458E+02  0.58736697E-01 -0.52122954E-01 -0.97954518E+00  0.51310658E+00  0.43017257E-01  0.10721451E-02 -0.42865720E+00  0.11348233E+00 -0.32912023E-01  0.23678434E-02  0.27184195E-02  0.13309722E-04  0.66490173E+01
   0.32680866E+00  0.52965002E+03  0.16856836E+00 -0.11380170E+00  0.12097386E+02  0.28333154E+01  0.39478068E+01  0.57163305E+01  0.43760189E+02  0.60472894E-01 -0.46966672E-01 -0.95842785E+00  0.48885533E+00  0.46901140E-01  0.11648242E-02 -0.35683343E+00  0.25146857E+00 -0.42793151E-01  0.22983460E-02  0.26313339E-02  0.13037749E-04  0.63089905E+01
   0.34935483E+00  0.56619000E+03  0.16984411E+00 -0.11439687E+00  0.12099089E+02  0.28326263E+01  0.39376922E+01  0.56511207E+01  0.42348881E+02  0.62765419E-01 -0.45203783E-01 -0.92686599E+00  0.45922941E+00  0.50374828E-01  0.12671053E-02 -0.27199611E+00  0.39748064E+00 -0.51335875E-01  0.22231818E-02  0.25464708E-02  0.12773910E-04  0.59454041E+01
   0.37345594E+00  0.60525000E+03  0.17115892E+00 -0.11499719E+00  0.12100973E+02  0.28318236E+01  0.39147890E+01  0.55680737E+01  0.40968594E+02  0.65632686E-01 -0.41815028E-01 -0.89303660E+00  0.42851800E+00  0.54438300E-01  0.13803273E-02 -0.17736346E+00  0.54791939E+00 -0.58787867E-01  0.21418007E-02  0.24634732E-02  0.12520401E-04  0.55568237E+01
   0.39920452E+00  0.64698004E+03  0.17251244E+00 -0.11560033E+00  0.12103038E+02  0.28308868E+01  0.38767810E+01  0.54649878E+01  0.39613441E+02  0.69142349E-01 -0.36555428E-01 -0.85683501E+00  0.39652681E+00  0.58944382E-01  0.15061336E-02 -0.70038743E-01  0.70448732E+00 -0.66063598E-01  0.20532601E-02  0.23819869E-02  0.12274813E-04  0.51417542E+01
   0.42674863E+00  0.69162000E+03  0.17391142E+00 -0.11620644E+00  0.12105359E+02  0.28297851E+01  0.38197384E+01  0.53387232E+01  0.38274681E+02  0.73469065E-01 -0.33844605E-01 -0.81126612E+00  0.36014453E+00  0.63160472E-01  0.16469343E-02  0.54202612E-01  0.86667854E+00 -0.72711810E-01  0.19559844E-02  0.23014862E-02  0.12039643E-04  0.46978760E+01
   0.45618081E+00  0.73932001E+03  0.17536408E+00 -0.11681552E+00  0.12108020E+02  0.28284581E+01  0.37397432E+01  0.51862950E+01  0.36952545E+02  0.78811817E-01 -0.30281171E-01 -0.76307309E+00  0.32271165E+00  0.68265900E-01  0.18054787E-02  0.18816343E+00  0.10272713E+01 -0.79154864E-01  0.18487807E-02  0.22219850E-02  0.11814273E-04  0.42237549E+01
   0.48764926E+00  0.79032007E+03  0.17688210E+00 -0.11742747E+00  0.12111099E+02  0.28268301E+01  0.36304564E+01  0.50033660E+01  0.35644787E+02  0.85520320E-01 -0.26016831E-01 -0.71187544E+00  0.28391477E+00  0.74125811E-01  0.19859376E-02  0.33138606E+00  0.11838419E+01 -0.85966446E-01  0.17296848E-02  0.21433486E-02  0.11598763E-04  0.37171021E+01
   0.52128345E+00  0.84483002E+03  0.17848597E+00 -0.11804307E+00  0.12114771E+02  0.28247783E+01  0.34825757E+01  0.47841067E+01  0.34350655E+02  0.94235420E-01 -0.24873968E-01 -0.65294844E+00  0.24186175E+00  0.80034547E-01  0.21943413E-02  0.47703665E+00  0.13274146E+01 -0.92642345E-01  0.15961108E-02  0.20655314E-02  0.11392112E-04  0.31760254E+01
   0.55723143E+00  0.90309003E+03  0.18021479E+00 -0.11866538E+00  0.12119331E+02  0.28220596E+01  0.32846458E+01  0.45207047E+01  0.33073513E+02  0.10601692E+00 -0.27976802E-01 -0.58634585E+00  0.19686058E+00  0.85841157E-01  0.24402856E-02  0.60837102E+00  0.14402210E+01 -0.97519673E-01  0.14450927E-02  0.19887360E-02  0.11189713E-04  0.25984497E+01
   0.59565991E+00  0.96537006E+03  0.18213281E+00 -0.11929667E+00  0.12125294E+02  0.28182297E+01  0.30234497E+01  0.42021832E+01  0.31819654E+02  0.12251716E+00 -0.32591037E-01 -0.51649344E+00  0.15066049E+00  0.92824385E-01  0.27400467E-02  0.70147556E+00  0.14991093E+01 -0.98776519E-01  0.12734043E-02  0.19133404E-02  0.10981273E-04  0.19822693E+01
   0.63675392E+00  0.10319700E+04  0.18434455E+00 -0.11993178E+00  0.12133515E+02  0.28123589E+01  0.26830201E+01  0.38112950E+01  0.30577681E+02  0.14658488E+00 -0.39037168E-01 -0.44068769E+00  0.10296769E+00  0.10139471E+00  0.31232715E-02  0.72957635E+00  0.14746356E+01 -0.92355527E-01  0.10771854E-02  0.18386595E-02  0.10742810E-04  0.13255005E+01
   0.68066162E+00  0.11031300E+04  0.18701817E+00 -0.12053879E+00  0.12145865E+02  0.28022532E+01  0.22514136E+01  0.33215804E+01  0.29265469E+02  0.18239455E+00 -0.47156982E-01 -0.35377818E+00  0.55194806E-01  0.10986139E+00  0.36464988E-02  0.67713910E+00  0.13330822E+01 -0.69825828E-01  0.85372268E-03  0.17597553E-02  0.10425635E-04  0.62799072E+00
   0.72762358E+00  0.11792400E+04  0.19039193E+00 -0.12100323E+00  0.12166384E+02  0.27825441E+01  0.17351797E+01  0.26957254E+01  0.27567606E+02  0.22958739E+00 -0.49441166E-01 -0.26257029E+00  0.13290565E-01  0.11912843E+00  0.44206926E-02  0.54133934E+00  0.10526365E+01 -0.33406168E-01  0.63491339E-03  0.16576615E-02  0.99179279E-05 -0.10922241E+00
   0.77780646E+00  0.12605701E+04  0.19473222E+00 -0.12098740E+00  0.12203296E+02  0.27398915E+01  0.11533041E+01  0.18909514E+01  0.24397953E+02  0.26887780E+00 -0.44373840E-01 -0.17147756E+00 -0.16895181E-01  0.12418688E+00  0.56186095E-02  0.33941141E+00  0.64573079E+00 -0.18513422E-02  0.42956334E-03  0.14670677E-02  0.88913985E-05 -0.87826538E+00
   0.83145082E+00  0.13475100E+04  0.20030768E+00 -0.11957641E+00  0.12274615E+02  0.26381710E+01  0.53512335E+00  0.90918362E+00  0.16986853E+02  0.23846045E+00 -0.30778294E-01 -0.80969542E-01 -0.27455814E-01  0.10752603E+00  0.71054259E-02  0.11361535E+00  0.20169981E+00  0.58851806E-02  0.19988864E-03  0.10214326E-02  0.57226925E-05 -0.16588440E+01
   0.88879740E+00  0.14404501E+04  0.20725299E+00 -0.11380162E+00  0.12427028E+02  0.23465943E+01  0.49637206E-01  0.84764421E-01  0.35420239E+01  0.66192426E-01 -0.69311322E-02 -0.69004623E-02 -0.84687890E-02  0.21686263E-01  0.27026876E-02  0.27229541E-02  0.43245363E-02  0.19019868E-03  0.21833510E-04  0.21298464E-03 -0.79821939E-06 -0.23854675E+01
   0.95008671E+00  0.15397800E+04  0.20990054E+00 -0.74693739E-01  0.13043808E+02  0.11245283E+01  0.11051323E-03  0.16063805E-03  0.13523113E-01  0.56033378E-03 -0.30639098E-04 -0.47985095E-05 -0.22220789E-04  0.30124940E-04  0.46965642E-05  0.26529298E-06  0.42621673E-06  0.28631181E-07  0.75248096E-07  0.81315522E-06  0.39845399E-05 -0.25500793E+01
   0.10156150E+01  0.16459800E+04  0.19450712E+00 -0.60174400E-02  0.15555342E+02  0.47778064E+00  0.57001831E-03  0.23208137E-02  0.67987569E-01  0.36163710E-02 -0.11195982E-03  0.98674047E-06 -0.40416828E-04  0.22206761E-04  0.64251646E-02 -0.74025894E-06 -0.27579802E-05 -0.29062730E-06  0.97248392E-06  0.40881450E-05  0.11265736E-04 -0.98852539E+00
   0.10856600E+01  0.17595000E+04  0.19459486E+00 -0.61541279E-02  0.16589985E+02  0.36155874E+00  0.40901393E-01  0.66370249E-01  0.75885639E-01  0.14446281E+00 -0.84734129E-04 -0.69551277E-06  0.15527373E-05  0.35880716E-04  0.21701427E+00 -0.77097593E-05 -0.73573999E-02 -0.64943284E-04  0.25172041E-04  0.45630622E-05  0.74472155E-05 -0.10688782E+01
   0.11605548E+01  0.18808799E+04  0.19475441E+00 -0.65392992E-02  0.17657551E+02  0.30051079E+00  0.68430118E-01  0.95421515E-01  0.93477577E-01  0.23359433E+00 -0.11218625E-03 -0.13759563E-05  0.35081800E-05  0.22440812E-04  0.31991675E+00 -0.78688890E-05 -0.74633630E-02 -0.75566822E-04  0.37495636E-04  0.56208792E-05  0.39874158E-05 -0.12045288E+01
   0.12405956E+01  0.20106000E+04  0.19496316E+00 -0.70177158E-02  0.18762117E+02  0.28013304E+00  0.93794629E-01  0.11690146E+00  0.10375480E+00  0.31144744E+00 -0.97383243E-04 -0.19885163E-05  0.44202611E-05  0.76119945E-05  0.39977816E+00 -0.87608996E-05 -0.82338648E-02 -0.92860799E-04  0.47198679E-04  0.62388563E-05  0.30413275E-05 -0.13937378E+01
   0.13261527E+01  0.21492600E+04  0.19520342E+00 -0.74574864E-02  0.19916584E+02  0.27817675E+00  0.11949588E+00  0.13367483E+00  0.10624552E+00  0.38998029E+00 -0.79512487E-04 -0.19181712E-05  0.39884844E-05  0.80560505E-06  0.46439439E+00 -0.90957656E-05 -0.86974176E-02 -0.11094134E-03  0.55677236E-04  0.63886250E-05  0.24752655E-05 -0.16257019E+01
   0.14176147E+01  0.22974900E+04  0.19536467E+00 -0.77955225E-02  0.21136368E+02  0.27794477E+00  0.14380662E+00  0.14626388E+00  0.10472997E+00  0.46525881E+00 -0.80750542E-04 -0.12417065E-05  0.28584695E-05  0.99053111E-07  0.51416928E+00 -0.81958578E-05 -0.82561113E-02 -0.11502398E-03  0.62877007E-04  0.62974937E-05  0.20522000E-05 -0.18883972E+01
   0.15153888E+01  0.24559500E+04  0.19546914E+00 -0.80188438E-02  0.22433268E+02  0.27790502E+00  0.16449569E+00  0.15528074E+00  0.10254201E+00  0.52990127E+00 -0.26783067E-04 -0.83826700E-06  0.17354477E-05  0.19447944E-07  0.55049801E+00 -0.63834937E-05 -0.68224701E-02 -0.99577141E-04  0.68574693E-04  0.61659307E-05  0.16657380E-05 -0.21763000E+01
   0.16199009E+01  0.26253298E+04  0.19554657E+00 -0.81397090E-02  0.23815226E+02  0.27789164E+00  0.17985541E+00  0.16123047E+00  0.10091528E+00  0.57740015E+00 -0.19873514E-04 -0.49660736E-06  0.80104667E-06 -0.37581280E-07  0.57474619E+00 -0.40443369E-05 -0.45451755E-02 -0.66909990E-04  0.72565141E-04  0.60681136E-05  0.10868247E-05 -0.24883728E+01
   0.17316324E+01  0.28064099E+04  0.19557840E+00 -0.81836525E-02  0.25287113E+02  0.27802518E+00  0.18826622E+00  0.16428475E+00  0.10010216E+00  0.60257924E+00 -0.34722510E-04 -0.14132787E-06  0.20697021E-06 -0.18632446E-06  0.58733684E+00 -0.14101106E-05 -0.16350662E-02 -0.23794833E-04  0.74632619E-04  0.60192201E-05  0.34790094E-06 -0.28275757E+01
   0.18510642E+01  0.29999700E+04  0.19557838E+00 -0.81836525E-02  0.26856934E+02  0.27849951E+00  0.18826623E+00  0.16428475E+00  0.10010216E+00  0.60257912E+00  0.44874299E-01  0.19556423E-08  0.00000000E+00 -0.11778156E-04  0.58733684E+00 -0.14121871E-05 -0.16350674E-02 -0.23822327E-04  0.74556548E-04  0.60192201E-05  0.34790094E-06 -0.31936951E+01
