   0.37011717E-03  0.46985999E+00  0.12260823E-01 -0.11035105E-01  0.70113978E+01  0.22010975E+01  0.97066247E+00  0.36643057E+01  0.67546177E+04  0.40000000E+01 -0.10001035E+01 -0.93418039E-01  0.19291802E+00 -0.12999685E+00  0.79512893E-03 -0.18603641E-04 -0.11527127E-04 -0.22997294E-06  0.14765134E+00  0.24911441E+00 -0.11204380E-03  0.66312256E+01
   0.39809695E-03  0.50537997E+00  0.12464245E-01 -0.11218192E-01  0.70270619E+01  0.22032728E+01  0.97066247E+00  0.33732512E+01  0.59979468E+04  0.43912673E+01 -0.10150596E+01 -0.95394589E-01  0.19669551E+00 -0.13178061E+00  0.89351443E-03  0.28718518E-01  0.14563746E+01 -0.84827445E-01  0.12310313E+00  0.22120793E+00 -0.10123745E-03  0.66461487E+01
   0.42799083E-03  0.54332995E+00  0.12671750E-01 -0.11404837E-01  0.70431232E+01  0.22054944E+01  0.96512997E+00  0.31058090E+01  0.53177236E+04  0.47544088E+01 -0.10030913E+01 -0.95030099E-01  0.19527720E+00 -0.13042164E+00  0.98721241E-03  0.10017476E+00  0.13442650E+01 -0.80129601E-01  0.10270382E+00  0.19612089E+00 -0.89691835E-04  0.66614380E+01
   0.45994070E-03  0.58389002E+00  0.12883958E-01 -0.11595582E-01  0.70596590E+01  0.22077694E+01  0.95470107E+00  0.28596807E+01  0.47063389E+04  0.50943761E+01 -0.99047667E+00 -0.94557613E-01  0.19359411E+00 -0.12883079E+00  0.10749471E-02  0.15885814E+00  0.12380573E+01 -0.76046102E-01  0.85718654E-01  0.17357264E+00 -0.82960039E-04  0.66771545E+01
   0.49411185E-03  0.62726998E+00  0.13101830E-01 -0.11791276E-01  0.70767517E+01  0.22101097E+01  0.93991089E+00  0.26328850E+01  0.41571704E+04  0.54153528E+01 -0.97707748E+00 -0.94051108E-01  0.19180246E+00 -0.12714112E+00  0.11576900E-02  0.20604952E+00  0.11375769E+01 -0.72508991E-01  0.71551248E-01  0.15331899E+00 -0.79687663E-04  0.66933899E+01
   0.53064624E-03  0.67365003E+00  0.13326097E-01 -0.11992557E-01  0.70944667E+01  0.22125258E+01  0.92125648E+00  0.24239488E+01  0.36649863E+04  0.57206788E+01 -0.96278542E+00 -0.93507715E-01  0.18989487E+00 -0.12534490E+00  0.12363035E-02  0.24276561E+00  0.10426961E+01 -0.69473132E-01  0.59729982E-01  0.13516693E+00 -0.77182587E-04  0.67102051E+01
   0.56968554E-03  0.72320998E+00  0.13557448E-01 -0.12200022E-01  0.71128697E+01  0.22150271E+01  0.89920461E+00  0.22315907E+01  0.32251062E+04  0.60132856E+01 -0.94761926E+00 -0.92922665E-01  0.18786114E+00 -0.12342602E+00  0.13115681E-02  0.27000469E+00  0.95329630E+00 -0.66886492E-01  0.49866296E-01  0.11894388E+00 -0.75317614E-04  0.67276611E+01
   0.61141886E-03  0.77618998E+00  0.13796837E-01 -0.12414502E-01  0.71320534E+01  0.22176270E+01  0.87416762E+00  0.20544727E+01  0.28328345E+04  0.62960811E+01 -0.93152922E+00 -0.92291258E-01  0.18568917E+00 -0.12139642E+00  0.13842590E-02  0.28876951E+00  0.86916256E+00 -0.64683281E-01  0.41629255E-01  0.10447666E+00 -0.73875781E-04  0.67458496E+01
   0.65603520E-03  0.83283001E+00  0.14045219E-01 -0.12636824E-01  0.71521130E+01  0.22203405E+01  0.84653139E+00  0.18914443E+01  0.24840286E+04  0.65715690E+01 -0.91439849E+00 -0.91608621E-01  0.18336676E+00 -0.11923376E+00  0.14550301E-02  0.30001208E+00  0.79010379E+00 -0.62785752E-01  0.34748491E-01  0.91612488E-01 -0.72593277E-04  0.67648621E+01
   0.70372364E-03  0.89336997E+00  0.14303602E-01 -0.12867856E-01  0.71731524E+01  0.22231824E+01  0.81665885E+00  0.17414832E+01  0.21749375E+04  0.68419123E+01 -0.89612186E+00 -0.90869881E-01  0.18088335E+00 -0.11691260E+00  0.15244621E-02  0.30464166E+00  0.71594036E+00 -0.61101627E-01  0.29000789E-01  0.80213018E-01 -0.71486735E-04  0.67847900E+01
   0.75469690E-03  0.95807999E+00  0.14573229E-01 -0.13108668E-01  0.71952977E+01  0.22261720E+01  0.78487521E+00  0.16035901E+01  0.19019834E+04  0.71090846E+01 -0.87662053E+00 -0.90070158E-01  0.17822708E+00 -0.11444819E+00  0.15930904E-02  0.30352738E+00  0.64646214E+00 -0.59522018E-01  0.24198454E-01  0.70146307E-01 -0.70281189E-04  0.68057251E+01
   0.80919126E-03  0.10272601E+01  0.14855626E-01 -0.13360579E-01  0.72187047E+01  0.22293339E+01  0.75146770E+00  0.14768049E+01  0.16618058E+04  0.73748236E+01 -0.85585624E+00 -0.89201562E-01  0.17538160E+00 -0.11182653E+00  0.16613726E-02  0.29748678E+00  0.58144164E+00 -0.57912637E-01  0.20184418E-01  0.61288409E-01 -0.69015587E-04  0.68278809E+01
   0.86744298E-03  0.11012100E+01  0.15152575E-01 -0.13625121E-01  0.72435551E+01  0.22326961E+01  0.71670049E+00  0.13602533E+01  0.14513584E+04  0.76404181E+01 -0.83376580E+00 -0.88256612E-01  0.17233041E+00 -0.10902663E+00  0.17296466E-02  0.28728488E+00  0.52066928E+00 -0.56109861E-01  0.16828787E-01  0.53526983E-01 -0.67643479E-04  0.68513794E+01
   0.92971209E-03  0.11802599E+01  0.15466349E-01 -0.13904249E-01  0.72700768E+01  0.22362955E+01  0.68079966E+00  0.12530804E+01  0.12677827E+04  0.79067135E+01 -0.81022763E+00 -0.87228820E-01  0.16905898E+00 -0.10604528E+00  0.17981314E-02  0.27363110E+00  0.46392378E+00 -0.53926334E-01  0.14022428E-01  0.46756599E-01 -0.66010536E-04  0.68764648E+01
   0.99628209E-03  0.12647700E+01  0.15799871E-01 -0.14200482E-01  0.72985530E+01  0.22401779E+01  0.64395469E+00  0.11544566E+01  0.11084358E+04  0.81739311E+01 -0.78512096E+00 -0.86109608E-01  0.16555007E+00 -0.10286967E+00  0.18668878E-02  0.25717467E+00  0.41098261E+00 -0.51154122E-01  0.11674023E-01  0.40879786E-01 -0.64172418E-04  0.69034119E+01
   0.10674368E-02  0.13551000E+01  0.16156808E-01 -0.14516969E-01  0.73293324E+01  0.22444012E+01  0.60633403E+00  0.10636063E+01  0.97094098E+03  0.84412880E+01 -0.75836647E+00 -0.84888272E-01  0.16178221E+00 -0.99481732E-01  0.19357153E-02  0.23851551E+00  0.36164758E+00 -0.47573749E-01  0.97078653E-02  0.35808895E-01 -0.61573337E-04  0.69325256E+01
   0.11435066E-02  0.14516701E+01  0.16542094E-01 -0.14857953E-01  0.73628683E+01  0.22490399E+01  0.56806427E+00  0.97973967E+00  0.85309149E+03  0.87066841E+01 -0.72985810E+00 -0.83551474E-01  0.15773137E+00 -0.95858626E-01  0.20041175E-02  0.21819232E+00  0.31571379E+00 -0.42968430E-01  0.80599934E-02  0.31462535E-01 -0.58162499E-04  0.69642334E+01
   0.12247991E-02  0.15548699E+01  0.16961979E-01 -0.15228796E-01  0.73997188E+01  0.22541857E+01  0.52927417E+00  0.90213227E+00  0.75297601E+03  0.89657021E+01 -0.69949752E+00 -0.82085557E-01  0.15337323E+00 -0.92001356E-01  0.20710882E-02  0.19670928E+00  0.27302548E+00 -0.37163828E-01  0.66779465E-02  0.27770214E-01 -0.53905875E-04  0.69991455E+01
   0.13117159E-02  0.16652100E+01  0.17425166E-01 -0.15636958E-01  0.74406333E+01  0.22599607E+01  0.49005014E+00  0.83000356E+00  0.66882141E+03  0.92108765E+01 -0.66712153E+00 -0.80471724E-01  0.14867423E+00 -0.87895438E-01  0.21349965E-02  0.17451648E+00  0.23341666E+00 -0.30074704E-01  0.55168630E-02  0.24666542E-01 -0.48093654E-04  0.70379028E+01
   0.14046351E-02  0.17831699E+01  0.17942945E-01 -0.16092082E-01  0.74865489E+01  0.22665107E+01  0.45051277E+00  0.76263601E+00  0.59915350E+03  0.94296560E+01 -0.63262361E+00 -0.78688137E-01  0.14359969E+00 -0.83534285E-01  0.21931757E-02  0.15204960E+00  0.19678663E+00 -0.21773461E-01  0.45403284E-02  0.22097146E-01 -0.40217867E-04  0.70814514E+01
   0.15039585E-02  0.19092599E+01  0.18530428E-01 -0.16607042E-01  0.75386696E+01  0.22740145E+01  0.41081715E+00  0.69932544E+00  0.54271277E+03  0.96022558E+01 -0.59590262E+00 -0.76711722E-01  0.13811673E+00 -0.78930892E-01  0.22415353E-02  0.12972774E+00  0.16307576E+00 -0.12573970E-01  0.37514321E-02  0.20015577E-01 -0.29868515E-04  0.71309814E+01
   0.16101351E-02  0.20440500E+01  0.19208087E-01 -0.17199202E-01  0.75985422E+01  0.22826831E+01  0.37117606E+00  0.63938874E+00  0.49842590E+03  0.96991663E+01 -0.55692542E+00 -0.74519090E-01  0.13219586E+00 -0.74093334E-01  0.22739915E-02  0.10796221E+00  0.13226812E+00 -0.31144768E-02  0.31925684E-02  0.18382251E-01 -0.16178496E-04  0.71879272E+01
   0.17236137E-02  0.21881099E+01  0.20003386E-01 -0.17891744E-01  0.76680994E+01  0.22927513E+01  0.33191693E+00  0.58223581E+00  0.46537030E+03  0.96791840E+01 -0.51583999E+00 -0.72088704E-01  0.12581703E+00 -0.69045775E-01  0.22818421E-02  0.87180078E-01  0.10441688E+00  0.56300480E-02  0.27163269E-02  0.17163141E-01  0.19031786E-05  0.72542419E+01
   0.18449380E-02  0.23421299E+01  0.20954190E-01 -0.18716458E-01  0.77497573E+01  0.23044837E+01  0.29349077E+00  0.52741194E+00  0.44260898E+03  0.94903946E+01 -0.47299939E+00 -0.69397986E-01  0.11896399E+00 -0.63817181E-01  0.22534169E-02  0.67817055E-01  0.79633750E-01  0.12483029E-01  0.23089948E-02  0.16323689E-01  0.25441750E-04  0.73322449E+01
   0.19746278E-02  0.25067701E+01  0.22111557E-01 -0.19715890E-01  0.78463140E+01  0.23181639E+01  0.25656042E+00  0.47481474E+00  0.42894620E+03  0.90782633E+01 -0.42909297E+00 -0.66421561E-01  0.11162687E+00 -0.58427837E-01  0.21747963E-02  0.50352819E-01  0.58136106E-01  0.16385486E-01  0.19599465E-02  0.15819797E-01  0.55419361E-04  0.74246826E+01
   0.21132505E-02  0.26827500E+01  0.23543723E-01 -0.20946385E-01  0.79607830E+01  0.23341031E+01  0.22202814E+00  0.42488208E+00  0.42240158E+03  0.84062510E+01 -0.38509616E+00 -0.63137397E-01  0.10381484E+00 -0.52892458E-01  0.20333005E-02  0.35308909E-01  0.40232461E-01  0.16902534E-01  0.16614379E-02  0.15578428E-01  0.92534494E-04  0.75344849E+01
   0.22614440E-02  0.28708801E+01  0.25335338E-01 -0.22476843E-01  0.80958328E+01  0.23526163E+01  0.19105534E+00  0.37876943E+00  0.41954352E+03  0.74890728E+01 -0.34224337E+00 -0.59577893E-01  0.95643401E-01 -0.47270361E-01  0.18256799E-02  0.23206685E-01  0.26247388E-01  0.14634088E-01  0.14085253E-02  0.15473021E-01  0.13592513E-03  0.76643066E+01
   0.24198699E-02  0.30720000E+01  0.27570538E-01 -0.24373671E-01  0.82525139E+01  0.23738828E+01  0.16490440E+00  0.33818448E+00  0.41520465E+03  0.64214849E+01 -0.30202505E+00 -0.55924240E-01  0.87474242E-01 -0.41748740E-01  0.15692617E-02  0.14382616E-01  0.16295966E-01  0.11077972E-01  0.11980277E-02  0.15313000E-01  0.18208382E-03  0.78151245E+01
   0.25893080E-02  0.32870998E+01  0.30292526E-01 -0.26666384E-01  0.84286146E+01  0.23976970E+01  0.14432472E+00  0.30441487E+00  0.40369409E+03  0.53548613E+01 -0.26575917E+00 -0.52476611E-01  0.79827480E-01 -0.36612812E-01  0.13023389E-02  0.86886398E-02  0.99948216E-02  0.77578821E-02  0.10255621E-02  0.14888484E-01  0.22451473E-03  0.79847412E+01
   0.27703254E-02  0.35168998E+01  0.33452515E-01 -0.29305894E-01  0.86175957E+01  0.24232399E+01  0.12884235E+00  0.27703661E+00  0.38144345E+03  0.44104629E+01 -0.23368219E+00 -0.49389713E-01  0.72953790E-01 -0.32024954E-01  0.10619431E-02  0.54550744E-02  0.64721205E-02  0.53911456E-02  0.88296115E-03  0.14067867E-01  0.25701022E-03  0.81667480E+01
   0.29636316E-02  0.37623000E+01  0.36924835E-01 -0.32179903E-01  0.88110104E+01  0.24493504E+01  0.11682892E+00  0.25382513E+00  0.34888791E+03  0.36203756E+01 -0.20486048E+00 -0.46511520E-01  0.66624910E-01 -0.27921505E-01  0.86155022E-03  0.37974375E-02  0.46857065E-02  0.39139939E-02  0.75990637E-03  0.12867198E-01  0.27690490E-03  0.83529663E+01
   0.31706437E-02  0.40250998E+01  0.40585730E-01 -0.35180323E-01  0.90024433E+01  0.24751182E+01  0.10658324E+00  0.23251635E+00  0.30992871E+03  0.29621875E+01 -0.17836374E+00 -0.43622080E-01  0.60532235E-01 -0.24184177E-01  0.69686706E-03  0.29596346E-02  0.37684399E-02  0.29904423E-02  0.64954319E-03  0.11430359E-01  0.28572747E-03  0.85370483E+01
   0.33915988E-02  0.43056002E+01  0.44330727E-01 -0.38217764E-01  0.91871777E+01  0.24998772E+01  0.97177774E-01  0.21217687E+00  0.26964594E+03  0.24128101E+01 -0.15409389E+00 -0.40666118E-01  0.54629724E-01 -0.20788174E-01  0.56136778E-03  0.24678358E-02  0.31938618E-02  0.23548629E-02  0.55064482E-03  0.99447062E-02  0.28720687E-03  0.87144775E+01
   0.36281506E-02  0.46059003E+01  0.48123449E-01 -0.41260209E-01  0.93640070E+01  0.25234537E+01  0.88261463E-01  0.19263960E+00  0.23141536E+03  0.19531604E+01 -0.13212626E+00 -0.37678517E-01  0.48975687E-01 -0.17732974E-01  0.44939239E-03  0.20968190E-02  0.27296266E-02  0.18679413E-02  0.46319561E-03  0.85347397E-02  0.28414949E-03  0.88839722E+01
   0.38807718E-02  0.49266000E+01  0.51933121E-01 -0.44281173E-01  0.95319109E+01  0.25457125E+01  0.79830565E-01  0.17412587E+00  0.19692609E+03  0.15715528E+01 -0.11259388E+00 -0.34730837E-01  0.43669455E-01 -0.15030979E-01  0.35747414E-03  0.17742483E-02  0.23129690E-02  0.14763831E-02  0.38735970E-03  0.72627543E-02  0.27836993E-03  0.90445862E+01
   0.41508800E-02  0.52694998E+01  0.55753820E-01 -0.47274567E-01  0.96909637E+01  0.25666687E+01  0.71921177E-01  0.15676941E+00  0.16652921E+03  0.12568908E+01 -0.95423400E-01 -0.31867784E-01  0.38753290E-01 -0.12666769E-01  0.28246490E-03  0.14851326E-02  0.19364351E-02  0.11570671E-02  0.32234358E-03  0.61416985E-02  0.27093795E-03  0.91963501E+01
   0.44394215E-02  0.56357999E+01  0.59574731E-01 -0.50230820E-01  0.98410931E+01  0.25863166E+01  0.64582117E-01  0.14067799E+00  0.14012674E+03  0.10000122E+01 -0.80500692E-01 -0.29123837E-01  0.34251794E-01 -0.10622583E-01  0.22187694E-03  0.12293366E-02  0.16029022E-02  0.89866464E-03  0.26718341E-03  0.51679597E-02  0.26238593E-03  0.93392029E+01
   0.47480492E-02  0.60275998E+01  0.63393921E-01 -0.53147562E-01  0.99826107E+01  0.26047087E+01  0.57830669E-01  0.12588350E+00  0.11739234E+03  0.79185641E+00 -0.67634627E-01 -0.26521562E-01  0.30165955E-01 -0.88696796E-02  0.17333958E-03  0.10067502E-02  0.13125825E-02  0.69182523E-03  0.22070782E-03  0.43295012E-02  0.25309666E-03  0.94734192E+01
   0.50781816E-02  0.64466996E+01  0.67204952E-01 -0.56019187E-01  0.10115700E+02  0.26218753E+01  0.51679865E-01  0.11241072E+00  0.97998863E+02  0.62472433E+00 -0.56642666E-01 -0.24081700E-01  0.26493544E-01 -0.73802904E-02  0.13483783E-03  0.81616727E-03  0.10639250E-02  0.52812835E-03  0.18186339E-03  0.36142578E-02  0.24339916E-03  0.95991516E+01
   0.54307641E-02  0.68943000E+01  0.70995979E-01 -0.58836490E-01  0.10240416E+02  0.26378369E+01  0.46139728E-01  0.10027949E+00  0.81628731E+02  0.49187514E+00 -0.47349803E-01 -0.21823961E-01  0.23229808E-01 -0.61304066E-02  0.10466840E-03  0.65564044E-03  0.85438852E-03  0.40047293E-03  0.14969704E-03  0.30105175E-02  0.23343344E-03  0.97164612E+01
   0.58076875E-02  0.73728004E+01  0.74765384E-01 -0.61598320E-01  0.10357218E+02  0.26526718E+01  0.41194689E-01  0.89453541E-01  0.67913574E+02  0.38696721E+00 -0.39550472E-01 -0.19758163E-01  0.20354457E-01 -0.50888872E-02  0.81199614E-04  0.52222918E-03  0.68016071E-03  0.30205847E-03  0.12322546E-03  0.25046940E-02  0.22338323E-03  0.98257141E+01
   0.62108417E-02  0.78846002E+01  0.78510337E-01 -0.64302757E-01  0.10466507E+02  0.26664424E+01  0.36823582E-01  0.79885565E-01  0.56512329E+02  0.30465773E+00 -0.33054169E-01 -0.17890481E-01  0.17844167E-01 -0.42267395E-02  0.63030115E-04  0.41285166E-03  0.53727120E-03  0.22690935E-03  0.10158038E-03  0.20842091E-02  0.21343057E-03  0.99273376E+01
   0.66416450E-02  0.84315004E+01  0.82223698E-01 -0.66945098E-01  0.10568602E+02  0.26792045E+01  0.33001598E-01  0.71520008E-01  0.47115368E+02  0.24054770E+00 -0.27690465E-01 -0.16222933E-01  0.15674656E-01 -0.35184987E-02  0.49049613E-04  0.32426204E-03  0.42148560E-03  0.17020492E-03  0.84009378E-04  0.17376435E-02  0.20364740E-03  0.10021606E+02
   0.71019870E-02  0.90158997E+01  0.85903294E-01 -0.69524653E-01  0.10663968E+02  0.26910229E+01  0.29696951E-01  0.64286977E-01  0.39423115E+02  0.19076304E+00 -0.23285056E-01 -0.14756050E-01  0.13818912E-01 -0.29412389E-02  0.38358805E-04  0.25328397E-03  0.32862529E-03  0.12790186E-03  0.69817179E-04  0.14539486E-02  0.19415085E-03  0.10108917E+02
   0.75942320E-02  0.96408005E+01  0.89550242E-01 -0.72042897E-01  0.10753062E+02  0.27019818E+01  0.26869338E-01  0.58097538E-01  0.33157349E+02  0.15218034E+00 -0.19687712E-01 -0.13481834E-01  0.12243967E-01 -0.24743243E-02  0.30213234E-04  0.19702505E-03  0.25498492E-03  0.96475684E-04  0.58398644E-04  0.12228632E-02  0.18500225E-03  0.10189728E+02
   0.81205061E-02  0.10308900E+02  0.93163237E-01 -0.74499950E-01  0.10836360E+02  0.27121539E+01  0.24476981E-01  0.52859098E-01  0.28073330E+02  0.12230083E+00 -0.16759573E-01 -0.12390049E-01  0.10918857E-01 -0.20961419E-02  0.23983834E-04  0.15293594E-03  0.19726048E-03  0.73277566E-04  0.49236180E-04  0.10353616E-02  0.17618352E-03  0.10264465E+02
   0.86829364E-02  0.11022900E+02  0.96740574E-01 -0.76895609E-01  0.10914156E+02  0.27215831E+01  0.22474376E-01  0.48470825E-01  0.23958141E+02  0.99143080E-01 -0.14380923E-01 -0.11467126E-01  0.98116742E-02 -0.17898576E-02  0.19206949E-04  0.11870590E-03  0.15244949E-03  0.56147546E-04  0.41892377E-04  0.88359084E-03  0.16774511E-03  0.10333374E+02
   0.92843603E-02  0.11786401E+02  0.10028527E+00 -0.79232976E-01  0.10986983E+02  0.27303421E+01  0.20812547E-01  0.44825628E-01  0.20629063E+02  0.81165992E-01 -0.12454549E-01 -0.10694877E-01  0.88900011E-02 -0.15428113E-02  0.15542744E-04  0.92174996E-04  0.11772903E-03  0.43479293E-04  0.36005538E-04  0.76081237E-03  0.15973272E-03  0.10396912E+02
   0.99271378E-02  0.12602400E+02  0.10379788E+00 -0.81513450E-01  0.11055173E+02  0.27384870E+01  0.19449608E-01  0.41830674E-01  0.17932720E+02  0.67129992E-01 -0.10887601E-01 -0.10059186E-01  0.81274631E-02 -0.13423529E-02  0.12698114E-04  0.71560476E-04  0.90721514E-04  0.34166653E-04  0.31272866E-04  0.66136965E-03  0.15211669E-03  0.10455444E+02
   0.10614106E-01  0.13474501E+02  0.10727984E+00 -0.83738908E-01  0.11119097E+02  0.27460575E+01  0.18348644E-01  0.39405353E-01  0.15742849E+02  0.56095682E-01 -0.96135773E-02 -0.95446603E-02  0.74992171E-02 -0.11793684E-02  0.10482359E-04  0.55380930E-04  0.69473666E-04  0.27291180E-04  0.27459095E-04  0.58060588E-03  0.14490579E-03  0.10509216E+02
   0.11348575E-01  0.14406900E+02  0.11073397E+00 -0.85912034E-01  0.11179082E+02  0.27531126E+01  0.17479289E-01  0.37483055E-01  0.13959339E+02  0.47339011E-01 -0.85708285E-02 -0.91410326E-02  0.69871121E-02 -0.10485840E-02  0.87657290E-05  0.42721611E-04  0.52844392E-04  0.22146414E-04  0.24372524E-04  0.51482895E-03  0.13806364E-03  0.10558563E+02
   0.12133852E-01  0.15403801E+02  0.11416184E+00 -0.88034675E-01  0.11235357E+02  0.27597029E+01  0.16804846E-01  0.35981212E-01  0.12497478E+02  0.40369101E-01 -0.77157072E-02 -0.88297408E-02  0.65685366E-02 -0.93999977E-03  0.73984220E-05  0.32785192E-04  0.39795468E-04  0.18236038E-04  0.21861686E-04  0.46091460E-03  0.13157933E-03  0.10603638E+02
   0.12973007E-01  0.16469101E+02  0.11756370E+00 -0.90107806E-01  0.11288280E+02  0.27658329E+01  0.16300691E-01  0.34847807E-01  0.11295059E+02  0.34759425E-01 -0.70121624E-02 -0.86011654E-02  0.62296796E-02 -0.85074600E-03  0.63065818E-05  0.24816234E-04  0.29303674E-04  0.15275729E-04  0.19810130E-04  0.41656868E-03  0.12545254E-03  0.10644745E+02
   0.13870297E-01  0.17608200E+02  0.12094416E+00 -0.92135064E-01  0.11338016E+02  0.27715800E+01  0.15943484E-01  0.34028880E-01  0.10298212E+02  0.30214731E-01 -0.64277686E-02 -0.84445337E-02  0.59560346E-02 -0.77821891E-03  0.54314660E-05  0.18142413E-04  0.20503481E-04  0.12966862E-04  0.18121256E-04  0.37980435E-03  0.11967346E-03  0.10682037E+02
   0.14829264E-01  0.18825600E+02  0.12430275E+00 -0.94116494E-01  0.11384917E+02  0.27769513E+01  0.15724471E-01  0.33505846E-01  0.94706373E+01  0.26511442E-01 -0.59452290E-02 -0.83551677E-02  0.57395613E-02 -0.71479310E-03  0.46955461E-05  0.12130909E-04  0.12461273E-04  0.11225244E-04  0.16734572E-04  0.34928287E-03  0.11420326E-03  0.10715759E+02
   0.15854638E-01  0.20127300E+02  0.12764145E+00 -0.96054047E-01  0.11429054E+02  0.27819479E+01  0.15643535E-01  0.33278704E-01  0.87836266E+01  0.23430970E-01 -0.55419505E-02 -0.83374316E-02  0.55799871E-02 -0.66387019E-03  0.41115445E-05  0.68529675E-05  0.53396680E-05  0.99212266E-05  0.15593196E-04  0.32394551E-03  0.10903017E-03  0.10745941E+02
   0.16950432E-01  0.21518400E+02  0.13095812E+00 -0.97947165E-01  0.11470591E+02  0.27866428E+01  0.15677370E-01  0.33292495E-01  0.82060814E+01  0.20871643E-01 -0.52043111E-02 -0.83766915E-02  0.54630111E-02 -0.62383886E-03  0.36478712E-05  0.22825732E-05 -0.81600712E-06  0.88487232E-05  0.14646960E-04  0.30264529E-03  0.10413197E-03  0.10772675E+02
   0.18122083E-01  0.23005800E+02  0.13425507E+00 -0.99797674E-01  0.11509700E+02  0.27910433E+01  0.15818447E-01  0.33532161E-01  0.77197013E+01  0.18732518E-01 -0.49218698E-02 -0.84689055E-02  0.53824321E-02 -0.58845157E-03  0.32459707E-05 -0.20726952E-05 -0.67509131E-05  0.79923193E-05  0.13863641E-04  0.28470729E-03  0.99478166E-04  0.10796082E+02
   0.19374318E-01  0.24595499E+02  0.13753070E+00 -0.10160519E+00  0.11546559E+02  0.27951565E+01  0.16063921E-01  0.33990964E-01  0.73098450E+01  0.16931951E-01 -0.46871044E-02 -0.86136870E-02  0.53336369E-02 -0.55673037E-03  0.28936256E-05 -0.62011923E-05 -0.12416267E-04  0.73350234E-05  0.13218412E-04  0.26959155E-03  0.95072370E-04  0.10816254E+02
   0.20712810E-01  0.26294701E+02  0.14078574E+00 -0.10336993E+00  0.11581293E+02  0.27989855E+01  0.16401585E-01  0.34639210E-01  0.69586086E+01  0.15395900E-01 -0.44882293E-02 -0.88039935E-02  0.53118872E-02 -0.52863237E-03  0.25870522E-05 -0.10266611E-04 -0.18034421E-04  0.68689737E-05  0.12678955E-04  0.25663772E-03  0.90918125E-04  0.10833282E+02
   0.22143936E-01  0.28111500E+02  0.14402048E+00 -0.10509354E+00  0.11614069E+02  0.28025558E+01  0.16836978E-01  0.35485618E-01  0.66555557E+01  0.14062638E-01 -0.43146857E-02 -0.90438640E-02  0.53185336E-02 -0.50701998E-03  0.23385510E-05 -0.15006596E-04 -0.24667903E-04  0.65252802E-05  0.12225083E-04  0.24546095E-03  0.86976586E-04  0.10847229E+02
   0.23674078E-01  0.30054001E+02  0.14723195E+00 -0.10677446E+00  0.11644858E+02  0.28059075E+01  0.17388234E-01  0.36570515E-01  0.63975616E+01  0.12910889E-01 -0.41716667E-02 -0.93397293E-02  0.53530945E-02 -0.48826027E-03  0.21231513E-05 -0.20438247E-04 -0.32195832E-04  0.61682372E-05  0.11860509E-04  0.23594598E-03  0.83227103E-04  0.10857941E+02
   0.25309380E-01  0.32130001E+02  0.15041411E+00 -0.10841052E+00  0.11673861E+02  0.28090093E+01  0.18046826E-01  0.37865549E-01  0.61740303E+01  0.11938808E-01 -0.40545380E-02 -0.96821673E-02  0.54043429E-02 -0.47107495E-03  0.19268932E-05 -0.27015745E-04 -0.41276686E-04  0.58408236E-05  0.11571792E-04  0.22770200E-03  0.79686986E-04  0.10865601E+02
   0.27055752E-01  0.34347000E+02  0.15356062E+00 -0.10999715E+00  0.11701105E+02  0.28119075E+01  0.18852392E-01  0.39456494E-01  0.59892430E+01  0.11100511E-01 -0.39610951E-02 -0.10096112E-01  0.54878136E-02 -0.45642073E-03  0.17516952E-05 -0.35967005E-04 -0.53759624E-04  0.56170820E-05  0.11362794E-04  0.22088693E-03  0.76324490E-04  0.10870148E+02
   0.28925005E-01  0.36720001E+02  0.15667392E+00 -0.11153863E+00  0.11726715E+02  0.28145671E+01  0.19838193E-01  0.41406352E-01  0.58395720E+01  0.10386000E-01 -0.38940364E-02 -0.10590502E-01  0.56081838E-02 -0.44432975E-03  0.16054744E-05 -0.47817961E-04 -0.70040485E-04  0.53413278E-05  0.11237597E-04  0.21536698E-03  0.73118543E-04  0.10871521E+02
   0.30921871E-01  0.39255001E+02  0.15973815E+00 -0.11302646E+00  0.11750690E+02  0.28170452E+01  0.21035679E-01  0.43762133E-01  0.57205639E+01  0.97971885E-02 -0.38492098E-02 -0.11178022E-01  0.57617892E-02 -0.43762225E-03  0.14923687E-05 -0.64838445E-04 -0.93223818E-04  0.49586802E-05  0.11195723E-04  0.21097789E-03  0.70071786E-04  0.10869659E+02
   0.33058163E-01  0.41966999E+02  0.16274750E+00 -0.11445902E+00  0.11773123E+02  0.28193209E+01  0.22538535E-01  0.46712879E-01  0.56400819E+01  0.93307598E-02 -0.38347342E-02 -0.11897019E-01  0.59690792E-02 -0.43153926E-03  0.13835348E-05 -0.91516347E-04 -0.12947312E-03  0.43742880E-05  0.11265915E-04  0.20800966E-03  0.67182431E-04  0.10864532E+02
   0.35340969E-01  0.44865002E+02  0.16568330E+00 -0.11582886E+00  0.11793990E+02  0.28213971E+01  0.24472227E-01  0.50495639E-01  0.56042218E+01  0.89991679E-02 -0.38622678E-02 -0.12793802E-01  0.62463088E-02 -0.43018602E-03  0.12988123E-05 -0.13394644E-03 -0.18654185E-03  0.33390368E-05  0.11485266E-04  0.20668711E-03  0.64427317E-04  0.10856049E+02
   0.37779745E-01  0.47960999E+02  0.16852532E+00 -0.11712784E+00  0.11813348E+02  0.28232832E+01  0.27002500E-01  0.55407822E-01  0.56195478E+01  0.88220248E-02 -0.39398381E-02 -0.13927183E-01  0.66140615E-02 -0.43539575E-03  0.12430610E-05 -0.20298867E-03 -0.27867223E-03  0.14563369E-05  0.11896130E-04  0.20725235E-03  0.61783452E-04  0.10844086E+02
   0.40388666E-01  0.51273003E+02  0.17125630E+00 -0.11835016E+00  0.11831225E+02  0.28249938E+01  0.30372238E-01  0.61898932E-01  0.56986341E+01  0.88250348E-02 -0.40781363E-02 -0.15381671E-01  0.71045198E-02 -0.44546882E-03  0.11940372E-05 -0.31856354E-03 -0.43260164E-03 -0.16978895E-05  0.12564199E-04  0.21016911E-03  0.59265065E-04  0.10828491E+02
   0.43174826E-01  0.54810001E+02  0.17385074E+00 -0.11948703E+00  0.11847679E+02  0.28265100E+01  0.34910060E-01  0.70564911E-01  0.58530803E+01  0.90076383E-02 -0.42889817E-02 -0.17275695E-01  0.77619306E-02 -0.45858207E-03  0.11574357E-05 -0.51229884E-03 -0.69056766E-03 -0.67628853E-05  0.13564938E-04  0.21586516E-03  0.56859502E-04  0.10809296E+02
   0.46157125E-01  0.58596001E+02  0.17629568E+00 -0.12053605E+00  0.11862690E+02  0.28278351E+01  0.40988389E-01  0.82057670E-01  0.60867438E+01  0.93746772E-02 -0.45834146E-02 -0.19715238E-01  0.86167343E-02 -0.47925502E-03  0.11480292E-05 -0.83109242E-03 -0.11152118E-02 -0.15318199E-04  0.14978789E-04  0.22448282E-03  0.54552860E-04  0.10786194E+02
   0.49342658E-01  0.62640003E+02  0.17857420E+00 -0.12149291E+00  0.11876395E+02  0.28289926E+01  0.48929963E-01  0.96932970E-01  0.63936434E+01  0.99364072E-02 -0.49678562E-02 -0.22741457E-01  0.96690822E-02 -0.51156030E-03  0.11592616E-05 -0.13391420E-02 -0.17965045E-02 -0.28431507E-04  0.16877411E-04  0.23580146E-03  0.52349176E-04  0.10759247E+02
   0.52747965E-01  0.66963005E+02  0.18068503E+00 -0.12236074E+00  0.11888860E+02  0.28300140E+01  0.59072290E-01  0.11577348E+00  0.67603259E+01  0.10636594E-01 -0.54318812E-02 -0.26402961E-01  0.10925438E-01 -0.54770126E-03  0.11880361E-05 -0.21191582E-02 -0.28576455E-02 -0.45817364E-04  0.19304836E-04  0.24932495E-03  0.50252893E-04  0.10728271E+02
   0.56387220E-01  0.71583000E+02  0.18263139E+00 -0.12314431E+00  0.11900231E+02  0.28308895E+01  0.71633428E-01  0.13896881E+00  0.71689854E+01  0.11408221E-01 -0.59575834E-02 -0.30691683E-01  0.12366984E-01 -0.58170705E-03  0.12402431E-05 -0.32555887E-02 -0.44327420E-02 -0.67941139E-04  0.22275010E-04  0.26439654E-03  0.48255730E-04  0.10693268E+02
   0.60279332E-01  0.76524002E+02  0.18442786E+00 -0.12385281E+00  0.11910563E+02  0.28316505E+01  0.86695813E-01  0.16669981E+00  0.76005521E+01  0.12213596E-01 -0.64897859E-02 -0.35563011E-01  0.13963726E-01 -0.61947509E-03  0.13357693E-05 -0.48210570E-02 -0.66556465E-02 -0.94192532E-04  0.25771611E-04  0.28031299E-03  0.46352550E-04  0.10654053E+02
   0.64438485E-01  0.81804001E+02  0.18608829E+00 -0.12449460E+00  0.11920027E+02  0.28323085E+01  0.10420927E+00  0.19898169E+00  0.80348110E+01  0.12995362E-01 -0.70783510E-02 -0.40828414E-01  0.15627598E-01 -0.64815156E-03  0.15009578E-05 -0.68581100E-02 -0.96449079E-02 -0.11992991E-03  0.29788695E-04  0.29632871E-03  0.44547611E-04  0.10610565E+02
   0.68885945E-01  0.87449997E+02  0.18763013E+00 -0.12507863E+00  0.11928723E+02  0.28328764E+01  0.12411911E+00  0.23576671E+00  0.84574900E+01  0.13701580E-01 -0.76632700E-02 -0.46444930E-01  0.17329613E-01 -0.66150294E-03  0.17698451E-05 -0.94038183E-02 -0.13510195E-01 -0.14123054E-03  0.34260524E-04  0.31191739E-03  0.42838899E-04  0.10562714E+02
   0.73638245E-01  0.93482994E+02  0.18906814E+00 -0.12561235E+00  0.11936749E+02  0.28333547E+01  0.14630368E+00  0.27688560E+00  0.88605309E+01  0.14307421E-01 -0.82325982E-02 -0.52338585E-01  0.19038456E-01 -0.67107129E-03  0.21883288E-05 -0.12455003E-01 -0.18316448E-01 -0.15531115E-03  0.39134360E-04  0.32678177E-03  0.41218955E-04  0.10510315E+02
   0.78721389E-01  0.99936005E+02  0.19041967E+00 -0.12610392E+00  0.11944186E+02  0.28337786E+01  0.17061788E+00  0.32217160E+00  0.92378502E+01  0.14801055E-01 -0.86966474E-02 -0.58532033E-01  0.20759262E-01 -0.69039559E-03  0.28027255E-05 -0.15993252E-01 -0.24092229E-01 -0.16116993E-03  0.44332195E-04  0.34069753E-03  0.39678540E-04  0.10453125E+02
   0.84151924E-01  0.10683000E+03  0.19169590E+00 -0.12655874E+00  0.11951078E+02  0.28341496E+01  0.19685453E+00  0.37128946E+00  0.95821342E+01  0.15192173E-01 -0.91089811E-02 -0.64834446E-01  0.22421185E-01 -0.67564350E-03  0.36515682E-05 -0.19963678E-01 -0.30831868E-01 -0.15019493E-03  0.49815051E-04  0.35339495E-03  0.38212744E-04  0.10390991E+02
   0.89958191E-01  0.11420100E+03  0.19290885E+00 -0.12698230E+00  0.11957535E+02  0.28344526E+01  0.22499648E+00  0.42407751E+00  0.98892555E+01  0.15448943E-01 -0.95897904E-02 -0.71088172E-01  0.23964839E-01 -0.64185762E-03  0.47832668E-05 -0.24319433E-01 -0.38535438E-01 -0.11183690E-03  0.55552959E-04  0.36472178E-03  0.36823298E-04  0.10323669E+02
   0.96166186E-01  0.12208199E+03  0.19406641E+00 -0.12737808E+00  0.11963582E+02  0.28347170E+01  0.25493214E+00  0.48020557E+00  0.10156507E+02  0.15576759E-01 -0.99474844E-02 -0.77465586E-01  0.25450464E-01 -0.60575118E-03  0.62407121E-05 -0.29009510E-01 -0.47120124E-01 -0.48694114E-04  0.61420789E-04  0.37457820E-03  0.35503235E-04  0.10250854E+02
   0.10279956E+00  0.13050301E+03  0.19517486E+00 -0.12774923E+00  0.11969250E+02  0.28349273E+01  0.28649381E+00  0.53926325E+00  0.10383847E+02  0.15579944E-01 -0.10248373E-01 -0.83847404E-01  0.26836520E-01 -0.55007817E-03  0.80606624E-05 -0.33948541E-01 -0.56461979E-01  0.35157278E-04  0.67366920E-04  0.38296261E-03  0.34243731E-04  0.10172272E+02
   0.10989139E+00  0.13950601E+03  0.19624090E+00 -0.12809840E+00  0.11974579E+02  0.28351045E+01  0.31955057E+00  0.60090947E+00  0.10574548E+02  0.15487622E-01 -0.10531841E-01 -0.90157904E-01  0.28098911E-01 -0.48724719E-03  0.10278703E-04 -0.39094146E-01 -0.66446416E-01  0.13070069E-03  0.73359603E-04  0.38999575E-03  0.33043485E-04  0.10087524E+02
   0.11747475E+00  0.14913300E+03  0.19727126E+00 -0.12842867E+00  0.11979612E+02  0.28352373E+01  0.35399726E+00  0.66480428E+00  0.10730829E+02  0.15318203E-01 -0.10712708E-01 -0.96507780E-01  0.29283335E-01 -0.40279079E-03  0.12927171E-04 -0.44337247E-01 -0.76914653E-01  0.25135305E-03  0.79330857E-04  0.39575953E-03  0.31898544E-04  0.99962769E+01
   0.12557800E+00  0.15942000E+03  0.19826949E+00 -0.12874141E+00  0.11984360E+02  0.28353381E+01  0.38974181E+00  0.73055273E+00  0.10854127E+02  0.15066319E-01 -0.10836290E-01 -0.10286361E+00  0.30348377E-01 -0.30925072E-03  0.16033515E-04 -0.49621914E-01 -0.87707579E-01  0.40196307E-03  0.85228501E-04  0.40030680E-03  0.30800704E-04  0.98981018E+01
   0.13424134E+00  0.17041800E+03  0.19924074E+00 -0.12903851E+00  0.11988860E+02  0.28354003E+01  0.42676494E+00  0.79782301E+00  0.10947345E+02  0.14748237E-01 -0.11056464E-01 -0.10894042E+00  0.31231536E-01 -0.21561873E-03  0.19625271E-04 -0.54964963E-01 -0.98709710E-01  0.57096104E-03  0.91056143E-04  0.40374475E-03  0.29755014E-04  0.97926025E+01
   0.14350253E+00  0.18217500E+03  0.20018777E+00 -0.12932131E+00  0.11993138E+02  0.28354440E+01  0.46508279E+00  0.86628085E+00  0.11014277E+02  0.14372065E-01 -0.11320533E-01 -0.11476858E+00  0.31959154E-01 -0.11069658E-03  0.23725903E-04 -0.60248408E-01 -0.10969952E+00  0.75914449E-03  0.96762225E-04  0.40621322E-03  0.28755638E-04  0.96793213E+01
   0.15340179E+00  0.19474200E+03  0.20111285E+00 -0.12959078E+00  0.11997211E+02  0.28354492E+01  0.50452214E+00  0.93551213E+00  0.11058619E+02  0.13950179E-01 -0.11343187E-01 -0.12094607E+00  0.32664478E-01  0.44125074E-04  0.28357234E-04 -0.65340087E-01 -0.12033221E+00  0.94338477E-03  0.10223738E-03  0.40784859E-03  0.27794822E-04  0.95577087E+01
   0.16398400E+00  0.20817601E+03  0.20201939E+00 -0.12984781E+00  0.12001068E+02  0.28354228E+01  0.54475886E+00  0.10050851E+01  0.11084073E+02  0.13511198E-01 -0.11112889E-01 -0.12752199E+00  0.33355832E-01  0.20717045E-03  0.33542641E-04 -0.70182264E-01 -0.13034996E+00  0.10998331E-02  0.10746227E-03  0.40878737E-03  0.26874812E-04  0.94272156E+01
   0.17529641E+00  0.22253700E+03  0.20291094E+00 -0.13009378E+00  0.12004746E+02  0.28353643E+01  0.58558905E+00  0.10746593E+01  0.11093934E+02  0.13072098E-01 -0.10969345E-01 -0.13379595E+00  0.33868320E-01  0.35990085E-03  0.39306899E-04 -0.74628398E-01 -0.13953269E+00  0.12435917E-02  0.11250672E-03  0.40915105E-03  0.25990264E-04  0.92872925E+01
   0.18738867E+00  0.23788800E+03  0.20379107E+00 -0.13032974E+00  0.12008268E+02  0.28352869E+01  0.62693733E+00  0.11438988E+01  0.11090220E+02  0.12632538E-01 -0.10993656E-01 -0.13961235E+00  0.34152236E-01  0.51227194E-03  0.45676185E-04 -0.78542858E-01 -0.14760585E+00  0.13903914E-02  0.11736238E-03  0.40901409E-03  0.25141413E-04  0.91372986E+01
   0.20031512E+00  0.25429800E+03  0.20466268E+00 -0.13055649E+00  0.12011666E+02  0.28351805E+01  0.66870558E+00  0.12124178E+01  0.11073740E+02  0.12194227E-01 -0.11142251E-01 -0.14499144E+00  0.34221042E-01  0.72028773E-03  0.52676685E-04 -0.82019500E-01 -0.15445712E+00  0.15436144E-02  0.12199039E-03  0.40840628E-03  0.24329587E-04  0.89766235E+01
   0.21413249E+00  0.27183899E+03  0.20552814E+00 -0.13077459E+00  0.12014949E+02  0.28350396E+01  0.71100879E+00  0.12798959E+01  0.11046958E+02  0.11753418E-01 -0.11345609E-01 -0.15003955E+00  0.34112502E-01  0.92428160E-03  0.60332823E-04 -0.85236914E-01 -0.16008988E+00  0.16952972E-02  0.12635511E-03  0.40741856E-03  0.23547858E-04  0.88045044E+01
   0.22890456E+00  0.29059201E+03  0.20638829E+00 -0.13098428E+00  0.12018135E+02  0.28348761E+01  0.75376904E+00  0.13459791E+01  0.11012737E+02  0.11318162E-01 -0.11217607E-01 -0.15567911E+00  0.34036554E-01  0.11569506E-02  0.68671863E-04 -0.87928481E-01 -0.16398945E+00  0.18025440E-02  0.13036327E-03  0.40615647E-03  0.22793785E-04  0.86201782E+01
   0.24470460E+00  0.31064999E+03  0.20724580E+00 -0.13118610E+00  0.12021204E+02  0.28346748E+01  0.79636854E+00  0.14101130E+01  0.10971859E+02  0.10906636E-01 -0.10959749E-01 -0.16145463E+00  0.33844750E-01  0.14499167E-02  0.77727811E-04 -0.89500763E-01 -0.16547421E+00  0.18553823E-02  0.13403750E-03  0.40464883E-03  0.22070497E-04  0.84226990E+01
   0.26157752E+00  0.33207001E+03  0.20810242E+00 -0.13138002E+00  0.12024204E+02  0.28344409E+01  0.83843845E+00  0.14717159E+01  0.10925819E+02  0.10519248E-01 -0.10744588E-01 -0.16701554E+00  0.33479434E-01  0.17071982E-02  0.87519860E-04 -0.90292603E-01 -0.16474439E+00  0.18784523E-02  0.13737938E-03  0.40295089E-03  0.21375165E-04  0.82115479E+01
   0.27960840E+00  0.35496002E+03  0.20896241E+00 -0.13156706E+00  0.12027116E+02  0.28341835E+01  0.87997949E+00  0.15304407E+01  0.10876690E+02  0.10158967E-01 -0.10176943E-01 -0.17335311E+00  0.33181001E-01  0.20457976E-02  0.98092831E-04 -0.90181075E-01 -0.16152263E+00  0.18562888E-02  0.14030148E-03  0.40113894E-03  0.20705833E-04  0.79855957E+01
   0.29889172E+00  0.37944000E+03  0.20982829E+00 -0.13174762E+00  0.12029976E+02  0.28338780E+01  0.92025268E+00  0.15856448E+01  0.10823605E+02  0.98330230E-02 -0.10290395E-01 -0.17736681E+00  0.32265458E-01  0.23902690E-02  0.10949555E-03 -0.88023424E-01 -0.15475582E+00  0.17552812E-02  0.14367739E-03  0.39918112E-03  0.20059873E-04  0.77437134E+01
   0.31952208E+00  0.40563004E+03  0.21070416E+00 -0.13192149E+00  0.12032831E+02  0.28335357E+01  0.95860529E+00  0.16366067E+01  0.10765686E+02  0.95462278E-02 -0.10414029E-01 -0.18088941E+00  0.31127268E-01  0.26977120E-02  0.12177624E-03 -0.84682822E-01 -0.14493561E+00  0.15972607E-02  0.14683559E-03  0.39704505E-03  0.19438419E-04  0.74847107E+01
   0.34157029E+00  0.43362000E+03  0.21159306E+00 -0.13208923E+00  0.12035670E+02  0.28331511E+01  0.99485385E+00  0.16826850E+01  0.10703757E+02  0.93008121E-02 -0.98667638E-02 -0.18587327E+00  0.30154204E-01  0.31923368E-02  0.13497628E-03 -0.80517843E-01 -0.13239641E+00  0.14162514E-02  0.14936933E-03  0.39476110E-03  0.18842074E-04  0.72077026E+01
   0.36510730E+00  0.46349997E+03  0.21249744E+00 -0.13225055E+00  0.12038501E+02  0.28326957E+01  0.10285310E+01  0.17230868E+01  0.10636834E+02  0.90939114E-02 -0.92283022E-02 -0.19051953E+00  0.28924262E-01  0.37573371E-02  0.14913255E-03 -0.74004591E-01 -0.11595376E+00  0.11991727E-02  0.15121161E-03  0.39229292E-03  0.18268924E-04  0.69118347E+01
   0.39029852E+00  0.49548001E+03  0.21342245E+00 -0.13240515E+00  0.12041357E+02  0.28321838E+01  0.10584630E+01  0.17567236E+01  0.10560457E+02  0.89301588E-02 -0.87684430E-02 -0.19382522E+00  0.27309487E-01  0.42996141E-02  0.16433178E-03 -0.64769238E-01 -0.95075741E-01  0.90802356E-03  0.15221995E-03  0.38947610E-03  0.17718436E-04  0.65949707E+01
   0.41721487E+00  0.52965002E+03  0.21437290E+00 -0.13255297E+00  0.12044271E+02  0.28315909E+01  0.10835137E+01  0.17822889E+01  0.10470949E+02  0.88188099E-02 -0.93321307E-02 -0.19279259E+00  0.24988111E-01  0.47313180E-02  0.18060255E-03 -0.54586306E-01 -0.71564637E-01  0.61525044E-03  0.15225889E-03  0.38617497E-03  0.17189574E-04  0.62562561E+01
   0.44599807E+00  0.56619000E+03  0.21535392E+00 -0.13269341E+00  0.12047338E+02  0.28309083E+01  0.11044881E+01  0.17990961E+01  0.10370215E+02  0.87421713E-02 -0.90651754E-02 -0.19322279E+00  0.22742510E-01  0.53361962E-02  0.19800439E-03 -0.43600712E-01 -0.45805734E-01  0.38944141E-03  0.15134772E-03  0.38245987E-03  0.16684819E-04  0.58940430E+01
   0.47676632E+00  0.60525000E+03  0.21636604E+00 -0.13282482E+00  0.12050456E+02  0.28301156E+01  0.11202002E+01  0.18055218E+01  0.10254626E+02  0.86988388E-02 -0.78677684E-02 -0.19531749E+00  0.20520516E-01  0.61989292E-02  0.21656296E-03 -0.29682470E-01 -0.15885219E-01  0.10651612E-03  0.14932880E-03  0.37819686E-03  0.16201880E-04  0.55067139E+01
   0.50963783E+00  0.64698004E+03  0.21741463E+00 -0.13294598E+00  0.12053745E+02  0.28291965E+01  0.11281475E+01  0.17993541E+01  0.10118291E+02  0.87118363E-02 -0.76575694E-02 -0.19244610E+00  0.17546203E-01  0.68533411E-02  0.23628300E-03 -0.12830613E-01  0.17601494E-01 -0.23889975E-03  0.14594724E-03  0.37316873E-03  0.15739643E-04  0.50928345E+01
   0.54480153E+00  0.69162000E+03  0.21850610E+00 -0.13305399E+00  0.12057245E+02  0.28281205E+01  0.11267780E+01  0.17785707E+01  0.99609423E+01  0.87829055E-02 -0.71222088E-02 -0.18880677E+00  0.14311798E-01  0.76839337E-02  0.25719669E-03  0.67459592E-02  0.54103199E-01 -0.67880022E-03  0.14103255E-03  0.36736563E-03  0.15300100E-04  0.46501160E+01
   0.58237571E+00  0.73932001E+03  0.21964970E+00 -0.13314649E+00  0.12061028E+02  0.28268254E+01  0.11115756E+01  0.17398220E+01  0.97759943E+01  0.89628957E-02 -0.65784957E-02 -0.18272032E+00  0.10715804E-01  0.86531499E-02  0.27928920E-03  0.28558528E-01  0.92524990E-01 -0.12362368E-02  0.13420710E-03  0.36054463E-03  0.14881509E-04  0.41771240E+01
   0.62254936E+00  0.79032007E+03  0.22086467E+00 -0.13321878E+00  0.12065251E+02  0.28252125E+01  0.10790280E+01  0.16795068E+01  0.95578690E+01  0.92844917E-02 -0.64252634E-02 -0.17271686E+00  0.67020562E-02  0.94959019E-02  0.30261531E-03  0.50269727E-01  0.12893319E+00 -0.16562061E-02  0.12746823E-03  0.35250004E-03  0.14483789E-04  0.36716309E+01
   0.66548783E+00  0.84483002E+03  0.22217479E+00 -0.13326371E+00  0.12070143E+02  0.28231740E+01  0.10272660E+01  0.15938859E+01  0.93026524E+01  0.97395200E-02 -0.59304484E-02 -0.16120902E+00  0.24237945E-02  0.10578211E-01  0.32728634E-03  0.69668926E-01  0.16002080E+00 -0.19140900E-02  0.11896808E-03  0.34308748E-03  0.14105432E-04  0.31317444E+01
   0.71138030E+00  0.90309003E+03  0.22361009E+00 -0.13326685E+00  0.12075928E+02  0.28204315E+01  0.95166546E+00  0.14772830E+01  0.89952374E+01  0.10380567E-01 -0.56119226E-02 -0.14626367E+00 -0.20860278E-02  0.11515560E-01  0.35350901E-03  0.85081831E-01  0.18267579E+00 -0.20635654E-02  0.10848923E-03  0.33174985E-03  0.13738941E-04  0.25554199E+01
   0.76043940E+00  0.96537006E+03  0.22522677E+00 -0.13320480E+00  0.12083246E+02  0.28166931E+01  0.84518933E+00  0.13215253E+01  0.85990658E+01  0.11290020E-01 -0.57476582E-02 -0.12625229E+00 -0.65423814E-02  0.12580219E-01  0.38204540E-03  0.92479326E-01  0.19006829E+00 -0.18925727E-02  0.95733463E-04  0.31713879E-03  0.13373665E-04  0.19405518E+01
   0.81290138E+00  0.10319700E+04  0.22710684E+00 -0.13302676E+00  0.12093126E+02  0.28106525E+01  0.70411950E+00  0.11172309E+01  0.80419836E+01  0.12450536E-01 -0.55636228E-02 -0.10256617E+00 -0.10495032E-01  0.13611934E-01  0.41381680E-03  0.87171607E-01  0.17423153E+00 -0.12265302E-02  0.80213897E-04  0.29659327E-03  0.12987285E-04  0.12854614E+01
   0.86895537E+00  0.11031300E+04  0.22936280E+00 -0.13263032E+00  0.12107609E+02  0.28006406E+01  0.52954578E+00  0.85610873E+00  0.71609902E+01  0.13519607E-01 -0.53755669E-02 -0.74675992E-01 -0.12815217E-01  0.13725627E-01  0.44946017E-03  0.67411073E-01  0.13125910E+00 -0.24019413E-03  0.61601524E-04  0.26410169E-03  0.12531144E-04  0.59005737E+00
   0.92890859E+00  0.11792400E+04  0.23214380E+00 -0.13180177E+00  0.12130915E+02  0.27818079E+01  0.33100605E+00  0.54176491E+00  0.56373200E+01  0.13254189E-01 -0.42898539E-02 -0.45759879E-01 -0.12410520E-01  0.12879600E-01  0.48639454E-03  0.37101522E-01  0.69169372E-01  0.38085904E-03  0.39752529E-04  0.20790780E-03  0.11881043E-04 -0.14450073E+00
   0.99297374E+00  0.12605701E+04  0.23560785E+00 -0.13006553E+00  0.12171137E+02  0.27420392E+01  0.13724482E+00  0.22263588E+00  0.31575692E+01  0.94899172E-02 -0.23928091E-02 -0.18651661E-01 -0.79851244E-02  0.90503981E-02  0.48264430E-03  0.94901491E-02  0.16604444E-01  0.23245469E-03  0.17347242E-04  0.11645308E-03  0.10688137E-04 -0.91076660E+00
   0.10614579E+01  0.13475100E+04  0.23984554E+00 -0.12622297E+00  0.12248918E+02  0.26445656E+01  0.19291762E-01  0.30229408E-01  0.65344423E+00  0.26133677E-02 -0.47493444E-03 -0.24947512E-02 -0.18481737E-02  0.25190124E-02  0.25673566E-03  0.40706206E-03  0.66662143E-03  0.14211822E-04  0.27789868E-05  0.24099421E-04  0.74874301E-05 -0.16856079E+01
   0.11346685E+01  0.14404501E+04  0.24403863E+00 -0.11650042E+00  0.12420347E+02  0.23546684E+01  0.83686959E-04  0.12675278E-03  0.59259320E-02  0.30866788E-04 -0.50412791E-05 -0.63908742E-05 -0.17755392E-04  0.25089925E-04  0.39327861E-05  0.13024641E-06  0.18620827E-06  0.52714442E-08  0.18568892E-07  0.21855199E-06  0.65186447E-06 -0.23935242E+01
   0.12129124E+01  0.15397800E+04  0.23385310E+00 -0.71331799E-01  0.13022762E+02  0.11255558E+01  0.13113273E-07  0.20922462E-07  0.15512592E-05  0.17358207E-07 -0.23983626E-08  0.35083600E-09 -0.24621807E-08  0.17968633E-08  0.22218959E-07 -0.31358518E-12 -0.94969844E-12 -0.77001346E-13  0.58240630E-11  0.57211385E-10  0.44508633E-05 -0.25712891E+01
   0.12965680E+01  0.16459800E+04  0.19695920E+00 -0.75968555E-02  0.15518800E+02  0.47767624E+00  0.62624615E-03  0.26261257E-02  0.75244114E-01  0.10698804E-02 -0.62843465E-04  0.16017097E-04 -0.39624745E-04  0.14744504E-04  0.43553761E-02 -0.78876042E-06 -0.31704176E-05 -0.16416294E-06  0.67001008E-06  0.27750489E-05  0.11269289E-04 -0.10250549E+01
   0.13859899E+01  0.17595000E+04  0.19717361E+00 -0.77383728E-02  0.16560997E+02  0.36155874E+00  0.50926965E-01  0.87794587E-01  0.89967757E-01  0.48859768E-01 -0.52622545E-04 -0.15914590E-05  0.14175337E-05  0.24468447E-04  0.17099358E+00 -0.86562513E-05 -0.10555174E-01 -0.41993197E-04  0.19834757E-04  0.33180659E-05  0.76105330E-05 -0.10978394E+01
   0.14816030E+01  0.18808799E+04  0.19745333E+00 -0.80285044E-02  0.17636749E+02  0.30045003E+00  0.87391302E-01  0.12716848E+00  0.11370943E+00  0.80993913E-01 -0.54070300E-04 -0.28885693E-05  0.30218321E-05  0.16684920E-04  0.25265223E+00 -0.96676813E-05 -0.11059720E-01 -0.52630305E-04  0.29725221E-04  0.41936732E-05  0.41855487E-05 -0.12253113E+01
   0.15837859E+01  0.20106000E+04  0.19781137E+00 -0.83774813E-02  0.18748167E+02  0.28007171E+00  0.12186462E+00  0.15693498E+00  0.12933348E+00  0.10970027E+00 -0.49382350E-04 -0.39927622E-05  0.38984485E-05  0.57803300E-05  0.31687099E+00 -0.11565689E-04 -0.12503772E-01 -0.68240523E-04  0.37633483E-04  0.47698977E-05  0.32485573E-05 -0.14076538E+01
   0.16930108E+01  0.21492600E+04  0.19817577E+00 -0.87046633E-02  0.19908039E+02  0.27811667E+00  0.15861832E+00  0.18070386E+00  0.13475452E+00  0.14004859E+00 -0.74000120E-04 -0.38427320E-05  0.36324250E-05  0.59456789E-06  0.36974201E+00 -0.12941763E-04 -0.13632266E-01 -0.86947533E-04  0.44740598E-04  0.49698288E-05  0.26861785E-05 -0.16342468E+01
   0.18097743E+01  0.22974900E+04  0.19845852E+00 -0.89660455E-02  0.21130341E+02  0.27788559E+00  0.19483854E+00  0.19871163E+00  0.13388538E+00  0.17018470E+00 -0.55173346E-04 -0.27731410E-05  0.28033703E-05  0.77294096E-07  0.41082230E+00 -0.12281268E-04 -0.13297383E-01 -0.94825613E-04  0.50902639E-04  0.49377745E-05  0.22572774E-05 -0.18944092E+01
   0.19345961E+01  0.24559500E+04  0.19862968E+00 -0.91457432E-02  0.22427950E+02  0.27784455E+00  0.22632785E+00  0.21158473E+00  0.13149892E+00  0.19660720E+00 -0.45879486E-04 -0.15254699E-05  0.17597469E-05  0.15501877E-07  0.44071239E+00 -0.98458950E-05 -0.11165375E-01 -0.84878950E-04  0.55837481E-04  0.48497604E-05  0.18604781E-05 -0.21816101E+01
   0.20680196E+01  0.26253298E+04  0.19871311E+00 -0.92463847E-02  0.23809555E+02  0.27782992E+00  0.24992150E+00  0.22002497E+00  0.12967932E+00  0.21627034E+00 -0.24218170E-04 -0.72531606E-06  0.85364667E-06 -0.21579167E-07  0.46056336E+00 -0.63468360E-05 -0.74982713E-02 -0.58419104E-04  0.59315476E-04  0.47826525E-05  0.12726783E-05 -0.24940491E+01
   0.22106597E+01  0.28064099E+04  0.19875441E+00 -0.92840549E-02  0.25281067E+02  0.27793297E+00  0.26293260E+00  0.22435158E+00  0.12878810E+00  0.22689125E+00 -0.31652296E-04 -0.23849998E-06  0.22680555E-06 -0.16108108E-06  0.47083467E+00 -0.22363095E-05 -0.27118481E-02 -0.21144286E-04  0.61140039E-04  0.47497838E-05  0.43607196E-06 -0.28335876E+01
   0.23631303E+01  0.29999700E+04  0.19875441E+00 -0.92840549E-02  0.26851162E+02  0.27849951E+00  0.26293260E+00  0.22435158E+00  0.12878810E+00  0.22689103E+00  0.28255284E-01  0.00000000E+00  0.00000000E+00 -0.10482641E-04  0.47083467E+00 -0.22389711E-05 -0.27118491E-02 -0.21163994E-04  0.61084625E-04  0.47497838E-05  0.43607196E-06 -0.31994629E+01
