   0.42316326E+00  0.24990140E-01  0.00000000E+00  0.00000000E+00  0.00000000E+00  0.00000000E+00  0.00000000E+00  0.00000000E+00  0.00000000E+00
   0.37011717E-03  0.36643057E+01  0.67546177E+04  0.97066247E+00 -0.18603641E-04  0.34095237E+01  0.53436146E-02 -0.11035105E-01  0.12260823E-01  0.00000000E+00
   0.39809695E-03  0.33732512E+01  0.59979468E+04  0.97066247E+00  0.28718518E-01  0.34095237E+01  0.54322714E-02 -0.11218192E-01  0.12464245E-01  0.00000000E+00
   0.42799083E-03  0.31058090E+01  0.53177236E+04  0.96512997E+00  0.10017476E+00  0.35211322E+01  0.55229487E-02 -0.11404837E-01  0.12671750E-01  0.00000000E+00
   0.45994070E-03  0.28596807E+01  0.47063389E+04  0.95470107E+00  0.15885814E+00  0.32854743E+01  0.56159468E-02 -0.11595582E-01  0.12883958E-01  0.00000000E+00
   0.49411185E-03  0.26328850E+01  0.41571704E+04  0.93991089E+00  0.20604952E+00  0.30413585E+01  0.57117222E-02 -0.11791276E-01  0.13101830E-01  0.00000000E+00
   0.53064624E-03  0.24239488E+01  0.36649863E+04  0.92125648E+00  0.24276561E+00  0.27943995E+01  0.58106324E-02 -0.11992557E-01  0.13326097E-01  0.00000000E+00
   0.56968554E-03  0.22315907E+01  0.32251062E+04  0.89920461E+00  0.27000469E+00  0.25497601E+01  0.59130248E-02 -0.12200022E-01  0.13557448E-01  0.00000000E+00
   0.61141886E-03  0.20544727E+01  0.28328345E+04  0.87416762E+00  0.28876951E+00  0.23113160E+01  0.60193730E-02 -0.12414502E-01  0.13796837E-01  0.00000000E+00
   0.65603520E-03  0.18914443E+01  0.24840286E+04  0.84653139E+00  0.30001208E+00  0.20819349E+01  0.61301603E-02 -0.12636824E-01  0.14045219E-01  0.00000000E+00
   0.70372364E-03  0.17414832E+01  0.21749375E+04  0.81665885E+00  0.30464166E+00  0.18637483E+01  0.62459055E-02 -0.12867856E-01  0.14303602E-01  0.00000000E+00
   0.75469690E-03  0.16035901E+01  0.19019834E+04  0.78487521E+00  0.30352738E+00  0.16582174E+01  0.63672448E-02 -0.13108668E-01  0.14573229E-01  0.00000000E+00
   0.80919126E-03  0.14768049E+01  0.16618058E+04  0.75146770E+00  0.29748678E+00  0.14662558E+01  0.64949631E-02 -0.13360579E-01  0.14855626E-01  0.00000000E+00
   0.86744298E-03  0.13602533E+01  0.14513584E+04  0.71670049E+00  0.28728488E+00  0.12884092E+01  0.66299783E-02 -0.13625121E-01  0.15152575E-01  0.00000000E+00
   0.92971209E-03  0.12530804E+01  0.12677827E+04  0.68079966E+00  0.27363110E+00  0.11248751E+01  0.67734630E-02 -0.13904249E-01  0.15466349E-01  0.00000000E+00
   0.99628209E-03  0.11544566E+01  0.11084358E+04  0.64395469E+00  0.25717467E+00  0.97559911E+00  0.69269217E-02 -0.14200482E-01  0.15799871E-01  0.00000000E+00
   0.10674368E-02  0.10636063E+01  0.97094098E+03  0.60633403E+00  0.23851551E+00  0.84038699E+00  0.70922533E-02 -0.14516969E-01  0.16156808E-01  0.00000000E+00
   0.11435066E-02  0.97973967E+00  0.85309149E+03  0.56806427E+00  0.21819232E+00  0.71885651E+00  0.72720065E-02 -0.14857953E-01  0.16542094E-01  0.00000000E+00
   0.12247991E-02  0.90213227E+00  0.75297601E+03  0.52927417E+00  0.19670928E+00  0.61061549E+00  0.74694366E-02 -0.15228796E-01  0.16961979E-01  0.00000000E+00
   0.13117159E-02  0.83000356E+00  0.66882141E+03  0.49005014E+00  0.17451648E+00  0.51505673E+00  0.76890802E-02 -0.15636958E-01  0.17425166E-01  0.00000000E+00
   0.14046351E-02  0.76263601E+00  0.59915350E+03  0.45051277E+00  0.15204960E+00  0.43151700E+00  0.79368837E-02 -0.16092082E-01  0.17942945E-01  0.00000000E+00
   0.15039585E-02  0.69932544E+00  0.54271277E+03  0.41081715E+00  0.12972774E+00  0.35915598E+00  0.82208831E-02 -0.16607042E-01  0.18530428E-01  0.00000000E+00
   0.16101351E-02  0.63938874E+00  0.49842590E+03  0.37117606E+00  0.10796221E+00  0.29691088E+00  0.85520791E-02 -0.17199202E-01  0.19208087E-01  0.00000000E+00
   0.17236137E-02  0.58223581E+00  0.46537030E+03  0.33191693E+00  0.87180078E-01  0.24355976E+00  0.89454427E-02 -0.17891744E-01  0.20003386E-01  0.00000000E+00
   0.18449380E-02  0.52741194E+00  0.44260898E+03  0.29349077E+00  0.67817055E-01  0.19779271E+00  0.94219046E-02 -0.18716458E-01  0.20954190E-01  0.00000000E+00
   0.19746278E-02  0.47481474E+00  0.42894620E+03  0.25656042E+00  0.50352819E-01  0.15854043E+00  0.10010226E-01 -0.19715890E-01  0.22111557E-01  0.00000000E+00
   0.21132505E-02  0.42488208E+00  0.42240158E+03  0.22202814E+00  0.35308909E-01  0.12517181E+00  0.10749691E-01 -0.20946385E-01  0.23543723E-01  0.00000000E+00
   0.22614440E-02  0.37876943E+00  0.41954352E+03  0.19105534E+00  0.23206685E-01  0.97568549E-01  0.11690632E-01 -0.22476843E-01  0.25335338E-01  0.00000000E+00
   0.24198699E-02  0.33818448E+00  0.41520465E+03  0.16490440E+00  0.14382616E-01  0.75894184E-01  0.12886378E-01 -0.24373671E-01  0.27570538E-01  0.00000000E+00
   0.25893080E-02  0.30441487E+00  0.40369409E+03  0.14432472E+00  0.86886398E-02  0.59957094E-01  0.14371537E-01 -0.26666384E-01  0.30292526E-01  0.00000000E+00
   0.27703254E-02  0.27703661E+00  0.38144345E+03  0.12884235E+00  0.54550744E-02  0.48694808E-01  0.16131811E-01 -0.29305894E-01  0.33452515E-01  0.00000000E+00
   0.29636316E-02  0.25382513E+00  0.34888791E+03  0.11682892E+00  0.37974375E-02  0.40441092E-01  0.18107932E-01 -0.32179903E-01  0.36924835E-01  0.00000000E+00
   0.31706437E-02  0.23251635E+00  0.30992871E+03  0.10658324E+00  0.29596346E-02  0.33813089E-01  0.20237250E-01 -0.35180323E-01  0.40585730E-01  0.00000000E+00
   0.33915988E-02  0.21217687E+00  0.26964594E+03  0.97177774E-01  0.24678358E-02  0.28157128E-01  0.22463653E-01 -0.38217764E-01  0.44330727E-01  0.00000000E+00
   0.36281506E-02  0.19263960E+00  0.23141536E+03  0.88261463E-01  0.20968190E-02  0.23239251E-01  0.24768157E-01 -0.41260209E-01  0.48123449E-01  0.00000000E+00
   0.38807718E-02  0.17412587E+00  0.19692609E+03  0.79830565E-01  0.17742483E-02  0.19014904E-01  0.27133498E-01 -0.44281173E-01  0.51933121E-01  0.00000000E+00
   0.41508800E-02  0.15676941E+00  0.16652921E+03  0.71921177E-01  0.14851326E-02  0.15435964E-01  0.29556785E-01 -0.47274567E-01  0.55753820E-01  0.00000000E+00
   0.44394215E-02  0.14067799E+00  0.14012674E+03  0.64582117E-01  0.12293366E-02  0.12448936E-01  0.32031439E-01 -0.50230820E-01  0.59574731E-01  0.00000000E+00
   0.47480492E-02  0.12588350E+00  0.11739234E+03  0.57830669E-01  0.10067502E-02  0.99847037E-02  0.34556132E-01 -0.53147562E-01  0.63393921E-01  0.00000000E+00
   0.50781816E-02  0.11241072E+00  0.97998863E+02  0.51679865E-01  0.81616727E-03  0.79761315E-02  0.37126224E-01 -0.56019187E-01  0.67204952E-01  0.00000000E+00
   0.54307641E-02  0.10027949E+00  0.81628731E+02  0.46139728E-01  0.65564044E-03  0.63598612E-02  0.39732810E-01 -0.58836490E-01  0.70995979E-01  0.00000000E+00
   0.58076875E-02  0.89453541E-01  0.67913574E+02  0.41194689E-01  0.52222918E-03  0.50715585E-02  0.42373456E-01 -0.61598320E-01  0.74765384E-01  0.00000000E+00
   0.62108417E-02  0.79885565E-01  0.56512329E+02  0.36823582E-01  0.41285166E-03  0.40539722E-02  0.45044743E-01 -0.64302757E-01  0.78510337E-01  0.00000000E+00
   0.66416450E-02  0.71520008E-01  0.47115368E+02  0.33001598E-01  0.32426204E-03  0.32574080E-02  0.47739815E-01 -0.66945098E-01  0.82223698E-01  0.00000000E+00
   0.71019870E-02  0.64286977E-01  0.39423115E+02  0.29696951E-01  0.25328397E-03  0.26387591E-02  0.50454922E-01 -0.69524653E-01  0.85903294E-01  0.00000000E+00
   0.75942320E-02  0.58097538E-01  0.33157349E+02  0.26869338E-01  0.19702505E-03  0.21610237E-02  0.53188968E-01 -0.72042897E-01  0.89550242E-01  0.00000000E+00
   0.81205061E-02  0.52859098E-01  0.28073330E+02  0.24476981E-01  0.15293594E-03  0.17939953E-02  0.55938773E-01 -0.74499950E-01  0.93163237E-01  0.00000000E+00
   0.86829364E-02  0.48470825E-01  0.23958141E+02  0.22474376E-01  0.11870590E-03  0.15129535E-02  0.58700971E-01 -0.76895609E-01  0.96740574E-01  0.00000000E+00
   0.92843603E-02  0.44825628E-01  0.20629063E+02  0.20812547E-01  0.92174996E-04  0.12978561E-02  0.61475772E-01 -0.79232976E-01  0.10028527E+00  0.00000000E+00
   0.99271378E-02  0.41830674E-01  0.17932720E+02  0.19449608E-01  0.71560476E-04  0.11337147E-02  0.64261623E-01 -0.81513450E-01  0.10379788E+00  0.00000000E+00
   0.10614106E-01  0.39405353E-01  0.15742849E+02  0.18348644E-01  0.55380930E-04  0.10092040E-02  0.67057878E-01 -0.83738908E-01  0.10727984E+00  0.00000000E+00
   0.11348575E-01  0.37483055E-01  0.13959339E+02  0.17479289E-01  0.42721611E-04  0.91599411E-03  0.69865122E-01 -0.85912034E-01  0.11073397E+00  0.00000000E+00
   0.12133852E-01  0.35981212E-01  0.12497478E+02  0.16804846E-01  0.32785192E-04  0.84678392E-03  0.72683021E-01 -0.88034675E-01  0.11416184E+00  0.00000000E+00
   0.12973007E-01  0.34847807E-01  0.11295059E+02  0.16300691E-01  0.24816234E-04  0.79681620E-03  0.75510308E-01 -0.90107806E-01  0.11756370E+00  0.00000000E+00
   0.13870297E-01  0.34028880E-01  0.10298212E+02  0.15943484E-01  0.18142413E-04  0.76232490E-03  0.78349352E-01 -0.92135064E-01  0.12094416E+00  0.00000000E+00
   0.14829264E-01  0.33505846E-01  0.94706373E+01  0.15724471E-01  0.12130909E-04  0.74155891E-03  0.81198886E-01 -0.94116494E-01  0.12430275E+00  0.00000000E+00
   0.15854638E-01  0.33278704E-01  0.87836266E+01  0.15643535E-01  0.68529675E-05  0.73397602E-03  0.84059268E-01 -0.96054047E-01  0.12764145E+00  0.00000000E+00
   0.16950432E-01  0.33292495E-01  0.82060814E+01  0.15677370E-01  0.22825732E-05  0.73717308E-03  0.86927466E-01 -0.97947165E-01  0.13095812E+00  0.00000000E+00
   0.18122083E-01  0.33532161E-01  0.77197013E+01  0.15818447E-01 -0.20726952E-05  0.75050746E-03  0.89804500E-01 -0.99797674E-01  0.13425507E+00  0.00000000E+00
   0.19374318E-01  0.33990964E-01  0.73098450E+01  0.16063921E-01 -0.62011923E-05  0.77398401E-03  0.92688061E-01 -0.10160519E+00  0.13753070E+00  0.00000000E+00
   0.20712810E-01  0.34639210E-01  0.69586086E+01  0.16401585E-01 -0.10266611E-04  0.80684799E-03  0.95578663E-01 -0.10336993E+00  0.14078574E+00  0.00000000E+00
   0.22143936E-01  0.35485618E-01  0.66555557E+01  0.16836978E-01 -0.15006596E-04  0.85021817E-03  0.98474607E-01 -0.10509354E+00  0.14402048E+00  0.00000000E+00
   0.23674078E-01  0.36570515E-01  0.63975616E+01  0.17388234E-01 -0.20438247E-04  0.90675446E-03  0.10137288E+00 -0.10677446E+00  0.14723195E+00  0.00000000E+00
   0.25309380E-01  0.37865549E-01  0.61740303E+01  0.18046826E-01 -0.27015745E-04  0.97665109E-03  0.10426678E+00 -0.10841052E+00  0.15041411E+00  0.00000000E+00
   0.27055752E-01  0.39456494E-01  0.59892430E+01  0.18852392E-01 -0.35967005E-04  0.10656409E-02  0.10715173E+00 -0.10999715E+00  0.15356062E+00  0.00000000E+00
   0.28925005E-01  0.41406352E-01  0.58395720E+01  0.19838193E-01 -0.47817961E-04  0.11797644E-02  0.11002660E+00 -0.11153863E+00  0.15667392E+00  0.00000000E+00
   0.30921871E-01  0.43762133E-01  0.57205639E+01  0.21035679E-01 -0.64838445E-04  0.13260313E-02  0.11287735E+00 -0.11302646E+00  0.15973815E+00  0.00000000E+00
   0.33058163E-01  0.46712879E-01  0.56400819E+01  0.22538535E-01 -0.91516347E-04  0.15214020E-02  0.11569738E+00 -0.11445902E+00  0.16274750E+00  0.00000000E+00
   0.35340969E-01  0.50495639E-01  0.56042218E+01  0.24472227E-01 -0.13394644E-03  0.17920198E-02  0.11846785E+00 -0.11582886E+00  0.16568330E+00  0.00000000E+00
   0.37779745E-01  0.55407822E-01  0.56195478E+01  0.27002500E-01 -0.20298867E-03  0.21784909E-02  0.12116870E+00 -0.11712784E+00  0.16852532E+00  0.00000000E+00
   0.40388666E-01  0.61898932E-01  0.56986341E+01  0.30372238E-01 -0.31856354E-03  0.27495478E-02  0.12378190E+00 -0.11835016E+00  0.17125630E+00  0.00000000E+00
   0.43174826E-01  0.70564911E-01  0.58530803E+01  0.34910060E-01 -0.51229884E-03  0.36193929E-02  0.12628116E+00 -0.11948703E+00  0.17385074E+00  0.14012985E-44
   0.46157125E-01  0.82057670E-01  0.60867438E+01  0.40988389E-01 -0.83109242E-03  0.49642269E-02  0.12865157E+00 -0.12053605E+00  0.17629568E+00  0.14012985E-44
   0.49342658E-01  0.96932970E-01  0.63936434E+01  0.48929963E-01 -0.13391420E-02  0.70275823E-02  0.13087483E+00 -0.12149291E+00  0.17857420E+00  0.14012985E-44
   0.52747965E-01  0.11577348E+00  0.67603259E+01  0.59072290E-01 -0.21191582E-02  0.10162620E-01  0.13294709E+00 -0.12236074E+00  0.18068503E+00  0.14012985E-44
   0.56387220E-01  0.13896881E+00  0.71689854E+01  0.71633428E-01 -0.32555887E-02  0.14818895E-01  0.13486922E+00 -0.12314431E+00  0.18263139E+00  0.28025969E-44
   0.60279332E-01  0.16669981E+00  0.76005521E+01  0.86695813E-01 -0.48210570E-02  0.21531224E-01  0.13665326E+00 -0.12385281E+00  0.18442786E+00  0.42038954E-44
   0.64438485E-01  0.19898169E+00  0.80348110E+01  0.10420927E+00 -0.68581100E-02  0.30884763E-01  0.13831106E+00 -0.12449460E+00  0.18608829E+00  0.42038954E-44
   0.68885945E-01  0.23576671E+00  0.84574900E+01  0.12411911E+00 -0.94038183E-02  0.43549191E-01  0.13985851E+00 -0.12507863E+00  0.18763013E+00  0.56051939E-44
   0.73638245E-01  0.27688560E+00  0.88605309E+01  0.14630368E+00 -0.12455003E-01  0.60232885E-01  0.14130923E+00 -0.12561235E+00  0.18906814E+00  0.70064923E-44
   0.78721389E-01  0.32217160E+00  0.92378502E+01  0.17061788E+00 -0.15993252E-01  0.81672892E-01  0.14267954E+00 -0.12610392E+00  0.19041967E+00  0.84077908E-44
   0.84151924E-01  0.37128946E+00  0.95821342E+01  0.19685453E+00 -0.19963678E-01  0.10854650E+00  0.14397988E+00 -0.12655874E+00  0.19169590E+00  0.98090893E-44
   0.89958191E-01  0.42407751E+00  0.98892555E+01  0.22499648E+00 -0.24319433E-01  0.14172523E+00  0.14522164E+00 -0.12698230E+00  0.19290885E+00  0.12611686E-43
   0.96166186E-01  0.48020557E+00  0.10156507E+02  0.25493214E+00 -0.29009510E-01  0.18204376E+00  0.14641242E+00 -0.12737808E+00  0.19406641E+00  0.15414283E-43
   0.10279956E+00  0.53926325E+00  0.10383847E+02  0.28649381E+00 -0.33948541E-01  0.23023288E+00  0.14755797E+00 -0.12774923E+00  0.19517486E+00  0.16815582E-43
   0.10989139E+00  0.60090947E+00  0.10574548E+02  0.31955057E+00 -0.39094146E-01  0.28704557E+00  0.14866504E+00 -0.12809840E+00  0.19624090E+00  0.19618179E-43
   0.11747475E+00  0.66480428E+00  0.10730829E+02  0.35399726E+00 -0.44337247E-01  0.35324076E+00  0.14973986E+00 -0.12842867E+00  0.19727126E+00  0.23822074E-43
   0.12557800E+00  0.73055273E+00  0.10854127E+02  0.38974181E+00 -0.49621914E-01  0.42941356E+00  0.15078607E+00 -0.12874141E+00  0.19826949E+00  0.26624671E-43
   0.13424134E+00  0.79782301E+00  0.10947345E+02  0.42676494E+00 -0.54964963E-01  0.51643938E+00  0.15180889E+00 -0.12903851E+00  0.19924074E+00  0.30828566E-43
   0.14350253E+00  0.86628085E+00  0.11014277E+02  0.46508279E+00 -0.60248408E-01  0.61553717E+00  0.15281081E+00 -0.12932131E+00  0.20018777E+00  0.33631163E-43
   0.15340179E+00  0.93551213E+00  0.11058619E+02  0.50452214E+00 -0.65340087E-01  0.72727370E+00  0.15379405E+00 -0.12959078E+00  0.20111285E+00  0.37835059E-43
   0.16398400E+00  0.10050851E+01  0.11084073E+02  0.54475886E+00 -0.70182264E-01  0.85159481E+00  0.15476234E+00 -0.12984781E+00  0.20201939E+00  0.42038954E-43
   0.17529641E+00  0.10746593E+01  0.11093934E+02  0.58558905E+00 -0.74628398E-01  0.98860639E+00  0.15571918E+00 -0.13009378E+00  0.20291094E+00  0.47644148E-43
   0.18738867E+00  0.11438988E+01  0.11090220E+02  0.62693733E+00 -0.78542858E-01  0.11381818E+01  0.15666831E+00 -0.13032974E+00  0.20379107E+00  0.51848043E-43
   0.20031512E+00  0.12124178E+01  0.11073740E+02  0.66870558E+00 -0.82019500E-01  0.12996520E+01  0.15761286E+00 -0.13055649E+00  0.20466268E+00  0.57453237E-43
   0.21413249E+00  0.12798959E+01  0.11046958E+02  0.71100879E+00 -0.85236914E-01  0.14743885E+01  0.15855542E+00 -0.13077459E+00  0.20552814E+00  0.61657132E-43
   0.22890456E+00  0.13459791E+01  0.11012737E+02  0.75376904E+00 -0.87928481E-01  0.16644623E+01  0.15949686E+00 -0.13098428E+00  0.20638829E+00  0.67262326E-43
   0.24470460E+00  0.14101130E+01  0.10971859E+02  0.79636854E+00 -0.89500763E-01  0.18664724E+01  0.16044010E+00 -0.13118610E+00  0.20724580E+00  0.72867520E-43
   0.26157752E+00  0.14717159E+01  0.10925819E+02  0.83843845E+00 -0.90292603E-01  0.20770488E+01  0.16138744E+00 -0.13138002E+00  0.20810242E+00  0.78472714E-43
   0.27960840E+00  0.15304407E+01  0.10876690E+02  0.87997949E+00 -0.90181075E-01  0.22992828E+01  0.16234346E+00 -0.13156706E+00  0.20896241E+00  0.84077908E-43
   0.29889172E+00  0.15856448E+01  0.10823605E+02  0.92025268E+00 -0.88023424E-01  0.25269699E+01  0.16331097E+00 -0.13174762E+00  0.20982829E+00  0.89683102E-43
   0.31952208E+00  0.16366067E+01  0.10765686E+02  0.95860529E+00 -0.84682822E-01  0.27510922E+01  0.16429536E+00 -0.13192149E+00  0.21070416E+00  0.93886997E-43
   0.34157029E+00  0.16826850E+01  0.10703757E+02  0.99485385E+00 -0.80517843E-01  0.29744635E+01  0.16529991E+00 -0.13208923E+00  0.21159306E+00  0.99492191E-43
   0.36510730E+00  0.17230868E+01  0.10636834E+02  0.10285310E+01 -0.74004591E-01  0.31949511E+01  0.16632786E+00 -0.13225055E+00  0.21249744E+00  0.10369609E-42
   0.39029852E+00  0.17567236E+01  0.10560457E+02  0.10584630E+01 -0.64769238E-01  0.33951967E+01  0.16738583E+00 -0.13240515E+00  0.21342245E+00  0.10789998E-42
   0.41721487E+00  0.17822889E+01  0.10470949E+02  0.10835137E+01 -0.54586306E-01  0.35633013E+01  0.16847983E+00 -0.13255297E+00  0.21437290E+00  0.11210388E-42
   0.44599807E+00  0.17990961E+01  0.10370215E+02  0.11044881E+01 -0.43600712E-01  0.37113640E+01  0.16961654E+00 -0.13269341E+00  0.21535392E+00  0.11490647E-42
   0.47676632E+00  0.18055218E+01  0.10254626E+02  0.11202002E+01 -0.29682470E-01  0.38300323E+01  0.17079762E+00 -0.13282482E+00  0.21636604E+00  0.11770907E-42
   0.50963783E+00  0.17993541E+01  0.10118291E+02  0.11281475E+01 -0.12830613E-01  0.38941970E+01  0.17203049E+00 -0.13294598E+00  0.21741463E+00  0.11911037E-42
   0.54480153E+00  0.17785707E+01  0.99609423E+01  0.11267780E+01  0.67459592E-02  0.38900926E+01  0.17332499E+00 -0.13305399E+00  0.21850610E+00  0.11911037E-42
   0.58237571E+00  0.17398220E+01  0.97759943E+01  0.11115756E+01  0.28558528E-01  0.37824605E+01  0.17469403E+00 -0.13314649E+00  0.21964970E+00  0.11770907E-42
   0.62254936E+00  0.16795068E+01  0.95578690E+01  0.10790280E+01  0.50269727E-01  0.35502968E+01  0.17616458E+00 -0.13321878E+00  0.22086467E+00  0.11490647E-42
   0.66548783E+00  0.15938859E+01  0.93026524E+01  0.10272660E+01  0.69668926E-01  0.31967835E+01  0.17777070E+00 -0.13326371E+00  0.22217479E+00  0.10930128E-42
   0.71138030E+00  0.14772830E+01  0.89952374E+01  0.95166546E+00  0.85081831E-01  0.27151105E+01  0.17955896E+00 -0.13326685E+00  0.22361009E+00  0.99492191E-43
   0.76043940E+00  0.13215253E+01  0.85990658E+01  0.84518933E+00  0.92479326E-01  0.21078510E+01  0.18161382E+00 -0.13320480E+00  0.22522677E+00  0.88281803E-43
   0.81290138E+00  0.11172309E+01  0.80419836E+01  0.70411950E+00  0.87171607E-01  0.14337158E+01  0.18406899E+00 -0.13302676E+00  0.22710684E+00  0.72867520E-43
   0.86895537E+00  0.85610873E+00  0.71609902E+01  0.52954578E+00  0.67411073E-01  0.79439026E+00  0.18712695E+00 -0.13263032E+00  0.22936280E+00  0.54650640E-43
   0.92890859E+00  0.54176491E+00  0.56373200E+01  0.33100605E+00  0.37101522E-01  0.30626589E+00  0.19109955E+00 -0.13180177E+00  0.23214380E+00  0.35032462E-43
   0.99297374E+00  0.22263588E+00  0.31575692E+01  0.13724482E+00  0.94901491E-02  0.52943476E-01  0.19645360E+00 -0.13006553E+00  0.23560785E+00  0.15414283E-43
   0.10614579E+01  0.30229408E-01  0.65344423E+00  0.19291762E-01  0.40706206E-03  0.10543637E-02  0.20394520E+00 -0.12622297E+00  0.23984554E+00  0.28025969E-44
   0.11346685E+01  0.12675278E-03  0.59259320E-02  0.83686959E-04  0.13024641E-06  0.17164735E-07  0.21443531E+00 -0.11650042E+00  0.24403863E+00  0.00000000E+00
   0.12129124E+01  0.20922462E-07  0.15512592E-05  0.13113273E-07 -0.31358518E-12 -0.21207865E-15  0.22270843E+00 -0.71331799E-01  0.23385310E+00  0.00000000E+00
   0.12965680E+01  0.26261257E-02  0.75244114E-01  0.62624615E-03 -0.78876042E-06  0.11685402E-05  0.19681263E+00 -0.75968555E-02  0.19695920E+00  0.00000000E+00
   0.13859899E+01  0.87794587E-01  0.89967757E-01  0.50926965E-01 -0.86562513E-05  0.77748611E-02  0.19702169E+00 -0.77383728E-02  0.19717361E+00  0.14012985E-42
   0.14816030E+01  0.12716848E+00  0.11370943E+00  0.87391302E-01 -0.96676813E-05  0.22906452E-01  0.19729005E+00 -0.80285044E-02  0.19745333E+00  0.20599087E-42
   0.15837859E+01  0.15693498E+00  0.12933348E+00  0.12186462E+00 -0.11565689E-04  0.44545922E-01  0.19763389E+00 -0.83774813E-02  0.19781137E+00  0.26064151E-42
   0.16930108E+01  0.18070386E+00  0.13475452E+00  0.15861832E+00 -0.12941763E-04  0.75472243E-01  0.19798450E+00 -0.87046633E-02  0.19817577E+00  0.32650254E-42
   0.18097743E+01  0.19871163E+00  0.13388538E+00  0.19483854E+00 -0.12281268E-04  0.11388297E+00  0.19825588E+00 -0.89660455E-02  0.19845852E+00  0.39937006E-42
   0.19345961E+01  0.21158473E+00  0.13149892E+00  0.22632785E+00 -0.98458950E-05  0.15367563E+00  0.19841900E+00 -0.91457432E-02  0.19862968E+00  0.46663239E-42
   0.20680196E+01  0.22002497E+00  0.12967932E+00  0.24992150E+00 -0.63468360E-05  0.18739036E+00  0.19849786E+00 -0.92463847E-02  0.19871311E+00  0.51848043E-42
   0.22106597E+01  0.22435158E+00  0.12878810E+00  0.26293260E+00 -0.22363095E-05  0.20740589E+00  0.19853747E+00 -0.92840549E-02  0.19875441E+00  0.54650640E-42
   0.23631303E+01  0.22435158E+00  0.12878810E+00  0.26293260E+00 -0.22389711E-05  0.20740589E+00  0.19853747E+00 -0.92840549E-02  0.19875441E+00  0.54650640E-42
