   0.43881891E-03  0.46985999E+00  0.13093229E-01 -0.12522708E-01  0.00000000E+00  0.10570183E+01  0.10593253E+01  0.36643062E+01  0.56971108E+04  0.40000000E+01  0.15911420E+00 -0.84485799E-01  0.27675149E+00 -0.12752137E+00  0.82576368E-03 -0.29307645E-04 -0.17643757E-04 -0.35239452E-06  0.90081230E-01  0.14964035E+00 -0.29926078E-03 -0.18060303E+00
   0.47199233E-03  0.50537997E+00  0.13289739E-01 -0.12710655E-01  0.00000000E+00  0.10589409E+01  0.10593253E+01  0.34034200E+01  0.51073726E+04  0.38709576E+01  0.16108039E+00 -0.86603090E-01  0.28292868E+00 -0.13066603E+00  0.10223364E-02  0.48010305E-01  0.14526380E+01  0.53926807E-01  0.76064698E-01  0.13415028E+00 -0.30422304E-03 -0.18127441E+00
   0.50743518E-03  0.54332995E+00  0.13489795E-01 -0.12901900E-01  0.00000000E+00  0.10609035E+01  0.10544355E+01  0.31620719E+01  0.45729868E+04  0.37830591E+01  0.16492482E+00 -0.87206364E-01  0.28322169E+00 -0.13263962E+00  0.12164263E-02  0.12397182E+00  0.13525006E+01  0.34278072E-01  0.64282320E-01  0.12011410E+00 -0.30952477E-03 -0.18197632E+00
   0.54531562E-03  0.58389002E+00  0.13696779E-01 -0.13099666E-01  0.00000000E+00  0.10629812E+01  0.10448182E+01  0.29385068E+01  0.40889707E+04  0.37371747E+01 -0.98920196E-01 -0.86947903E-01  0.28059253E+00 -0.13123332E+00  0.14126032E-02  0.18611474E+00  0.12558794E+01  0.16512631E-01  0.54354902E-01  0.10740093E+00 -0.28059800E-03 -0.18273926E+00
   0.58582972E-03  0.62726998E+00  0.13916464E-01 -0.13309447E-01  0.90564229E-02  0.10653177E+01  0.10306212E+01  0.27312555E+01  0.36510837E+04  0.37148163E+01 -0.47963572E+00 -0.86110599E-01  0.27602503E+00 -0.12755321E+00  0.16112335E-02  0.23130980E+00  0.11596704E+01  0.66684312E-02  0.45973774E-01  0.95899388E-01 -0.23617041E-03 -0.17449951E+00
   0.62914565E-03  0.67365003E+00  0.14149143E-01 -0.13531503E-01  0.21487290E-01  0.10679278E+01  0.10125191E+01  0.25393751E+01  0.32561997E+04  0.37070775E+01 -0.57292271E+00 -0.86671837E-01  0.27583626E+00 -0.12922385E+00  0.18047678E-02  0.26696676E+00  0.10675061E+01 -0.22947622E-05  0.38900856E-01  0.85527360E-01 -0.22322568E-03 -0.16299438E+00
   0.67543151E-03  0.72320998E+00  0.14391516E-01 -0.13762658E-01  0.34500100E-01  0.10707072E+01  0.99129570E+00  0.23619137E+01  0.29012354E+04  0.37159255E+01 -0.57169670E+00 -0.87043703E-01  0.27487957E+00 -0.13004258E+00  0.20004467E-02  0.29242054E+00  0.97940516E+00 -0.70677069E-02  0.32934990E-01  0.76203868E-01 -0.22254261E-03 -0.15093994E+00
   0.72491140E-03  0.77618998E+00  0.14643431E-01 -0.14002740E-01  0.48186067E-01  0.10736399E+01  0.96736544E+00  0.21978328E+01  0.25830398E+04  0.37420628E+01 -0.57044941E+00 -0.87176479E-01  0.27300879E+00 -0.12990648E+00  0.22000289E-02  0.30930147E+00  0.89556772E+00 -0.14344389E-01  0.27898861E-01  0.67846142E-01 -0.22294164E-03 -0.13827515E+00
   0.77780953E-03  0.83283001E+00  0.14906086E-01 -0.14252867E-01  0.62646739E-01  0.10767504E+01  0.94101965E+00  0.20462472E+01  0.22988606E+04  0.37862949E+01 -0.56915063E+00 -0.87319486E-01  0.27101249E+00 -0.12977092E+00  0.24043918E-02  0.31911814E+00  0.81612253E+00 -0.21769699E-01  0.23645537E-01  0.60381886E-01 -0.22349201E-03 -0.12490845E+00
   0.83434995E-03  0.89336997E+00  0.15180878E-01 -0.14514332E-01  0.77999845E-01  0.10800676E+01  0.91252792E+00  0.19063524E+01  0.20461865E+04  0.38495858E+01 -0.56779587E+00 -0.87478861E-01  0.26889986E+00 -0.12962632E+00  0.26155396E-02  0.32261795E+00  0.74091369E+00 -0.29261287E-01  0.20052368E-01  0.53745147E-01 -0.22428574E-03 -0.11071777E+00
   0.89478493E-03  0.95807999E+00  0.15469608E-01 -0.14788806E-01  0.94393291E-01  0.10836287E+01  0.88212121E+00  0.17773329E+01  0.18225963E+04  0.39331169E+01 -0.56638014E+00 -0.87656386E-01  0.26666564E+00 -0.12947391E+00  0.28356614E-02  0.32051718E+00  0.66974962E+00 -0.36700089E-01  0.17014982E-01  0.47872327E-01 -0.22550508E-03 -0.95581055E-01
   0.95939462E-03  0.10272601E+01  0.15774591E-01 -0.15078446E-01  0.11201349E+00  0.10874811E+01  0.84999049E+00  0.16583837E+01  0.16258190E+04  0.40383506E+01 -0.56489873E+00 -0.87853864E-01  0.26430127E+00 -0.12931222E+00  0.30671197E-02  0.31348944E+00  0.60241473E+00 -0.43920379E-01  0.14445090E-01  0.42703770E-01 -0.22670707E-03 -0.79315186E-01
   0.10284591E-02  0.11012100E+01  0.16098706E-01 -0.15385920E-01  0.13108967E+00  0.10916854E+01  0.81630009E+00  0.15487599E+01  0.14538341E+04  0.41670485E+01 -0.56334853E+00 -0.88073596E-01  0.26180032E+00 -0.12913939E+00  0.33124271E-02  0.30216569E+00  0.53870946E+00 -0.50696995E-01  0.12269092E-01  0.38186416E-01 -0.22760029E-03 -0.61676025E-01
   0.11022867E-02  0.11802599E+01  0.16445760E-01 -0.15714768E-01  0.15191793E+00  0.10963206E+01  0.78117418E+00  0.14477184E+01  0.13048008E+04  0.43213763E+01 -0.56172562E+00 -0.88317685E-01  0.25915465E+00 -0.12895639E+00  0.35743802E-02  0.28712830E+00  0.47842294E+00 -0.56740861E-01  0.10424576E-01  0.34271907E-01 -0.22840343E-03 -0.42419434E-01
   0.11812137E-02  0.12647700E+01  0.16820831E-01 -0.16069705E-01  0.17488454E+00  0.11014926E+01  0.74470139E+00  0.13545290E+01  0.11771130E+04  0.45039802E+01 -0.56002283E+00 -0.88587515E-01  0.25635159E+00 -0.12875831E+00  0.38560960E-02  0.26890907E+00  0.42134649E+00 -0.61696053E-01  0.88589080E-02  0.30918060E-01 -0.22892967E-03 -0.21179199E-01
   0.12655760E-02  0.13551000E+01  0.17230619E-01 -0.16456945E-01  0.20049112E+00  0.11073405E+01  0.70695561E+00  0.12685101E+01  0.10694897E+04  0.47179523E+01 -0.55822825E+00 -0.88884681E-01  0.25338024E+00 -0.12854451E+00  0.41609439E-02  0.24800399E+00  0.36730728E+00 -0.65144278E-01  0.75282501E-02  0.28091226E-01 -0.22887647E-03  0.25329590E-02
   0.13557662E-02  0.14516701E+01  0.17684424E-01 -0.16885113E-01  0.22941966E+00  0.11140547E+01  0.66798663E+00  0.11889746E+01  0.98096313E+03  0.49669228E+01 -0.55631524E+00 -0.89209616E-01  0.25022566E+00 -0.12831023E+00  0.44927411E-02  0.22486711E+00  0.31614646E+00 -0.66630520E-01  0.63953442E-02  0.25765983E-01 -0.22798467E-03  0.29357910E-01
   0.14521482E-02  0.15548699E+01  0.18194757E-01 -0.17365791E-01  0.26257715E+00  0.11218886E+01  0.62788236E+00  0.11153212E+01  0.91106805E+03  0.52546024E+01 -0.55423892E+00 -0.89560241E-01  0.24686646E+00 -0.12804580E+00  0.48553078E-02  0.19994684E+00  0.26779059E+00 -0.65709285E-01  0.54297289E-02  0.23930119E-01 -0.22570185E-03  0.60150146E-01
   0.15551987E-02  0.16652100E+01  0.18779589E-01 -0.17915593E-01  0.30124798E+00  0.11311946E+01  0.58675253E+00  0.10469465E+01  0.85985864E+03  0.55845857E+01 -0.55191594E+00 -0.89929983E-01  0.24326670E+00 -0.12775257E+00  0.52525848E-02  0.17367607E+00  0.22220628E+00 -0.62029462E-01  0.46053752E-02  0.22585053E-01 -0.22135832E-03  0.96130371E-01
   0.16653656E-02  0.17831699E+01  0.19463891E-01 -0.18557560E-01  0.34720367E+00  0.11424468E+01  0.54485452E+00  0.98340338E+00  0.82819049E+03  0.59586401E+01 -0.54921567E+00 -0.90306528E-01  0.23938175E+00 -0.12743175E+00  0.56871194E-02  0.14655001E+00  0.17951953E+00 -0.55469472E-01  0.39016379E-02  0.21753257E-01 -0.21398485E-03  0.13900757E+00
   0.17831257E-02  0.19092599E+01  0.20283269E-01 -0.19324448E-01  0.40294462E+00  0.11562862E+01  0.50266725E+00  0.92442733E+00  0.81781921E+03  0.63744354E+01 -0.54596251E+00 -0.90670772E-01  0.23515376E+00 -0.12708248E+00  0.61581051E-02  0.11917058E+00  0.14003457E+00 -0.46319988E-01  0.34223194E-02  0.21480845E-01 -0.20203819E-03  0.19116211E+00
   0.19090109E-02  0.20440500E+01  0.21288818E-01 -0.20263117E-01  0.47201675E+00  0.11735761E+01  0.46101925E+00  0.87005568E+00  0.83139954E+03  0.68217697E+01 -0.54198122E+00 -0.90994030E-01  0.23050763E+00 -0.12669191E+00  0.66572945E-02  0.92327870E-01  0.10429298E+00 -0.35456557E-01  0.30655179E-02  0.21837546E-01 -0.18345320E-03  0.25595093E+00
   0.20435536E-02  0.21881099E+01  0.22552321E-01 -0.21439115E-01  0.55932081E+00  0.11954461E+01  0.42126995E+00  0.82082504E+00  0.87187463E+03  0.72777648E+01 -0.53725630E+00 -0.91244794E-01  0.22537711E+00 -0.12621099E+00  0.71619307E-02  0.67119837E-01  0.73133789E-01 -0.24380108E-01  0.27796493E-02  0.22900665E-01 -0.15534041E-03  0.33810425E+00
   0.21873985E-02  0.23421299E+01  0.24170935E-01 -0.22940610E-01  0.67135370E+00  0.12233276E+01  0.38536656E+00  0.77785110E+00  0.94044037E+03  0.77060313E+01 -0.53228867E+00 -0.91429204E-01  0.21979994E+00 -0.12555484E+00  0.76280297E-02  0.44967167E-01  0.47573112E-01 -0.14879307E-01  0.25594472E-02  0.24701612E-01 -0.11531204E-03  0.44387817E+00
   0.23411615E-02  0.25067701E+01  0.26258940E-01 -0.24870185E-01  0.81560701E+00  0.12588069E+01  0.35562542E+00  0.74267864E+00  0.10324269E+04  0.80675259E+01 -0.52847904E+00 -0.91679506E-01  0.21411966E+00 -0.12470365E+00  0.79935845E-02  0.27375299E-01  0.28466126E-01 -0.82398187E-02  0.23985750E-02  0.27117731E-01 -0.62980151E-04  0.58044434E+00
   0.25055155E-02  0.26827500E+01  0.28918460E-01 -0.27317282E-01  0.99878466E+00  0.13032300E+01  0.33371496E+00  0.71631259E+00  0.11336445E+04  0.83469515E+01 -0.52753162E+00 -0.92261650E-01  0.20894402E+00 -0.12379885E+00  0.82093012E-02  0.15229974E-01  0.15930351E-01 -0.44865361E-02  0.22861257E-02  0.29776314E-01 -0.17311532E-05  0.75430298E+00
   0.26812169E-02  0.28708801E+01  0.32192938E-01 -0.30315375E-01  0.12242447E+01  0.13571221E+01  0.31927097E+00  0.69761759E+00  0.12232297E+04  0.85620632E+01 -0.52942979E+00 -0.93300328E-01  0.20447268E+00 -0.12290171E+00  0.82744509E-02  0.82425885E-02  0.90991668E-02 -0.26185703E-02  0.22042098E-02  0.32129359E-01  0.61608531E-04  0.96871948E+00
   0.28690498E-02  0.30720000E+01  0.36047723E-01 -0.33825092E-01  0.14911314E+01  0.14199787E+01  0.30966228E+00  0.68267047E+00  0.12838204E+04  0.87306366E+01 -0.53156978E+00 -0.94510987E-01  0.19997752E+00 -0.12165641E+00  0.82203979E-02  0.51568705E-02  0.63946904E-02 -0.15658839E-02  0.21307126E-02  0.33720836E-01  0.12118248E-03  0.12228699E+01
   0.30699393E-02  0.32870998E+01  0.40412825E-01 -0.37774358E-01  0.17968957E+01  0.14908580E+01  0.30155155E+00  0.66677928E+00  0.13100438E+04  0.88458805E+01 -0.53077346E+00 -0.95423311E-01  0.19443229E+00 -0.11949763E+00  0.80662118E-02  0.43827998E-02  0.60149408E-02 -0.74651785E-03  0.20485653E-02  0.34409620E-01  0.17568927E-03  0.15143433E+01
   0.32845577E-02  0.35168998E+01  0.45229618E-01 -0.42101189E-01  0.21396365E+01  0.15689212E+01  0.29258102E+00  0.64703685E+00  0.13071638E+04  0.88882160E+01 -0.52521425E+00 -0.95740706E-01  0.18731971E+00 -0.11607108E+00  0.78102797E-02  0.45804936E-02  0.64844931E-02  0.61444298E-05  0.19517278E-02  0.34333974E-01  0.22754712E-03  0.18414001E+01
   0.35137455E-02  0.37623000E+01  0.50480682E-01 -0.46779886E-01  0.25197146E+01  0.16537834E+01  0.28170219E+00  0.62253648E+00  0.12832571E+04  0.88382816E+01 -0.51432556E+00 -0.95374823E-01  0.17861094E+00 -0.11126239E+00  0.74418560E-02  0.49639265E-02  0.69960821E-02  0.70456689E-03  0.18412906E-02  0.33706039E-01  0.28005001E-03  0.22044373E+01
   0.37591837E-02  0.40250998E+01  0.56195509E-01 -0.51824491E-01  0.29402421E+01  0.17455291E+01  0.26858991E+00  0.59313202E+00  0.12431559E+04  0.86757069E+01 -0.49780366E+00 -0.94289005E-01  0.16837718E+00 -0.10500425E+00  0.69468226E-02  0.52425987E-02  0.73062847E-02  0.13412056E-02  0.17189474E-02  0.32652739E-01  0.33530631E-03  0.26064758E+01
   0.40211529E-02  0.43056002E+01  0.62380232E-01 -0.57225205E-01  0.34020171E+01  0.18435388E+01  0.25319874E+00  0.55882448E+00  0.11878325E+04  0.83779917E+01 -0.47520724E+00 -0.92401765E-01  0.15667661E+00 -0.97250395E-01  0.63172481E-02  0.53757844E-02  0.74200127E-02  0.19011389E-02  0.15853754E-02  0.31199617E-01  0.39455673E-03  0.30484924E+01
   0.43016137E-02  0.46059003E+01  0.69075093E-01 -0.62997811E-01  0.39077241E+01  0.19473583E+01  0.23533916E+00  0.51914525E+00  0.11154724E+04  0.79192576E+01 -0.44570124E+00 -0.89544751E-01  0.14340617E+00 -0.87917134E-01  0.55512972E-02  0.53844559E-02  0.73774164E-02  0.23625719E-02  0.14389099E-02  0.29299006E-01  0.45755957E-03  0.35331116E+01
   0.46011270E-02  0.49266000E+01  0.76272979E-01 -0.69111392E-01  0.44556079E+01  0.20553589E+01  0.21483879E+00  0.47367063E+00  0.10239492E+04  0.72781854E+01 -0.40853959E+00 -0.85498624E-01  0.12850606E+00 -0.77036984E-01  0.46663317E-02  0.52712522E-02  0.71802218E-02  0.26876237E-02  0.12783263E-02  0.26895056E-01  0.52341766E-03  0.40588989E+01
   0.49213730E-02  0.52694998E+01  0.83972752E-01 -0.75533256E-01  0.50431094E+01  0.21655068E+01  0.19147046E+00  0.42189124E+00  0.91155914E+03  0.64420691E+01 -0.36314145E+00 -0.79993077E-01  0.11192286E+00 -0.64754143E-01  0.36976615E-02  0.50157802E-02  0.67988466E-02  0.28324339E-02  0.11027295E-02  0.23943018E-01  0.59007813E-03  0.46236267E+01
   0.52634738E-02  0.56357999E+01  0.92131406E-01 -0.82186595E-01  0.56628308E+01  0.22746348E+01  0.16515493E+00  0.36365563E+00  0.77848267E+03  0.54200177E+01 -0.30963674E+00 -0.72749257E-01  0.93762919E-01 -0.51464930E-01  0.27071689E-02  0.45959498E-02  0.62045045E-02  0.27603693E-02  0.91343594E-03  0.20447630E-01  0.65465423E-03  0.52203674E+01
   0.56293895E-02  0.60275998E+01  0.10068888E+00 -0.88969216E-01  0.63041439E+01  0.23789048E+01  0.13588394E+00  0.29896140E+00  0.62665820E+03  0.42470412E+01 -0.24888675E+00 -0.63438751E-01  0.74251316E-01 -0.37799697E-01  0.17749997E-02  0.39957683E-02  0.53822654E-02  0.24586378E-02  0.71354548E-03  0.16459808E-01  0.71277638E-03  0.58391418E+01
   0.60208021E-02  0.64466996E+01  0.10952290E+00 -0.95714584E-01  0.69498420E+01  0.24735324E+01  0.10390070E+00  0.22815119E+00  0.45962698E+03  0.29926322E+01 -0.18276976E+00 -0.51644493E-01  0.53813715E-01 -0.24595955E-01  0.98551007E-03  0.30587767E-02  0.41030035E-02  0.18715634E-02  0.50846039E-03  0.12072565E-01  0.75464096E-03  0.64635925E+01
   0.64388313E-02  0.68943000E+01  0.11835241E+00 -0.10212095E+00  0.75712404E+01  0.25522282E+01  0.73336788E-01  0.16116811E+00  0.30861530E+03  0.18773043E+01 -0.12200745E+00 -0.39257172E-01  0.35324521E-01 -0.13933669E-01  0.44706577E-03  0.22389996E-02  0.30001192E-02  0.12587106E-02  0.33036154E-03  0.81060911E-02  0.78167772E-03  0.70661621E+01
   0.68857200E-02  0.73728004E+01  0.12724815E+00 -0.10812010E+00  0.81616879E+01  0.26141346E+01  0.37501447E-01  0.82262404E-01  0.14866664E+03  0.81471223E+00 -0.58224428E-01 -0.21937801E-01  0.16156033E-01 -0.52352929E-02  0.12257292E-03  0.12009366E-02  0.16146019E-02  0.57465117E-03  0.15093274E-03  0.39048789E-02  0.80858968E-03  0.76403198E+01
   0.73637078E-02  0.78846002E+01  0.13589226E+00 -0.11326712E+00  0.86998844E+01  0.26555471E+01  0.32201612E-02  0.65873484E-02  0.95634346E+01  0.54106437E-01 -0.42629619E-02 -0.18740791E-02  0.11064124E-02 -0.29729414E-03  0.53363342E-05  0.67945672E-04  0.91213871E-04  0.32493561E-04  0.95668447E-05  0.25119324E-03  0.75485749E-03  0.81654663E+01
   0.78744777E-02  0.84315004E+01  0.14065270E+00 -0.11568028E+00  0.90111256E+01  0.26744025E+01  0.16768727E-04  0.27592974E-04  0.28366160E-01  0.18544149E-03 -0.17377841E-04 -0.86141927E-05  0.40459727E-05 -0.10130578E-05  0.14354212E-07  0.42085283E-07  0.54067922E-07  0.20765222E-07  0.30833043E-07  0.74506573E-06  0.63040358E-03  0.84674988E+01
   0.84202690E-02  0.90158997E+01  0.14415878E+00 -0.11732893E+00  0.92321520E+01  0.26876984E+01  0.31424727E-08  0.32751211E-08  0.29802234E-05  0.22076263E-07 -0.32279872E-08 -0.15581443E-08  0.66774175E-09 -0.15419070E-09  0.11829928E-11  0.47520192E-13  0.54545368E-13  0.18817389E-13  0.35068153E-11  0.78278564E-10  0.53911790E-03  0.86800232E+01
   0.90038851E-02  0.96408005E+01  0.14752948E+00 -0.11884649E+00  0.94254341E+01  0.26996427E+01  0.47119037E-13  0.94119794E-13  0.64354536E-10  0.40766601E-12 -0.35153246E-13 -0.24536756E-13  0.99699937E-14 -0.24068505E-14  0.31309663E-16  0.13777229E-21  0.12721710E-21  0.39563324E-22  0.79338042E-16  0.16903366E-14  0.48294096E-03  0.88646851E+01
   0.96278479E-02  0.10308900E+02  0.15081684E+00 -0.12026715E+00  0.95999269E+01  0.27104423E+01  0.96667506E-13  0.19931109E-12  0.12426830E-09  0.72935890E-12 -0.64789963E-13 -0.50572333E-13  0.19544682E-13 -0.46078834E-14  0.57280365E-16 -0.14709116E-25 -0.20202267E-25 -0.38786615E-26  0.15380549E-15  0.32640321E-14  0.44139157E-03  0.90303650E+01
   0.10294678E-01  0.11022900E+02  0.15403275E+00 -0.12160072E+00  0.97589369E+01  0.27203350E+01  0.22361193E-12  0.46047194E-12  0.26430533E-09  0.14505321E-11 -0.13808552E-12 -0.11716252E-12  0.43087560E-13 -0.99014374E-14  0.11527474E-15 -0.83066708E-25 -0.11323789E-24 -0.20709053E-25  0.32848973E-15  0.69422456E-14  0.40691459E-03  0.91802673E+01
   0.11007737E-01  0.11786401E+02  0.15718924E+00 -0.12285633E+00  0.99047384E+01  0.27294230E+01  0.51951813E-12  0.10684516E-11  0.56622723E-09  0.29143318E-11 -0.29649365E-12 -0.27241187E-12  0.95443977E-13 -0.21363065E-13  0.23293245E-15 -0.45699033E-24 -0.62234849E-24 -0.10730696E-24  0.70671426E-15  0.14872528E-13  0.37719385E-03  0.93166504E+01
   0.11769828E-01  0.12602400E+02  0.16029721E+00 -0.12404330E+00  0.10039195E+02  0.27377937E+01  0.12120527E-11  0.24893637E-11  0.12211492E-08  0.59126701E-11 -0.64087510E-12 -0.63559433E-12  0.21227829E-12 -0.46368603E-13  0.47440907E-15 -0.25794588E-23 -0.35100263E-23 -0.57073381E-24  0.15308077E-14  0.32074712E-13  0.35109650E-03  0.94412537E+01
   0.12584314E-01  0.13474501E+02  0.16336171E+00 -0.12516530E+00  0.10163694E+02  0.27455478E+01  0.28885572E-11  0.59248830E-11  0.26948992E-08  0.12284048E-10 -0.14173714E-11 -0.15146437E-11  0.48176101E-12 -0.10309872E-12  0.99218252E-15 -0.14565432E-22 -0.19806245E-22 -0.30336496E-23  0.33921971E-14  0.70784239E-13  0.32778669E-03  0.95555115E+01
   0.13455116E-01  0.14406900E+02  0.16639103E+00 -0.12622762E+00  0.10279168E+02  0.27527511E+01  0.67722650E-11  0.13872710E-10  0.58598344E-08  0.25177685E-10 -0.30887849E-11 -0.35494290E-11  0.10752183E-11 -0.22433112E-12  0.20202600E-14 -0.79368400E-22 -0.10785426E-21 -0.15548246E-22  0.74060275E-14  0.15391445E-12  0.30677469E-03  0.96602173E+01
   0.14386157E-01  0.15403801E+02  0.16938937E+00 -0.12723465E+00  0.10386811E+02  0.27593668E+01  0.15727301E-10  0.32170797E-10  0.12636002E-07  0.51287682E-10 -0.66742939E-11 -0.82341495E-11  0.23749570E-11 -0.48460091E-12  0.40937094E-14 -0.41854170E-21 -0.56860251E-21 -0.76941498E-22  0.16038203E-13  0.33189730E-12  0.28772352E-03  0.97565613E+01
   0.15381077E-01  0.16469101E+02  0.17235929E+00 -0.12818852E+00  0.10487136E+02  0.27655752E+01  0.35750732E-10  0.73035147E-10  0.26699356E-07  0.10224142E-09 -0.14128789E-10 -0.18702876E-10  0.51290070E-11 -0.10347297E-11  0.82720729E-14 -0.20654046E-20 -0.28044953E-20 -0.35647953E-21  0.34011903E-13  0.70128544E-12  0.27025657E-03  0.98450012E+01
   0.16444923E-01  0.17608200E+02  0.17530599E+00 -0.12909202E+00  0.10580787E+02  0.27713792E+01  0.78289097E-10  0.15971000E-09  0.54412720E-07  0.19711185E-09 -0.28857991E-10 -0.40895749E-10  0.10646557E-10 -0.21061503E-11  0.15782175E-13 -0.98350854E-20 -0.13347302E-19 -0.15984312E-20  0.69598976E-13  0.14292048E-11  0.25425866E-03  0.99261169E+01
   0.17581895E-01  0.18825600E+02  0.17823121E+00 -0.12994671E+00  0.10668737E+02  0.27767253E+01  0.17150732E-09  0.34935527E-09  0.11102855E-06  0.38097780E-09 -0.59002886E-10 -0.89415010E-10  0.22091478E-10 -0.43052367E-11  0.30356333E-13 -0.46593814E-19 -0.63217026E-19 -0.71182293E-20  0.14260560E-12  0.29162766E-11  0.23955805E-03  0.10000824E+02
   0.18797601E-01  0.20127300E+02  0.18113905E+00 -0.13075671E+00  0.10751059E+02  0.27817914E+01  0.37123857E-09  0.75512840E-09  0.22376281E-06  0.72600115E-09 -0.11914299E-09 -0.19319842E-09  0.45153905E-10 -0.87533886E-11  0.58446615E-13 -0.20161404E-18 -0.27340452E-18 -0.28901048E-19  0.28849194E-12  0.58773555E-11  0.22590091E-03  0.10069092E+02
   0.20096797E-01  0.21518400E+02  0.18402235E+00 -0.13151665E+00  0.10828157E+02  0.27864904E+01  0.75379475E-09  0.15306748E-08  0.42313661E-06  0.13031197E-08 -0.22585507E-09 -0.39108727E-09  0.86322761E-10 -0.16544519E-10  0.10382513E-12 -0.81217680E-18 -0.11011669E-17 -0.10931245E-18  0.54815744E-12  0.11114109E-10  0.21323895E-03  0.10131348E+02
   0.21485934E-01  0.23005800E+02  0.18688880E+00 -0.13223511E+00  0.10900764E+02  0.27908862E+01  0.15271154E-08  0.30958791E-08  0.79898797E-06  0.23354489E-08 -0.42744569E-09 -0.78976603E-09  0.16456848E-09 -0.31412973E-10  0.18646904E-12 -0.33109000E-17 -0.44876190E-17 -0.41999405E-18  0.10397780E-11  0.20986223E-10  0.20149352E-03  0.10188202E+02
   0.22970609E-01  0.24595499E+02  0.18973720E+00 -0.13290854E+00  0.10968856E+02  0.27950237E+01  0.30767950E-08  0.62274981E-08  0.15006102E-05  0.41590575E-08 -0.80453572E-09 -0.15862124E-08  0.31121511E-09 -0.59036977E-10  0.32990548E-12 -0.12774874E-16 -0.17303412E-16 -0.15268677E-17  0.19611461E-11  0.39415037E-10  0.19052987E-03  0.10239563E+02
   0.24557555E-01  0.26294701E+02  0.19256932E+00 -0.13354254E+00  0.11032947E+02  0.27988453E+01  0.59612999E-08  0.12042467E-07  0.27096894E-05  0.71466175E-08 -0.14562895E-08 -0.30598117E-08  0.56428484E-09 -0.10612591E-09  0.55609391E-12 -0.45915889E-16 -0.62190721E-16 -0.51394502E-17  0.35598980E-11  0.71172720E-10  0.18031840E-03  0.10285889E+02
   0.26254328E-01  0.28111500E+02  0.19538197E+00 -0.13413325E+00  0.11093307E+02  0.28024218E+01  0.11305145E-07  0.22792676E-07  0.47857079E-05  0.11989851E-07 -0.25766971E-08 -0.57781433E-08  0.99709607E-09 -0.18842565E-09  0.93307903E-12 -0.15657232E-15 -0.21205474E-15 -0.16393285E-16  0.63176799E-11  0.12570144E-09  0.17075065E-03  0.10327362E+02
   0.28068500E-01  0.30054001E+02  0.19817534E+00 -0.13468447E+00  0.11149848E+02  0.28057747E+01  0.20729049E-07  0.41708844E-07  0.81663275E-05  0.19448228E-07 -0.44078097E-08 -0.10541140E-07  0.16969325E-08 -0.32184286E-09  0.15014973E-11 -0.49512051E-15 -0.66991910E-15 -0.48897114E-16  0.10838771E-10  0.21449681E-09  0.16175071E-03  0.10363800E+02
   0.30007347E-01  0.32130001E+02  0.20094261E+00 -0.13519290E+00  0.11203104E+02  0.28088741E+01  0.36689837E-07  0.73635768E-07  0.13445107E-04  0.30678045E-07 -0.72844983E-08 -0.18515022E-07  0.27626201E-08 -0.52883786E-09  0.23267774E-11 -0.14802245E-14 -0.20017436E-14 -0.13804468E-15  0.17986522E-10  0.35314926E-09  0.15335262E-03  0.10395691E+02
   0.32077882E-01  0.34347000E+02  0.20367910E+00 -0.13565971E+00  0.11253408E+02  0.28117762E+01  0.63529221E-07  0.12714030E-06  0.21631058E-04  0.47351033E-07 -0.11764934E-07 -0.31783294E-07  0.43750710E-08 -0.84921159E-09  0.35236009E-11 -0.42667663E-14 -0.57712996E-14 -0.37317026E-15  0.29186150E-10  0.56816152E-09  0.14550667E-03  0.10423218E+02
   0.34294114E-01  0.36720001E+02  0.20638655E+00 -0.13608530E+00  0.11300766E+02  0.28144453E+01  0.10790065E-06  0.21531156E-06  0.34074801E-04  0.71447005E-07 -0.18597488E-07 -0.53500710E-07  0.67532206E-08 -0.13324850E-08  0.51946442E-11 -0.11984298E-13 -0.16201504E-13 -0.98761543E-15  0.46372840E-10  0.89500896E-09  0.13811790E-03  0.10446320E+02
   0.36661640E-01  0.39255001E+02  0.20905532E+00 -0.13647027E+00  0.11345241E+02  0.28169260E+01  0.18090901E-06  0.35977325E-06  0.52849064E-04  0.10665325E-06 -0.28955082E-07 -0.88675755E-07  0.10216216E-07 -0.20709785E-08  0.76382772E-11 -0.33065066E-13 -0.44662326E-13 -0.25829711E-14  0.72704114E-10  0.13881338E-08  0.13114740E-03  0.10464935E+02
   0.39194472E-01  0.41966999E+02  0.21167551E+00 -0.13681492E+00  0.11387073E+02  0.28192136E+01  0.30011822E-06  0.59449121E-06  0.80814840E-04  0.15759763E-06 -0.44508766E-07 -0.14503210E-06  0.15070739E-07 -0.31641734E-08  0.11024683E-10 -0.88789605E-13 -0.11984958E-12 -0.65722388E-14  0.11266157E-09  0.21226831E-08  0.12458593E-03  0.10479187E+02
   0.41901015E-01  0.44865002E+02  0.21423532E+00 -0.13711642E+00  0.11426257E+02  0.28213108E+01  0.48959851E-06  0.96538702E-06  0.12108360E-03  0.22920534E-06 -0.67069585E-07 -0.23260642E-06  0.21586096E-07 -0.46491104E-08  0.15037313E-10 -0.23660913E-12 -0.31881857E-12 -0.16739839E-13  0.17148845E-09  0.31803826E-08  0.11838765E-03  0.10488953E+02
   0.44792481E-01  0.47960999E+02  0.21672238E+00 -0.13737884E+00  0.11462982E+02  0.28231440E+01  0.79949444E-06  0.15670740E-05  0.18058681E-03  0.33485230E-06 -0.10061140E-06 -0.37152941E-06  0.30420335E-07 -0.68386123E-08  0.20704915E-10 -0.63459909E-12 -0.85242013E-12 -0.43862029E-13  0.26095359E-09  0.47432942E-08  0.11252410E-03  0.10494324E+02
   0.47885675E-01  0.51273003E+02  0.21911864E+00 -0.13759875E+00  0.11497374E+02  0.28248441E+01  0.12970986E-05  0.25244165E-05  0.26628829E-03  0.49157353E-06 -0.14930480E-06 -0.58506549E-06  0.41750170E-07 -0.10251418E-07  0.30409498E-10 -0.17880829E-11 -0.24024183E-11 -0.11962827E-12  0.39536416E-09  0.69943296E-08  0.10704797E-03  0.10495239E+02
   0.51189009E-01  0.54810001E+02  0.22141220E+00 -0.13778387E+00  0.11530044E+02  0.28264017E+01  0.21856204E-05  0.42219522E-05  0.40442517E-03  0.74277449E-06 -0.22898153E-06 -0.95286117E-06  0.58870899E-07 -0.15314960E-07  0.43390708E-10 -0.59458866E-11 -0.79996487E-11 -0.38449040E-12  0.61926930E-09  0.10622634E-07  0.10187419E-03  0.10492218E+02
   0.54724887E-01  0.58596001E+02  0.22358228E+00 -0.13793284E+00  0.11559948E+02  0.28277092E+01  0.39883694E-05  0.76385350E-05  0.65903045E-03  0.12055958E-05 -0.37721469E-06 -0.16720498E-05  0.85570782E-07 -0.25658826E-07  0.68418847E-10 -0.22329033E-10 -0.29998656E-10 -0.14278599E-11  0.10450343E-08  0.17310098E-07  0.96934942E-04  0.10484009E+02
   0.58501720E-01  0.62640003E+02  0.22561447E+00 -0.13804480E+00  0.11588058E+02  0.28290260E+01  0.75472990E-05  0.14303057E-04  0.11072670E-02  0.20545317E-05 -0.63710837E-06 -0.30128160E-05  0.12003665E-06 -0.44152330E-07  0.11130426E-09 -0.89961712E-10 -0.12094163E-09 -0.56599022E-11  0.18327956E-08  0.29083481E-07  0.92251859E-04  0.10471375E+02
   0.62539123E-01  0.66963005E+02  0.22749692E+00 -0.13812238E+00  0.11613981E+02  0.28300591E+01  0.15087156E-04  0.28246308E-04  0.19534740E-02  0.36979015E-05 -0.11266957E-05 -0.56968870E-05  0.16533203E-06 -0.70647332E-07  0.16036110E-09 -0.40415202E-09 -0.54640054E-09 -0.24555734E-10  0.33918262E-08  0.51309961E-07  0.87853703E-04  0.10453857E+02
   0.66853903E-01  0.71583000E+02  0.22923826E+00 -0.13817285E+00  0.11638446E+02  0.28308966E+01  0.31815387E-04  0.58879214E-04  0.36242544E-02  0.69472148E-05 -0.21005580E-05 -0.11334715E-04  0.22518010E-06 -0.13027663E-06  0.29189698E-09 -0.19425330E-08 -0.26509464E-08 -0.11158788E-09  0.66091124E-08  0.95194686E-07  0.83691404E-04  0.10431946E+02
   0.71468480E-01  0.76524002E+02  0.23084371E+00 -0.13820338E+00  0.11660591E+02  0.28316929E+01  0.68932153E-04  0.12617069E-03  0.68826294E-02  0.13181235E-04 -0.40246769E-05 -0.23175795E-04  0.24639573E-06 -0.25257552E-06  0.55279337E-09 -0.91337782E-08 -0.12496016E-07 -0.51484633E-09  0.13171733E-07  0.18077918E-06  0.79681231E-04  0.10404510E+02
   0.76399662E-01  0.81804001E+02  0.23232055E+00 -0.13821211E+00  0.11681144E+02  0.28323383E+01  0.14381822E-03  0.25992779E-03  0.12641247E-01  0.24944553E-04 -0.73952397E-05 -0.45001583E-04  0.34090277E-07 -0.43514640E-06  0.88197433E-09 -0.39656754E-07 -0.54963252E-07 -0.21470505E-08  0.25673195E-07  0.33203509E-06  0.75927383E-04  0.10372101E+02
   0.81672661E-01  0.87449997E+02  0.23368302E+00 -0.13820501E+00  0.11700968E+02  0.28328948E+01  0.29795573E-03  0.53245953E-03  0.23083542E-01  0.46127901E-04 -0.13523135E-04 -0.87112632E-04 -0.62581728E-06 -0.76047246E-06  0.14776798E-08 -0.16231515E-06 -0.22839892E-06 -0.82946121E-08  0.49575409E-07  0.60631243E-06  0.72402370E-04  0.10335327E+02
   0.87307088E-01  0.93482994E+02  0.23494804E+00 -0.13818786E+00  0.11718802E+02  0.28333559E+01  0.58737438E-03  0.10389143E-02  0.40261999E-01  0.80798898E-04 -0.23607423E-04 -0.16088549E-03 -0.24359599E-05 -0.12896246E-05  0.22901656E-08 -0.58731308E-06 -0.83601890E-06 -0.28896352E-07  0.91293437E-07  0.10575219E-05  0.69054360E-04  0.10292725E+02
   0.93333781E-01  0.99936005E+02  0.23612702E+00 -0.13815776E+00  0.11736237E+02  0.28337789E+01  0.10956386E-02  0.19179881E-02  0.66825002E-01  0.13633934E-03 -0.38841637E-04 -0.27975175E-03 -0.66761108E-05 -0.20542604E-05  0.35915917E-08 -0.19104791E-05 -0.27938268E-05 -0.87097568E-07  0.16077176E-06  0.17552260E-05  0.65920707E-04  0.10245544E+02
   0.99772334E-01  0.10683000E+03  0.23723222E+00 -0.13811871E+00  0.11752263E+02  0.28341196E+01  0.19807669E-02  0.34535837E-02  0.10767604E+00  0.21595934E-03 -0.64464803E-04 -0.47535336E-03 -0.15138485E-04 -0.30808910E-05  0.57652572E-08 -0.56965196E-05 -0.85214588E-05 -0.23851911E-06  0.27354511E-06  0.28282195E-05  0.62943735E-04  0.10192535E+02
   0.10665637E+00  0.11420100E+03  0.23826900E+00 -0.13807112E+00  0.11767349E+02  0.28344247E+01  0.33722629E-02  0.58429260E-02  0.16369289E+00  0.32309102E-03 -0.99559256E-04 -0.76220906E-03 -0.30492040E-04 -0.43932068E-05  0.97184154E-08 -0.14774671E-04 -0.22422710E-04 -0.58826328E-06  0.43907113E-06  0.42995584E-05  0.60098555E-04  0.10133820E+02
   0.11401671E+00  0.12208199E+03  0.23924989E+00 -0.13801607E+00  0.11781225E+02  0.28346658E+01  0.54059750E-02  0.93026031E-02  0.23597686E+00  0.46421256E-03 -0.13930781E-03 -0.11532182E-02 -0.55743374E-04 -0.53832259E-05  0.16697754E-07 -0.33857854E-04 -0.52666535E-04 -0.12825894E-05  0.66956102E-06  0.61981696E-05  0.57415771E-04  0.10068817E+02
   0.12188139E+00  0.13050301E+03  0.24018368E+00 -0.13795307E+00  0.11794802E+02  0.28348458E+01  0.82643954E-02  0.14218533E-01  0.32678151E+00  0.63737296E-03 -0.19716665E-03 -0.16536373E-02 -0.94585470E-04 -0.61623796E-05  0.31996297E-07 -0.70750604E-04 -0.11451493E-03 -0.23607336E-05  0.98473220E-06  0.85832453E-05  0.54902495E-04  0.99981384E+01
   0.13028961E+00  0.13950601E+03  0.24107434E+00 -0.13788255E+00  0.11807362E+02  0.28349922E+01  0.12257196E-01  0.21044075E-01  0.43793559E+00  0.81843120E-03 -0.26900275E-03 -0.23468544E-02 -0.15226657E-03 -0.75856778E-05  0.64412149E-07 -0.13802780E-03 -0.22955258E-03 -0.41656594E-05  0.13852937E-05  0.11502819E-04  0.52491887E-04  0.99206238E+01
   0.13928060E+00  0.14913300E+03  0.24192892E+00 -0.13780801E+00  0.11818905E+02  0.28351197E+01  0.17235659E-01  0.29715415E-01  0.56237972E+00  0.10241678E-02 -0.35339163E-03 -0.31268233E-02 -0.21881862E-03 -0.83819323E-05  0.12239225E-06 -0.23972731E-03 -0.40888629E-03 -0.72811054E-05  0.18818406E-05  0.14771470E-04  0.50192451E-04  0.98358459E+01
   0.14888799E+00  0.15942000E+03  0.24275826E+00 -0.13773157E+00  0.11830253E+02  0.28352125E+01  0.23260918E-01  0.40326819E-01  0.69828725E+00  0.12703476E-02 -0.45408506E-03 -0.39486601E-02 -0.29907248E-03 -0.72983926E-05  0.21959275E-06 -0.38553370E-03 -0.68559294E-03 -0.10448131E-04  0.24919132E-05  0.18341218E-04  0.48053120E-04  0.97442932E+01
   0.15915942E+00  0.17041800E+03  0.24356526E+00 -0.13764863E+00  0.11841287E+02  0.28352687E+01  0.30921100E-01  0.53589992E-01  0.84833807E+00  0.14837161E-02 -0.55375841E-03 -0.50407429E-02 -0.43344090E-03 -0.31913023E-05  0.37402825E-06 -0.60508092E-03 -0.11162141E-02 -0.13068428E-04  0.31806335E-05  0.22282453E-04  0.46018555E-04  0.96453247E+01
   0.17013970E+00  0.18217500E+03  0.24433927E+00 -0.13755552E+00  0.11851140E+02  0.28352587E+01  0.39914280E-01  0.69253504E-01  0.10048586E+01  0.16729867E-02 -0.63217006E-03 -0.63067391E-02 -0.60873356E-03  0.14314508E-05  0.60380677E-06 -0.89081220E-03 -0.16814631E-02 -0.19633007E-04  0.39392157E-05  0.26393624E-04  0.44051489E-04  0.95375977E+01
   0.18187648E+00  0.19474200E+03  0.24509525E+00 -0.13745683E+00  0.11860742E+02  0.28352516E+01  0.49536034E-01  0.86902373E-01  0.11627042E+01  0.19229298E-02 -0.75241749E-03 -0.73624123E-02 -0.74709713E-03  0.21125556E-05  0.92861507E-06 -0.12030061E-02 -0.23730733E-02 -0.26744539E-04  0.48429833E-05  0.30539595E-04  0.42204330E-04  0.94215088E+01
   0.19442296E+00  0.20817601E+03  0.24584675E+00 -0.13735700E+00  0.11870358E+02  0.28352361E+01  0.60733404E-01  0.10730062E+00  0.13249530E+01  0.21378035E-02 -0.89266786E-03 -0.85855164E-02 -0.92412555E-03  0.10001893E-04  0.13733689E-05 -0.16091580E-02 -0.33263143E-02 -0.25251844E-04  0.58232549E-05  0.34801222E-04  0.40472580E-04  0.92967529E+01
   0.20783521E+00  0.22253700E+03  0.24657938E+00 -0.13724838E+00  0.11879305E+02  0.28351583E+01  0.73968247E-01  0.13053231E+00  0.14890373E+01  0.22630615E-02 -0.99316461E-03 -0.10240710E-01 -0.11981191E-02  0.24115356E-04  0.19572549E-05 -0.21474841E-02 -0.45337435E-02 -0.23019469E-04  0.68056379E-05  0.39111063E-04  0.38806887E-04  0.91621094E+01
   0.22217205E+00  0.23788800E+03  0.24729994E+00 -0.13713445E+00  0.11887567E+02  0.28350587E+01  0.88327974E-01  0.15575349E+00  0.16477108E+01  0.23767918E-02 -0.10745104E-02 -0.11948882E-01 -0.15007810E-02  0.37322483E-04  0.26935975E-05 -0.27169031E-02 -0.58387965E-02 -0.25651407E-04  0.78364328E-05  0.43278782E-04  0.37208931E-04  0.90168457E+01
   0.23749793E+00  0.25429800E+03  0.24800628E+00 -0.13701265E+00  0.11895453E+02  0.28349285E+01  0.10344090E+00  0.18257545E+00  0.17993933E+01  0.24710828E-02 -0.11837040E-02 -0.13614506E-01 -0.18304829E-02  0.52096653E-04  0.35992350E-05 -0.32759949E-02 -0.72018201E-02 -0.29676467E-04  0.88975739E-05  0.47262874E-04  0.35684996E-04  0.88606567E+01
   0.25388008E+00  0.27183899E+03  0.24870895E+00 -0.13688445E+00  0.11902869E+02  0.28347819E+01  0.11887095E+00  0.21069860E+00  0.19433905E+01  0.25729001E-02 -0.12833329E-02 -0.15163449E-01 -0.21582467E-02  0.64022133E-04  0.46928071E-05 -0.38340390E-02 -0.85997051E-02 -0.38201801E-04  0.10003519E-04  0.51045106E-04  0.34236036E-04  0.86926575E+01
   0.27139419E+00  0.29059201E+03  0.24940883E+00 -0.13674821E+00  0.11910281E+02  0.28346245E+01  0.13474233E+00  0.24007717E+00  0.20785766E+01  0.26828630E-02 -0.14346532E-02 -0.16456882E-01 -0.24654260E-02  0.82515806E-04  0.59967774E-05 -0.43502091E-02 -0.10060689E-01 -0.31258500E-04  0.11161686E-04  0.54595908E-04  0.32867803E-04  0.85125732E+01
   0.29012707E+00  0.31064999E+03  0.25011066E+00 -0.13660559E+00  0.11917441E+02  0.28344145E+01  0.15211290E+00  0.27086020E+00  0.22072625E+01  0.27172517E-02 -0.14460866E-02 -0.18355014E-01 -0.28822145E-02  0.10865212E-03  0.75252233E-05 -0.49321097E-02 -0.11620307E-01 -0.15625777E-04  0.12229269E-04  0.57975973E-04  0.31562224E-04  0.83191833E+01
   0.31013197E+00  0.33207001E+03  0.25080886E+00 -0.13645525E+00  0.11924191E+02  0.28342023E+01  0.16984284E+00  0.30224946E+00  0.23277910E+01  0.27456279E-02 -0.15666065E-02 -0.19975105E-01 -0.33025397E-02  0.13492386E-03  0.92833898E-05 -0.54604993E-02 -0.12997144E-01 -0.21146096E-04  0.13304572E-04  0.61141771E-04  0.30313382E-04  0.81117554E+01
   0.33150977E+00  0.35496002E+03  0.25151151E+00 -0.13629584E+00  0.11930920E+02  0.28339269E+01  0.18715248E+00  0.33387545E+00  0.24402225E+01  0.27924087E-02 -0.16966292E-02 -0.21357113E-01 -0.37282251E-02  0.18175390E-03  0.11291595E-04 -0.58829482E-02 -0.14215869E-01 -0.20273519E-04  0.14398682E-04  0.64094900E-04  0.29128887E-04  0.78896179E+01
   0.35437247E+00  0.37944000E+03  0.25222248E+00 -0.13612364E+00  0.11937486E+02  0.28335788E+01  0.20535459E+00  0.36601308E+00  0.25458386E+01  0.28068039E-02 -0.17456651E-02 -0.23095172E-01 -0.42716693E-02  0.22326606E-03  0.13564182E-04 -0.64077335E-02 -0.15514935E-01  0.10825817E-04  0.15427704E-04  0.66869012E-04  0.28002567E-04  0.76514282E+01
   0.37883228E+00  0.40563004E+03  0.25294113E+00 -0.13593875E+00  0.11943928E+02  0.28332193E+01  0.22560866E+00  0.39844337E+00  0.26422787E+01  0.27580154E-02 -0.17779259E-02 -0.25310082E-01 -0.49032634E-02  0.27456292E-03  0.16104514E-04 -0.69324607E-02 -0.16649792E-01  0.61476116E-04  0.16333508E-04  0.69402107E-04  0.26925250E-04  0.73960266E+01
   0.40497312E+00  0.43362000E+03  0.25366113E+00 -0.13574609E+00  0.11949892E+02  0.28327851E+01  0.24698520E+00  0.42997047E+00  0.27261283E+01  0.26541138E-02 -0.17288580E-02 -0.28003227E-01 -0.56422981E-02  0.34467268E-03  0.18891529E-04 -0.71074674E-02 -0.16941853E-01  0.82607628E-04  0.17069591E-04  0.71604503E-04  0.25889907E-04  0.71221619E+01
   0.43287909E+00  0.46349997E+03  0.25438103E+00 -0.13554445E+00  0.11955564E+02  0.28323448E+01  0.26580197E+00  0.45871696E+00  0.27949436E+01  0.25885457E-02 -0.17112172E-02 -0.30041864E-01 -0.63802684E-02  0.40862180E-03  0.21893426E-04 -0.66624247E-02 -0.15915556E-01  0.40570219E-04  0.17751508E-04  0.73412004E-04  0.24897025E-04  0.68291016E+01
   0.46274635E+00  0.49548001E+03  0.25511360E+00 -0.13532425E+00  0.11961159E+02  0.28318181E+01  0.28014472E+00  0.48385289E+00  0.28512840E+01  0.25821100E-02 -0.17803650E-02 -0.31085396E-01 -0.70302826E-02  0.48244797E-03  0.25123309E-04 -0.58309822E-02 -0.14043781E-01 -0.15784364E-04  0.18408613E-04  0.74891846E-04  0.23955936E-04  0.65149536E+01
   0.49465895E+00  0.52965002E+03  0.25587276E+00 -0.13507982E+00  0.11966991E+02  0.28312087E+01  0.29111981E+00  0.50546616E+00  0.28946517E+01  0.26198446E-02 -0.20358071E-02 -0.30937176E-01 -0.73779617E-02  0.51434612E-03  0.28602732E-04 -0.51329234E-02 -0.12268837E-01 -0.56705494E-05  0.19040843E-04  0.76030941E-04  0.23069546E-04  0.61791992E+01
   0.52878493E+00  0.56619000E+03  0.25666064E+00 -0.13481338E+00  0.11973143E+02  0.28305213E+01  0.30383912E+00  0.52468705E+00  0.29280145E+01  0.25876788E-02 -0.20250999E-02 -0.32027893E-01 -0.80050211E-02  0.62549755E-03  0.32364798E-04 -0.48349281E-02 -0.10925282E-01  0.91843969E-04  0.19409144E-04  0.76907250E-04  0.22232542E-04  0.58200378E+01
   0.56526446E+00  0.60525000E+03  0.25746611E+00 -0.13452539E+00  0.11979066E+02  0.28296454E+01  0.32042354E+00  0.54112399E+00  0.29527383E+01  0.24521961E-02 -0.19604925E-02 -0.34513414E-01 -0.91023585E-02  0.76821819E-03  0.36339075E-04 -0.43439316E-02 -0.88292258E-02  0.17985154E-03  0.19459161E-04  0.77556644E-04  0.21432166E-04  0.54355164E+01
   0.60423762E+00  0.64698004E+03  0.25828135E+00 -0.13421410E+00  0.11984730E+02  0.28287575E+01  0.33606893E+00  0.55197096E+00  0.29635308E+01  0.22985090E-02 -0.16934522E-02 -0.37787154E-01 -0.10493295E-01  0.96444099E-03  0.40395051E-04 -0.25951064E-02 -0.44033518E-02  0.16178569E-03  0.19246389E-04  0.77840115E-04  0.20659600E-04  0.50240173E+01
   0.64592850E+00  0.69162000E+03  0.25911957E+00 -0.13387764E+00  0.11990073E+02  0.28276513E+01  0.34273034E+00  0.55334485E+00  0.29500906E+01  0.22208295E-02 -0.13518034E-02 -0.39681699E-01 -0.11646878E-01  0.12032512E-02  0.44419809E-04  0.59570180E-03  0.22916824E-02  0.53114767E-04  0.18864854E-04  0.77487100E-04  0.19921103E-04  0.45831604E+01
   0.69047719E+00  0.73932001E+03  0.25999820E+00 -0.13349709E+00  0.11995835E+02  0.28263950E+01  0.33679730E+00  0.54261786E+00  0.29026117E+01  0.22272845E-02 -0.15196286E-02 -0.37758488E-01 -0.11807587E-01  0.12941348E-02  0.48305406E-04  0.39835228E-02  0.89138066E-02  0.43692089E-05  0.18347051E-04  0.76240016E-04  0.19227351E-04  0.41121216E+01
   0.73810792E+00  0.79032007E+03  0.26093915E+00 -0.13306007E+00  0.12002255E+02  0.28247471E+01  0.32382804E+00  0.52016252E+00  0.28252234E+01  0.22123740E-02 -0.16336885E-02 -0.35553195E-01 -0.11841097E-01  0.14212397E-02  0.51979536E-04  0.64995675E-02  0.14013587E-01  0.34341716E-04  0.17431932E-04  0.74207339E-04  0.18577699E-04  0.36088257E+01
   0.78901678E+00  0.84483002E+03  0.26195088E+00 -0.13255277E+00  0.12009337E+02  0.28227003E+01  0.30485055E+00  0.48493546E+00  0.27157888E+01  0.21612199E-02 -0.14597403E-02 -0.33921707E-01 -0.12087631E-01  0.16055555E-02  0.55243781E-04  0.85007036E-02  0.17997071E-01  0.62296072E-04  0.16053915E-04  0.71332928E-04  0.17961360E-04  0.30711365E+01
   0.84342784E+00  0.90309003E+03  0.26305547E+00 -0.13195182E+00  0.12017191E+02  0.28200474E+01  0.27750272E+00  0.43437311E+00  0.25659690E+01  0.20739860E-02 -0.11040801E-02 -0.32190129E-01 -0.12602519E-01  0.19363628E-02  0.57939120E-04  0.10508138E-01  0.21148974E-01  0.51107367E-04  0.14187057E-04  0.67397756E-04  0.17361181E-04  0.24968262E+01
   0.90159333E+00  0.96537006E+03  0.26426458E+00 -0.13119212E+00  0.12026052E+02  0.28162920E+01  0.23267278E+00  0.36258635E+00  0.23303275E+01  0.20259547E-02 -0.10494974E-02 -0.26940320E-01 -0.11768403E-01  0.20747778E-02  0.59553488E-04  0.10931541E-01  0.21028658E-01  0.33670305E-04  0.11926742E-04  0.61208397E-04  0.16769796E-04  0.18835449E+01
   0.96379340E+00  0.10319700E+04  0.26567778E+00 -0.13018666E+00  0.12038186E+02  0.28105314E+01  0.17092420E+00  0.26880354E+00  0.19606173E+01  0.19357762E-02 -0.96045044E-03 -0.19390153E-01 -0.95581971E-02  0.19995787E-02  0.59479276E-04  0.83653070E-02  0.15605225E-01  0.53064639E-04  0.91304337E-05  0.51497587E-04  0.16176400E-04  0.12306519E+01
   0.10302522E+01  0.11031300E+04  0.26734629E+00 -0.12877044E+00  0.12055364E+02  0.28007004E+01  0.10354024E+00  0.16242324E+00  0.14238080E+01  0.16053285E-02 -0.72843896E-03 -0.11739098E-01 -0.67722709E-02  0.17628636E-02  0.56954490E-04  0.43221340E-02  0.77058040E-02  0.50510302E-04  0.58091214E-05  0.37397749E-04  0.15518701E-04  0.53790283E+00
   0.11013341E+01  0.11792400E+04  0.26935267E+00 -0.12662567E+00  0.12081347E+02  0.27821903E+01  0.41784473E-01  0.64293534E-01  0.72659504E+00  0.97624800E-03 -0.34838621E-03 -0.47467933E-02 -0.33489165E-02  0.11559350E-02  0.47007085E-04  0.10462875E-02  0.17570411E-02  0.17584722E-04  0.25370655E-05  0.19084750E-04  0.14640897E-04 -0.19406128E+00
   0.11772912E+01  0.12605701E+04  0.27173901E+00 -0.12311558E+00  0.12125139E+02  0.27425492E+01  0.68146461E-02  0.10237951E-01  0.15971987E+00  0.28077399E-03 -0.71621507E-04 -0.71597775E-03 -0.67369349E-03  0.32364824E-03  0.21952819E-04  0.52943768E-04  0.85750740E-04  0.11344198E-05  0.49373926E-06  0.41952030E-05  0.13195018E-04 -0.95675659E+00
   0.12584875E+01  0.13475100E+04  0.27418110E+00 -0.11680721E+00  0.12213449E+02  0.26448357E+01  0.15708654E-03  0.23174577E-03  0.54017976E-02  0.13050056E-04 -0.23409712E-05 -0.13176073E-04 -0.20060163E-04  0.14272529E-04  0.19120587E-05  0.13170062E-06  0.20560140E-06  0.35909509E-08  0.15400703E-07  0.14188365E-06  0.99025347E-05 -0.17210693E+01
   0.13452874E+01  0.14404501E+04  0.27500084E+00 -0.10396121E+00  0.12411218E+02  0.23543065E+01  0.12205644E-07  0.16528499E-07  0.82994637E-06  0.24618032E-08 -0.48289256E-09  0.27030796E-10 -0.27236671E-08  0.26890934E-08  0.46864002E-09  0.12957035E-12  0.17431541E-12  0.42937222E-14  0.17937266E-11  0.21799377E-10  0.26525593E-05 -0.24025879E+01
   0.14380553E+01  0.15397800E+04  0.25343427E+00 -0.58748789E-01  0.13005301E+02  0.11253035E+01  0.84224814E-08  0.13591235E-07  0.98783960E-06  0.57978728E-08 -0.11556291E-08  0.75268264E-09 -0.13703142E-08  0.79501067E-09  0.10752718E-07 -0.18700348E-12 -0.54603034E-12 -0.30409123E-13  0.26736501E-11  0.25946603E-10  0.51652742E-05 -0.25886841E+01
   0.15372391E+01  0.16459800E+04  0.19978459E+00 -0.82391175E-02  0.15481694E+02  0.47757152E+00  0.60184923E-03  0.25694075E-02  0.72693370E-01  0.54004276E-03 -0.43427892E-04  0.27334097E-04 -0.29559080E-04  0.10018778E-04  0.29575517E-02 -0.70272279E-06 -0.29718615E-05 -0.10759510E-06  0.46414996E-06  0.19093645E-05  0.11333051E-04 -0.10621338E+01
   0.16432595E+01  0.17595000E+04  0.20009585E+00 -0.83148349E-02  0.16532934E+02  0.36155874E+00  0.56080382E-01  0.10121294E+00  0.95962740E-01  0.28557753E-01 -0.40141098E-04 -0.23514363E-05  0.78534015E-06  0.17723867E-04  0.13642110E+00 -0.83630948E-05 -0.12226835E-01 -0.31714160E-04  0.15973594E-04  0.25205579E-05  0.78566582E-05 -0.11259155E+01
   0.17566205E+01  0.18808799E+04  0.20049489E+00 -0.84771346E-02  0.17615942E+02  0.30038691E+00  0.97992077E-01  0.14784659E+00  0.12369021E+00  0.48107956E-01 -0.41737621E-04 -0.39604461E-05  0.17645187E-05  0.12512390E-04  0.20255722E+00 -0.99640974E-05 -0.13222098E-01 -0.41880263E-04  0.24075451E-04  0.32488479E-05  0.44541366E-05 -0.12460938E+01
   0.18777707E+01  0.20106000E+04  0.20091245E+00 -0.86739957E-02  0.18732525E+02  0.28000912E+00  0.13844280E+00  0.18379430E+00  0.14237200E+00  0.65932915E-01 -0.49477982E-04 -0.49759760E-05  0.22925310E-05  0.43025148E-05  0.25524771E+00 -0.12530313E-04 -0.15365848E-01 -0.56853532E-04  0.30649935E-04  0.37395437E-05  0.35153198E-05 -0.14233093E+01
   0.20072701E+01  0.21492600E+04  0.20133665E+00 -0.88566002E-02  0.19897429E+02  0.27805579E+00  0.18337858E+00  0.21296786E+00  0.15080296E+00  0.85578233E-01 -0.42581567E-04 -0.53562321E-05  0.22383097E-05  0.48177702E-06  0.29912794E+00 -0.14997549E-04 -0.17148456E-01 -0.76766039E-04  0.36695074E-04  0.39609913E-05  0.29588257E-05 -0.16448364E+01
   0.21457074E+01  0.22974900E+04  0.20171487E+00 -0.90023968E-02  0.21123005E+02  0.27782261E+00  0.22964583E+00  0.23528720E+00  0.15088347E+00  0.10585503E+00 -0.45791116E-04 -0.42418819E-05  0.17720351E-05  0.61715305E-07  0.33340240E+00 -0.15003241E-04 -0.17166186E-01 -0.88168075E-04  0.42052816E-04  0.39631059E-05  0.25297379E-05 -0.19017334E+01
   0.22936990E+01  0.24559500E+04  0.20194709E+00 -0.91085499E-02  0.22422184E+02  0.27778357E+00  0.27091360E+00  0.25119013E+00  0.14798002E+00  0.12405998E+00  0.10947772E-04 -0.25155041E-05  0.12480069E-05  0.13357524E-07  0.35829502E+00 -0.12348575E-04 -0.14689222E-01 -0.81733400E-04  0.46398756E-04  0.38868443E-05  0.21257167E-05 -0.21873779E+01
   0.24518888E+01  0.26253298E+04  0.20206632E+00 -0.91740657E-02  0.23804550E+02  0.27776730E+00  0.30208600E+00  0.26153171E+00  0.14572600E+00  0.13778521E+00 -0.40141247E-04 -0.10838862E-05  0.63082490E-06 -0.25004807E-07  0.37466341E+00 -0.80474574E-05 -0.99502495E-02 -0.57499397E-04  0.49482827E-04  0.38276398E-05  0.15325525E-05 -0.24990234E+01
   0.26210060E+01  0.28064099E+04  0.20210961E+00 -0.92011001E-02  0.25277479E+02  0.27791375E+00  0.31927404E+00  0.26680252E+00  0.14466162E+00  0.14529470E+00 -0.61290812E-04 -0.27818729E-06  0.17853814E-06 -0.13552550E-06  0.38307875E+00 -0.28458103E-05 -0.36098659E-02 -0.21078680E-04  0.51114923E-04  0.37996829E-05  0.56118580E-06 -0.28371887E+01
   0.28017786E+01  0.29999700E+04  0.20210963E+00 -0.92011010E-02  0.26850159E+02  0.27849951E+00  0.31927404E+00  0.26680252E+00  0.14466161E+00  0.14529459E+00  0.16543949E-01 -0.39166399E-08  0.12239500E-09 -0.62850095E-05  0.38307875E+00 -0.28479192E-05 -0.36098671E-02 -0.21090891E-04  0.51078012E-04  0.37996826E-05  0.56118580E-06 -0.32004700E+01
