   0.47965784E-03  0.46985999E+00  0.25945889E-01 -0.22370690E-01  0.00000000E+00  0.12018178E+01  0.13603386E+01  0.36643062E+01  0.52120483E+04  0.39999998E+01  0.21898831E+00 -0.38340640E+00  0.65258837E+00 -0.12999375E+00  0.79059525E-03 -0.43832264E-04 -0.26090078E-04 -0.48940694E-06  0.72854050E-01  0.11481583E+00 -0.28723566E-03 -0.20468140E+00
   0.51591854E-03  0.50537997E+00  0.26298724E-01 -0.22674907E-01  0.00000000E+00  0.12034136E+01  0.13603386E+01  0.35388918E+01  0.48765513E+04  0.39917283E+01  0.22683372E+00 -0.39444220E+00  0.67053163E+00 -0.13561518E+00  0.93840249E-03  0.28763726E-01  0.92863625E+00 -0.66974303E-02  0.64826287E-01  0.10742518E+00 -0.25049935E-03 -0.20532227E+00
   0.55465987E-03  0.54332995E+00  0.26667640E-01 -0.22992773E-01  0.00000000E+00  0.12051295E+01  0.13574491E+01  0.34206665E+01  0.45682832E+04  0.40173774E+01 -0.11751715E+00 -0.39252710E+00  0.66546315E+00 -0.13423291E+00  0.10914780E-02  0.81101373E-01  0.87516314E+00 -0.27162759E-01  0.57755370E-01  0.10063437E+00 -0.21124989E-03 -0.20596313E+00
   0.59606571E-03  0.58389002E+00  0.27066065E-01 -0.23335820E-01  0.98206364E-02  0.12071257E+01  0.13517474E+01  0.33092635E+01  0.42850840E+04  0.40605783E+01 -0.65011591E+00 -0.38680413E+00  0.65388852E+00 -0.12955637E+00  0.12463933E-02  0.12022492E+00  0.81858522E+00 -0.31617269E-01  0.51516350E-01  0.94395801E-01 -0.15476339E-03 -0.19689941E+00
   0.64035028E-03  0.62726998E+00  0.27495397E-01 -0.23705199E-01  0.24395363E-01  0.12094356E+01  0.13437790E+01  0.32045033E+01  0.40237981E+04  0.41090169E+01 -0.81186903E+00 -0.38908717E+00  0.65575856E+00 -0.13184287E+00  0.13923167E-02  0.14902155E+00  0.76108420E+00 -0.33230722E-01  0.46008207E-01  0.88639952E-01 -0.13379367E-03 -0.18316650E+00
   0.68769749E-03  0.67365003E+00  0.27946973E-01 -0.24093397E-01  0.39706722E-01  0.12119291E+01  0.13339796E+01  0.31060698E+01  0.37826389E+04  0.41622648E+01 -0.81114352E+00 -0.39102066E+00  0.65686840E+00 -0.13372460E+00  0.15358947E-02  0.17101142E+00  0.70537210E+00 -0.35639286E-01  0.41142836E-01  0.83327472E-01 -0.12980566E-03 -0.16873169E+00
   0.73829090E-03  0.72320998E+00  0.28418375E-01 -0.24498282E-01  0.55822548E-01  0.12145635E+01  0.13225267E+01  0.30137322E+01  0.35609592E+04  0.42200637E+01 -0.81042433E+00 -0.39105871E+00  0.65463197E+00 -0.13398145E+00  0.16783921E-02  0.18790132E+00  0.65157795E+00 -0.37812993E-01  0.36842715E-01  0.78444108E-01 -0.12673441E-03 -0.15356445E+00
   0.79237565E-03  0.77618998E+00  0.28911702E-01 -0.24921598E-01  0.72836235E-01  0.12173563E+01  0.13095294E+01  0.29272714E+01  0.33581182E+04  0.42827048E+01 -0.80967379E+00 -0.39104238E+00  0.65215212E+00 -0.13425565E+00  0.18186813E-02  0.20048177E+00  0.59957540E+00 -0.39868686E-01  0.33037242E-01  0.73975734E-01 -0.12438127E-03 -0.13754272E+00
   0.85019681E-03  0.83283001E+00  0.29429324E-01 -0.25365312E-01  0.90849251E-01  0.12203273E+01  0.12951002E+01  0.28464999E+01  0.31735676E+04  0.43504362E+01 -0.80888432E+00 -0.39102614E+00  0.64950806E+00 -0.13455242E+00  0.19572694E-02  0.20901683E+00  0.54941988E+00 -0.41734576E-01  0.29666325E-01  0.69910288E-01 -0.12268368E-03 -0.12060547E+00
   0.91199914E-03  0.89336997E+00  0.29973859E-01 -0.25831586E-01  0.10997348E+00  0.12234980E+01  0.12793587E+01  0.27712421E+01  0.30068086E+04  0.44234529E+01 -0.80805033E+00 -0.39101121E+00  0.64669412E+00 -0.13486969E+00  0.20946180E-02  0.21377046E+00  0.50118536E+00 -0.43333273E-01  0.26678169E-01  0.66236764E-01 -0.12104576E-03 -0.10263062E+00
   0.97805855E-03  0.95807999E+00  0.30548489E-01 -0.26323054E-01  0.13034323E+00  0.12268947E+01  0.12624248E+01  0.27012966E+01  0.28572996E+04  0.45019188E+01 -0.80716872E+00 -0.39099309E+00  0.64369458E+00 -0.13520719E+00  0.22312142E-02  0.21502097E+00  0.45493567E+00 -0.44584017E-01  0.24026601E-01  0.62943242E-01 -0.11901844E-03 -0.83496094E-01
   0.10486812E-02  0.10272601E+01  0.31157006E-01 -0.26842851E-01  0.15211767E+00  0.12305483E+01  0.12444198E+01  0.26364462E+01  0.27244993E+04  0.45859475E+01 -0.80623519E+00 -0.39097118E+00  0.64049631E+00 -0.13556547E+00  0.23675337E-02  0.21305864E+00  0.41073632E+00 -0.45405716E-01  0.21670854E-01  0.60017791E-01 -0.11698675E-03 -0.63049316E-01
   0.11241732E-02  0.11012100E+01  0.31803641E-01 -0.27394462E-01  0.17547454E+00  0.12344930E+01  0.12254775E+01  0.25764909E+01  0.26079270E+04  0.46755404E+01 -0.80524248E+00 -0.39094675E+00  0.63708484E+00 -0.13594723E+00  0.25039667E-02  0.20818788E+00  0.36867136E+00 -0.45721877E-01  0.19575961E-01  0.57449833E-01 -0.11488405E-03 -0.41107178E-01
   0.12048716E-02  0.11802599E+01  0.32493394E-01 -0.27982000E-01  0.20062287E+00  0.12387695E+01  0.12057383E+01  0.25212173E+01  0.25071018E+04  0.47705965E+01 -0.80418521E+00 -0.39091933E+00  0.63345027E+00 -0.13635422E+00  0.26408667E-02  0.20072378E+00  0.32882601E+00 -0.45465823E-01  0.17710965E-01  0.55228762E-01 -0.11241243E-03 -0.17456055E-01
   0.12911439E-02  0.12647700E+01  0.33232145E-01 -0.28610284E-01  0.22780673E+00  0.12434249E+01  0.11853534E+01  0.24704041E+01  0.24215464E+04  0.48708687E+01 -0.80306107E+00 -0.39088398E+00  0.62957525E+00 -0.13678236E+00  0.27785061E-02  0.19099921E+00  0.29129666E+00 -0.44587281E-01  0.16048610E-01  0.53344067E-01 -0.10971799E-03  0.80871582E-02
   0.13833576E-02  0.13551000E+01  0.34026414E-01 -0.29284647E-01  0.25729921E+00  0.12485116E+01  0.11644950E+01  0.24238367E+01  0.23508042E+04  0.49758887E+01 -0.80186659E+00 -0.39083937E+00  0.62544137E+00 -0.13723180E+00  0.29170036E-02  0.17937310E+00  0.25620210E+00 -0.43060165E-01  0.14565429E-01  0.51785693E-01 -0.10667734E-03  0.35797119E-01
   0.14819413E-02  0.14516701E+01  0.34884032E-01 -0.30011469E-01  0.28942522E+00  0.12540915E+01  0.11433439E+01  0.23812711E+01  0.22943601E+04  0.50849857E+01 -0.80059624E+00 -0.39078674E+00  0.62103492E+00 -0.13771571E+00  0.30563870E-02  0.16622257E+00  0.22365493E+00 -0.40887855E-01  0.13240217E-01  0.50542288E-01 -0.10330567E-03  0.66009521E-01
   0.15872932E-02  0.15548699E+01  0.35813350E-01 -0.30797511E-01  0.32453448E+00  0.12602321E+01  0.11221113E+01  0.23424690E+01  0.22516619E+04  0.51971397E+01 -0.79925001E+00 -0.39072156E+00  0.61633956E+00 -0.13822939E+00  0.31964143E-02  0.15195495E+00  0.19378813E+00 -0.38111616E-01  0.12055035E-01  0.49601693E-01 -0.99448254E-04  0.99029541E-01
   0.16999341E-02  0.16652100E+01  0.36824636E-01 -0.31651068E-01  0.36305383E+00  0.12670134E+01  0.11010059E+01  0.23071308E+01  0.22219993E+04  0.53111115E+01 -0.79782909E+00 -0.39064330E+00  0.61133671E+00 -0.13876565E+00  0.33367528E-02  0.13699058E+00  0.16670327E+00 -0.34809776E-01  0.10992989E-01  0.48948258E-01 -0.94964569E-04  0.13528442E+00
   0.18203539E-02  0.17831699E+01  0.37928678E-01 -0.32580782E-01  0.40543634E+00  0.12745215E+01  0.10802597E+01  0.22749443E+01  0.22045103E+04  0.54252639E+01 -0.79633850E+00 -0.39055356E+00  0.60601395E+00 -0.13932951E+00  0.34767429E-02  0.12177916E+00  0.14250410E+00 -0.31100843E-01  0.10039793E-01  0.48562992E-01 -0.89961337E-04  0.17520142E+00
   0.19490733E-02  0.19092599E+01  0.39137255E-01 -0.33596002E-01  0.45217824E+00  0.12828498E+01  0.10601043E+01  0.22455490E+01  0.21980745E+04  0.55376630E+01 -0.79478478E+00 -0.39045280E+00  0.60036135E+00 -0.13992094E+00  0.36154876E-02  0.10678095E+00  0.12126061E+00 -0.27135815E-01  0.91826655E-02  0.48421223E-01 -0.84468309E-04  0.21926880E+00
   0.20866741E-02  0.20440500E+01  0.40463213E-01 -0.34706835E-01  0.50382388E+00  0.12921020E+01  0.10407510E+01  0.22185199E+01  0.22012551E+04  0.56461844E+01 -0.79318023E+00 -0.39033920E+00  0.59435952E+00 -0.14053783E+00  0.37519196E-02  0.92443593E-01  0.10299140E+00 -0.23086710E-01  0.84099527E-02  0.48491288E-01 -0.78346777E-04  0.26797485E+00
   0.22337381E-02  0.21881099E+01  0.41919593E-01 -0.35923384E-01  0.56093419E+00  0.13023853E+01  0.10223781E+01  0.21933780E+01  0.22122690E+04  0.57486243E+01 -0.79152960E+00 -0.39021108E+00  0.58799422E+00 -0.14117560E+00  0.38848165E-02  0.79181790E-01  0.87651007E-01 -0.19132154E-01  0.77113761E-02  0.48733912E-01 -0.71706418E-04  0.32189941E+00
   0.23909698E-02  0.23421299E+01  0.43520533E-01 -0.37256479E-01  0.62412244E+00  0.13138192E+01  0.10050908E+01  0.21695764E+01  0.22290151E+04  0.58429928E+01 -0.78983027E+00 -0.39006633E+00  0.58124453E+00 -0.14182851E+00  0.40130476E-02  0.67339905E-01  0.75109780E-01 -0.15435224E-01  0.70773340E-02  0.49102809E-01 -0.64673470E-04  0.38159180E+00
   0.25590430E-02  0.25067701E+01  0.45279358E-01 -0.38716041E-01  0.69398397E+00  0.13265221E+01  0.98891920E+00  0.21465421E+01  0.22491475E+04  0.59276571E+01 -0.78807223E+00 -0.38989770E+00  0.57408184E+00 -0.14248835E+00  0.41356059E-02  0.57171710E-01  0.65166600E-01 -0.12129031E-01  0.65565156E-02  0.49546301E-01 -0.57181773E-04  0.44763184E+00
   0.27386926E-02  0.26827500E+01  0.47209214E-01 -0.40311579E-01  0.77112287E+00  0.13406179E+01  0.97378868E+00  0.21236813E+01  0.22702466E+04  0.60016208E+01 -0.78621924E+00 -0.38968760E+00  0.56646961E+00 -0.14314592E+00  0.42518610E-02  0.48805099E-01  0.57543110E-01 -0.92996750E-02  0.61789891E-02  0.50011095E-01 -0.49362723E-04  0.52059937E+00
   0.29307457E-02  0.28708801E+01  0.49323183E-01 -0.42052273E-01  0.85616404E+00  0.13562388E+01  0.95951879E+00  0.21004109E+01  0.22900376E+04  0.60646520E+01 -0.78420657E+00 -0.38941053E+00  0.55835712E+00 -0.14379136E+00  0.43616728E-02  0.42232964E-01  0.51901083E-01 -0.69809677E-02  0.58305380E-02  0.50447069E-01 -0.41293410E-04  0.60107422E+00
   0.31360595E-02  0.30720000E+01  0.51633742E-01 -0.43946471E-01  0.94973367E+00  0.13735229E+01  0.94584090E+00  0.20761957E+01  0.23065999E+04  0.61172485E+01 -0.78195041E+00 -0.38903037E+00  0.54968137E+00 -0.14439823E+00  0.44653197E-02  0.37325155E-01  0.47874253E-01 -0.51557263E-02  0.55066231E-02  0.50811917E-01 -0.32956676E-04  0.68966675E+00
   0.33556449E-02  0.32870998E+01  0.54154363E-01 -0.46002965E-01  0.10525329E+01  0.13926238E+01  0.93241829E+00  0.20505512E+01  0.23185376E+04  0.61604662E+01 -0.77933997E+00 -0.38850096E+00  0.54036522E+00 -0.14494219E+00  0.45634764E-02  0.33852655E-01  0.45097534E-01 -0.37641809E-02  0.52034725E-02  0.51074892E-01 -0.24459943E-04  0.78704834E+00
   0.35902369E-02  0.35168998E+01  0.56895062E-01 -0.48227299E-01  0.11651559E+01  0.14136817E+01  0.91890532E+00  0.20230949E+01  0.23250122E+04  0.61955471E+01 -0.77624750E+00 -0.38777083E+00  0.53033996E+00 -0.14539984E+00  0.46567903E-02  0.31532481E-01  0.43235943E-01 -0.27229581E-02  0.49185599E-02  0.51217522E-01 -0.15737443E-04  0.89376831E+00
   0.38407543E-02  0.37623000E+01  0.59868060E-01 -0.50626356E-01  0.12883270E+01  0.14368632E+01  0.90495306E+00  0.19934866E+01  0.23257290E+04  0.62236800E+01 -0.77253491E+00 -0.38677883E+00  0.51952648E+00 -0.14573474E+00  0.47457810E-02  0.30062770E-01  0.41997053E-01 -0.19372348E-02  0.46497532E-02  0.51233310E-01 -0.68276781E-05  0.10104980E+01
   0.41090343E-02  0.40250998E+01  0.63097417E-01 -0.53215943E-01  0.14233066E+01  0.14624388E+01  0.89019704E+00  0.19613246E+01  0.23207463E+04  0.62456861E+01 -0.76804262E+00 -0.38545683E+00  0.50781375E+00 -0.14591154E+00  0.48307539E-02  0.29165260E-01  0.41145928E-01 -0.13155416E-02  0.43945950E-02  0.51123552E-01  0.23977329E-05  0.11384583E+01
   0.43953834E-02  0.43056002E+01  0.66590086E-01 -0.55997409E-01  0.15706892E+01  0.14905553E+01  0.87440097E+00  0.19264107E+01  0.23103223E+04  0.62615948E+01 -0.76262558E+00 -0.38374186E+00  0.49516419E+00 -0.14588456E+00  0.49107121E-02  0.28618142E-01  0.40514316E-01 -0.78600826E-03  0.41524945E-02  0.50893918E-01  0.12222338E-04  0.12781982E+01
   0.47019459E-02  0.46059003E+01  0.70376858E-01 -0.58990289E-01  0.17321197E+01  0.15215591E+01  0.85727090E+00  0.18883266E+01  0.22946455E+04  0.62707734E+01 -0.75609773E+00 -0.38154924E+00  0.48145741E+00 -0.14560485E+00  0.49842810E-02  0.28252387E-01  0.39981388E-01 -0.29290418E-03  0.39214045E-02  0.50548576E-01  0.22548093E-04  0.14313049E+01
   0.50293333E-02  0.49266000E+01  0.74471369E-01 -0.62199406E-01  0.19085766E+01  0.15556704E+01  0.83863103E+00  0.18468250E+01  0.22738015E+04  0.62716999E+01 -0.74827605E+00 -0.37879345E+00  0.46664724E+00 -0.14501128E+00  0.50486019E-02  0.27957434E-01  0.39469648E-01  0.19616882E-03  0.37006103E-02  0.50089408E-01  0.33580069E-04  0.15986938E+01
   0.53793835E-02  0.52694998E+01  0.78904167E-01 -0.65641686E-01  0.21018136E+01  0.15932535E+01  0.81825680E+00  0.18014861E+01  0.22475728E+04  0.62620821E+01 -0.73891854E+00 -0.37537315E+00  0.45063379E+00 -0.14403066E+00  0.50999871E-02  0.27663885E-01  0.38927753E-01  0.69814362E-03  0.34884952E-02  0.49511615E-01  0.45501962E-04  0.17820129E+01
   0.57533216E-02  0.56357999E+01  0.83699591E-01 -0.69327563E-01  0.23133874E+01  0.16346302E+01  0.79596269E+00  0.17519333E+01  0.22154878E+04  0.62388620E+01 -0.72776264E+00 -0.37116924E+00  0.43333948E+00 -0.14258368E+00  0.51335897E-02  0.27333258E-01  0.38326237E-01  0.12164259E-02  0.32838373E-02  0.48804816E-01  0.58507267E-04  0.19827881E+01
   0.61532916E-02  0.60275998E+01  0.88895202E-01 -0.73275730E-01  0.25455043E+01  0.16802397E+01  0.77150100E+00  0.16976280E+01  0.21767029E+04  0.61981311E+01 -0.71446902E+00 -0.36602813E+00  0.41464537E+00 -0.14056723E+00  0.51433733E-02  0.26942704E-01  0.37642207E-01  0.17469805E-02  0.30848691E-02  0.47950428E-01  0.72720497E-04  0.22030945E+01
   0.65811314E-02  0.64466996E+01  0.94525807E-01 -0.77500202E-01  0.28003397E+01  0.17304963E+01  0.74462295E+00  0.16380274E+01  0.21301318E+04  0.61351709E+01 -0.69865990E+00 -0.35977209E+00  0.39444783E+00 -0.13786340E+00  0.51219463E-02  0.26475880E-01  0.36855500E-01  0.22808609E-02  0.28900192E-02  0.46924517E-01  0.88320980E-04  0.24450378E+01
   0.70380648E-02  0.68943000E+01  0.10061903E+00 -0.82006790E-01  0.30798123E+01  0.17857358E+01  0.71509743E+00  0.15726298E+01  0.20745054E+04  0.60444274E+01 -0.67990595E+00 -0.35220772E+00  0.37267584E+00 -0.13434808E+00  0.50608581E-02  0.25919195E-01  0.35950132E-01  0.28054412E-02  0.26979032E-02  0.45699123E-01  0.10560625E-03  0.27104492E+01
   0.75265435E-02  0.73728004E+01  0.10721889E+00 -0.86809844E-01  0.33866553E+01  0.18464158E+01  0.68258673E+00  0.15006913E+01  0.20081482E+04  0.59191828E+01 -0.65767151E+00 -0.34308040E+00  0.34919500E+00 -0.12987149E+00  0.49503986E-02  0.25256544E-01  0.34905609E-01  0.33055262E-02  0.25065250E-02  0.44237349E-01  0.12479151E-03  0.30019836E+01
   0.80490159E-02  0.78846002E+01  0.11436924E+00 -0.91918796E-01  0.37236857E+01  0.19129456E+01  0.64671767E+00  0.14214000E+01  0.19291256E+04  0.57515855E+01 -0.63134491E+00 -0.33208403E+00  0.32388818E+00 -0.12426203E+00  0.47795852E-02  0.24468167E-01  0.33696540E-01  0.37644908E-02  0.23138942E-02  0.42496566E-01  0.14606868E-03  0.33222961E+01
   0.86073205E-02  0.84315004E+01  0.12210422E+00 -0.97330384E-01  0.40933008E+01  0.19855565E+01  0.60712177E+00  0.13339505E+01  0.18353296E+04  0.55327368E+01 -0.60025823E+00 -0.31887451E+00  0.29668102E+00 -0.11734791E+00  0.45372238E-02  0.23530908E-01  0.32294393E-01  0.41613872E-02  0.21181656E-02  0.40430341E-01  0.16974464E-03  0.36737671E+01
   0.92039062E-02  0.90158997E+01  0.13046293E+00 -0.10303774E+00  0.44981465E+01  0.20643954E+01  0.56334877E+00  0.12373599E+01  0.17243276E+04  0.52525978E+01 -0.56365645E+00 -0.30302918E+00  0.26749501E+00 -0.10895073E+00  0.42124931E-02  0.22413898E-01  0.30659556E-01  0.44706054E-02  0.19172410E-02  0.37985086E-01  0.19618742E-03  0.40589905E+01
   0.98418370E-02  0.96408005E+01  0.13948752E+00 -0.10902661E+00  0.49409924E+01  0.21494327E+01  0.51486272E+00  0.11304595E+01  0.15933999E+04  0.49000101E+01 -0.52068597E+00 -0.28403509E+00  0.23627129E+00 -0.98900855E-01  0.37963605E-02  0.21078564E-01  0.28742051E-01  0.46634004E-02  0.17088664E-02  0.35100888E-01  0.22564663E-03  0.44806519E+01
   0.10523869E-01  0.10308900E+02  0.14920636E+00 -0.11526106E+00  0.54238324E+01  0.22402105E+01  0.46110317E+00  0.10120337E+01  0.14398186E+04  0.44636269E+01 -0.47047195E+00 -0.26129520E+00  0.20304179E+00 -0.87072082E-01  0.32850825E-02  0.19486979E-01  0.26493270E-01  0.47060130E-02  0.14910271E-02  0.31717658E-01  0.25843433E-03  0.49407959E+01
   0.11252757E-01  0.11022900E+02  0.15963276E+00 -0.12167945E+00  0.59476886E+01  0.23356719E+01  0.40141609E+00  0.88066787E+00  0.12608759E+04  0.39329736E+01 -0.41215223E+00 -0.23407432E+00  0.16793351E+00 -0.73428772E-01  0.26844607E-02  0.17611332E-01  0.23885062E-01  0.45679011E-02  0.12619020E-02  0.27775742E-01  0.29492675E-03  0.54405823E+01
   0.12032179E-01  0.11786401E+02  0.17076993E+00 -0.12819117E+00  0.65128279E+01  0.24340510E+01  0.33480543E+00  0.73408300E+00  0.10527543E+04  0.32972088E+01 -0.34463096E+00 -0.20128036E+00  0.13111469E+00 -0.58041669E-01  0.20132300E-02  0.15340760E-01  0.20795247E-01  0.42092768E-02  0.10189619E-02  0.23191046E-01  0.33546248E-03  0.59805603E+01
   0.12865194E-01  0.12602400E+02  0.18255980E+00 -0.13463739E+00  0.71162820E+01  0.25321555E+01  0.26057321E+00  0.57006514E+00  0.81061139E+03  0.25514450E+01 -0.26695365E+00 -0.16151962E+00  0.93091205E-01 -0.41119922E-01  0.13061176E-02  0.11770369E-01  0.15881686E-01  0.33344172E-02  0.76031970E-03  0.17856898E-01  0.37715255E-03  0.65582581E+01
   0.13755481E-01  0.13474501E+02  0.19475766E+00 -0.14071167E+00  0.77470026E+01  0.26234348E+01  0.18856770E+00  0.41374567E+00  0.58855872E+03  0.18262467E+01 -0.19269101E+00 -0.12197781E+00  0.59213426E-01 -0.25742387E-01  0.70549967E-03  0.98627703E-02  0.13319557E-01  0.27764507E-02  0.53107133E-03  0.12965316E-01  0.43197285E-03  0.71636963E+01
   0.14707324E-01  0.14406900E+02  0.20796278E+00 -0.14640442E+00  0.84300489E+01  0.27068422E+01  0.76703437E-01  0.16617972E+00  0.22936765E+03  0.71657062E+00 -0.77099815E-01 -0.51537070E-01  0.18363126E-01 -0.76864259E-02  0.15923461E-03  0.39957385E-02  0.54081273E-02  0.11253511E-02  0.19724447E-03  0.50527230E-02  0.51005848E-03  0.78220520E+01
   0.15725013E-01  0.15403801E+02  0.21992733E+00 -0.14991899E+00  0.90886259E+01  0.27556758E+01  0.38140283E-02  0.73221494E-02  0.74292111E+01  0.28882170E-01 -0.31630145E-02 -0.22745728E-02  0.45081545E-03 -0.20499300E-03  0.33499307E-05  0.11105251E-03  0.14952943E-03  0.37745285E-04  0.67714991E-05  0.16365755E-03  0.50242344E-03  0.84612122E+01
   0.16812526E-01  0.16469101E+02  0.22354080E+00 -0.14987613E+00  0.93702755E+01  0.27655151E+01  0.12489382E-04  0.16110527E-04  0.97023621E-02  0.54543987E-04 -0.71718591E-05 -0.53278336E-05 -0.22600858E-06 -0.24207142E-06  0.30939620E-08  0.31602372E-07  0.39342712E-07  0.12706804E-07  0.10878750E-07  0.21373262E-06  0.40791210E-03  0.87300415E+01
   0.17975381E-01  0.17608200E+02  0.22593507E+00 -0.14953631E+00  0.95594988E+01  0.27713697E+01  0.26621529E-08  0.18983466E-08  0.10156251E-05  0.73697994E-08 -0.15981665E-08 -0.10739395E-08 -0.11148638E-09 -0.35059879E-10  0.11882608E-12  0.26147663E-13  0.27255584E-13  0.76984665E-14  0.13061222E-11  0.22373131E-10  0.33882519E-03  0.89065552E+01
   0.19218165E-01  0.18825600E+02  0.22828990E+00 -0.14914815E+00  0.97228661E+01  0.27767253E+01  0.15723084E-14  0.81985574E-15  0.45568562E-12  0.30407867E-14 -0.96833844E-15 -0.63521102E-15 -0.75068957E-16 -0.17904525E-16  0.40415272E-19  0.32728533E-23  0.26526387E-23  0.69992443E-24  0.58704915E-18  0.10038265E-16  0.29993043E-03  0.90565491E+01
   0.20547010E-01  0.20127300E+02  0.23062637E+00 -0.14871742E+00  0.98700523E+01  0.27817912E+01  0.11628114E-23  0.20713304E-23  0.69453571E-21  0.31021425E-23 -0.39223471E-24 -0.50584266E-24 -0.66562980E-25 -0.17141456E-25  0.11469926E-27  0.13637030E-38  0.97407339E-39  0.25407503E-39  0.90729645E-27  0.15299876E-25  0.27238816E-03  0.91896057E+01
   0.21967119E-01  0.21518400E+02  0.23294392E+00 -0.14824334E+00  0.10004327E+02  0.27864904E+01  0.15482108E-22  0.30085927E-22  0.92428160E-20  0.37398703E-22 -0.43378325E-23 -0.67878183E-23 -0.97834382E-24 -0.22381924E-24  0.14775720E-26  0.00000000E+00  0.00000000E+00  0.00000000E+00  0.11993802E-25  0.20360931E-24  0.25030901E-03  0.93089294E+01
   0.23485534E-01  0.23005800E+02  0.23524828E+00 -0.14773430E+00  0.10128475E+02  0.27908864E+01  0.19461878E-21  0.37801493E-21  0.10806154E-18  0.40640695E-21 -0.50632056E-22 -0.85127325E-22 -0.13294906E-22 -0.26567490E-23  0.16565506E-25  0.00000000E+00  0.00000000E+00  0.00000000E+00  0.14007999E-24  0.23804797E-23  0.23173270E-03  0.94172363E+01
   0.25108382E-01  0.24595499E+02  0.23753715E+00 -0.14718530E+00  0.10243143E+02  0.27950232E+01  0.21724841E-20  0.42169853E-20  0.11226215E-17  0.39341320E-20 -0.52531997E-21 -0.94725630E-21 -0.15926030E-21 -0.27836412E-22  0.16318247E-24  0.00000000E+00  0.00000000E+00  0.00000000E+00  0.14546197E-23  0.24730146E-22  0.21553984E-03  0.95150757E+01
   0.26843017E-01  0.26294701E+02  0.23981440E+00 -0.14660369E+00  0.10349773E+02  0.27988455E+01  0.19618243E-19  0.38038847E-19  0.94373011E-17  0.31005770E-19 -0.44133046E-20 -0.85092433E-20 -0.15287716E-20 -0.23433581E-21  0.12871676E-23 -0.23377764E-38 -0.31170343E-38 -0.36296433E-39  0.12245452E-22  0.20789360E-21  0.20124493E-03  0.96038818E+01
   0.28697703E-01  0.28111500E+02  0.24207672E+00 -0.14598544E+00  0.10449228E+02  0.28024218E+01  0.15895895E-18  0.30775534E-18  0.71142661E-16  0.21996850E-18 -0.33253924E-19 -0.68465319E-19 -0.13114590E-19 -0.17823565E-20  0.92522498E-23 -0.13266880E-36 -0.17971654E-36 -0.19128238E-37  0.92563746E-22  0.15671964E-20  0.18847923E-03  0.96843872E+01
   0.30680709E-01  0.30054001E+02  0.24432109E+00 -0.14533526E+00  0.10542105E+02  0.28057749E+01  0.11581323E-17  0.22383205E-17  0.48177238E-15  0.14044889E-17 -0.22512705E-18 -0.49476061E-18 -0.10064062E-18 -0.12128586E-19  0.59298668E-22 -0.58845721E-35 -0.79630494E-35 -0.79863116E-36  0.62909055E-21  0.10612928E-19  0.17687852E-03  0.97571106E+01
   0.32800000E-01  0.32130001E+02  0.24654382E+00 -0.14465150E+00  0.10628704E+02  0.28088739E+01  0.70387032E-17  0.13574700E-16  0.27211198E-14  0.75136562E-17 -0.12714190E-17 -0.29772637E-17 -0.64143364E-18 -0.68655842E-19  0.31618754E-21 -0.19105260E-33 -0.25830944E-33 -0.24434091E-34  0.35711964E-20  0.59943349E-19  0.16631122E-03  0.98222656E+01
   0.35063230E-01  0.34347000E+02  0.24874255E+00 -0.14393835E+00  0.10710075E+02  0.28117762E+01  0.37667029E-16  0.72464913E-16  0.13530697E-13  0.35536301E-16 -0.63243827E-17 -0.15750071E-16 -0.35772580E-17 -0.34125975E-18  0.14809592E-20 -0.52630754E-32 -0.71161408E-32 -0.63272081E-33  0.17873195E-19  0.29806673E-18  0.15668050E-03  0.98808289E+01
   0.37485711E-01  0.36720001E+02  0.25092193E+00 -0.14319494E+00  0.10786420E+02  0.28144453E+01  0.19489222E-15  0.37403138E-15  0.65021210E-13  0.16207724E-15 -0.30389706E-16 -0.80590162E-16 -0.19217202E-16 -0.16324538E-17  0.66369325E-20 -0.12869118E-30 -0.17372933E-30 -0.14616999E-31  0.86396029E-19  0.14323475E-17  0.14780884E-03  0.99328613E+01
   0.40073574E-01  0.39255001E+02  0.25307879E+00 -0.14242628E+00  0.10857909E+02  0.28169260E+01  0.91949090E-15  0.17581638E-14  0.28336559E-12  0.67747241E-15 -0.13251624E-15 -0.37373971E-15 -0.93518532E-16 -0.71410213E-17  0.27488940E-19 -0.26403792E-29 -0.35611374E-29 -0.28414562E-30  0.38066803E-18  0.62422395E-17  0.13958695E-03  0.99784241E+01
   0.42842127E-01  0.41966999E+02  0.25517845E+00 -0.14163843E+00  0.10925116E+02  0.28192136E+01  0.40045075E-14  0.76204132E-14  0.11338507E-11  0.26222738E-14 -0.53102338E-15 -0.15911730E-14 -0.41847316E-15 -0.28630461E-16  0.10452100E-18 -0.47668229E-28 -0.64351681E-28 -0.48553427E-29  0.15470842E-17  0.24977514E-16  0.13196201E-03  0.10018005E+02
   0.45800559E-01  0.44865002E+02  0.25722775E+00 -0.14083205E+00  0.10988071E+02  0.28213112E+01  0.16567226E-13  0.31385600E-13  0.43187090E-11  0.96242552E-14 -0.20236951E-14 -0.64489315E-14 -0.17680962E-14 -0.10650697E-15  0.35903599E-18 -0.78942477E-27 -0.10651480E-26 -0.76157601E-28  0.59736647E-17  0.95136524E-16  0.12488807E-03  0.10051514E+02
   0.48961118E-01  0.47960999E+02  0.25923702E+00 -0.14001560E+00  0.11047170E+02  0.28231440E+01  0.66122997E-13  0.12453447E-12  0.15727260E-10  0.34108428E-13 -0.73796035E-14 -0.25019056E-13 -0.71529874E-14 -0.38243310E-15  0.12059724E-17 -0.12001455E-25 -0.16189144E-25 -0.11038498E-26  0.22196363E-16  0.34645463E-15  0.11825277E-03  0.10079224E+02
   0.52342184E-01  0.51273003E+02  0.26114702E+00 -0.13919771E+00  0.11102205E+02  0.28248441E+01  0.25005245E-12  0.46746190E-12  0.53932803E-10  0.11510389E-12 -0.25326805E-13 -0.91281102E-13 -0.27238984E-13 -0.13367142E-14  0.40905028E-17 -0.17678802E-24 -0.23851759E-24 -0.15612482E-25  0.78119883E-16  0.11880818E-14  0.11203920E-03  0.10100769E+02
   0.55952940E-01  0.54810001E+02  0.26299351E+00 -0.13838157E+00  0.11154176E+02  0.28264015E+01  0.96160558E-12  0.17815751E-11  0.18696246E-09  0.39779183E-12 -0.87895836E-13 -0.33581831E-12 -0.10405127E-12 -0.44986398E-14  0.12814266E-16 -0.30423484E-23 -0.41181233E-23 -0.25643043E-24  0.27985900E-15  0.41185821E-14  0.10627593E-03  0.10117004E+02
   0.59817888E-01  0.58596001E+02  0.26471433E+00 -0.13758624E+00  0.11202891E+02  0.28276868E+01  0.42212809E-11  0.77411402E-11  0.73254702E-09  0.15550343E-11 -0.34392587E-12 -0.14019547E-11 -0.45160070E-12 -0.17610572E-13  0.47921746E-16 -0.61250815E-22 -0.83187490E-22 -0.49498714E-23  0.11376324E-14  0.16137224E-13  0.10084044E-03  0.10127563E+02
   0.63946217E-01  0.62640003E+02  0.26634815E+00 -0.13680594E+00  0.11247999E+02  0.28289418E+01  0.18750895E-10  0.33996309E-10  0.28858880E-08  0.61626247E-11 -0.13520336E-11 -0.58713273E-11 -0.19625319E-11 -0.70403928E-13  0.18698537E-15 -0.12954296E-20 -0.17651202E-20 -0.10134859E-21  0.46777996E-14  0.63573014E-13  0.95691466E-04  0.10131927E+02
   0.68359360E-01  0.66963005E+02  0.26783216E+00 -0.13606460E+00  0.11290415E+02  0.28299537E+01  0.86951939E-10  0.15543064E-09  0.11742894E-07  0.25797928E-10 -0.54850855E-11 -0.25196865E-10 -0.87637224E-11 -0.26789188E-12  0.64958337E-15 -0.32348129E-19 -0.44654302E-19 -0.24260111E-20  0.20126523E-13  0.25868335E-12  0.90902948E-04  0.10130859E+02
   0.73075704E-01  0.71583000E+02  0.26920530E+00 -0.13535191E+00  0.11330368E+02  0.28308160E+01  0.45657009E-09  0.80612556E-09  0.54484179E-07  0.12086147E-09 -0.25266633E-10 -0.12360692E-09 -0.44317387E-10 -0.12500399E-11  0.29510452E-14 -0.93494208E-18 -0.13074122E-17 -0.66524947E-19  0.97906499E-13  0.12002280E-11  0.86417029E-04  0.10124390E+02
   0.78119732E-01  0.76524002E+02  0.27048275E+00 -0.13467382E+00  0.11367442E+02  0.28316305E+01  0.24593716E-08  0.42952468E-08  0.25811943E-06  0.57382465E-09 -0.11926887E-09 -0.61988403E-09 -0.22905375E-09 -0.57498871E-11  0.12839531E-13 -0.23473440E-16 -0.33170608E-16 -0.16022709E-17  0.48685166E-12  0.56860940E-11  0.82133643E-04  0.10111877E+02
   0.83509840E-01  0.81804001E+02  0.27164760E+00 -0.13402863E+00  0.11401758E+02  0.28322408E+01  0.11212289E-07  0.19317524E-07  0.10291590E-05  0.23329623E-08 -0.47221616E-09 -0.25900400E-08 -0.99362873E-09 -0.20969891E-10  0.42158483E-13 -0.47964368E-15 -0.68999097E-15 -0.31470040E-16  0.20558603E-11  0.22671266E-10  0.78090525E-04  0.10093201E+02
   0.89273572E-01  0.87449997E+02  0.27270889E+00 -0.13341662E+00  0.11434379E+02  0.28327904E+01  0.49929053E-07  0.84946421E-07  0.40348737E-05  0.93023296E-08 -0.18337548E-08 -0.10597912E-07 -0.41782777E-08 -0.78058462E-10  0.14782266E-12 -0.87242996E-14 -0.12827609E-13 -0.54691144E-15  0.85161479E-11  0.88883935E-10  0.74317584E-04  0.10069214E+02
   0.95432371E-01  0.93482994E+02  0.27370289E+00 -0.13283469E+00  0.11464863E+02  0.28332226E+01  0.20326804E-06  0.34216239E-06  0.14541334E-04  0.33710105E-07 -0.65626349E-08 -0.39841009E-07 -0.16130945E-07 -0.26359884E-09  0.47156783E-12 -0.12684560E-12 -0.19020297E-12 -0.76472989E-14  0.32260940E-10  0.32032998E-09  0.70760936E-04  0.10039246E+02
   0.10201994E+00  0.99936005E+02  0.27461618E+00 -0.13227525E+00  0.11493778E+02  0.28336234E+01  0.72937740E-06  0.12152411E-05  0.46481266E-04  0.10871972E-06 -0.20674172E-07 -0.13157214E-06 -0.54604985E-07 -0.74556944E-09  0.12551237E-11 -0.15014907E-11 -0.23066573E-11 -0.86787382E-13  0.10833813E-09  0.10239324E-08  0.67431953E-04  0.10003510E+02
   0.10905770E+00  0.10683000E+03  0.27548376E+00 -0.13174158E+00  0.11521357E+02  0.28338873E+01  0.24483898E-05  0.40470136E-05  0.14037560E-03  0.32752544E-06 -0.61194307E-07 -0.41487311E-06 -0.17028557E-06 -0.21661100E-08  0.38683006E-11 -0.14612615E-10 -0.22950910E-10 -0.80692939E-12  0.34114547E-09  0.30923237E-08  0.64312910E-04  0.99620667E+01
   0.11658241E+00  0.11420100E+03  0.27633259E+00 -0.13124351E+00  0.11547503E+02  0.28342233E+01  0.72591756E-05  0.11914540E-04  0.37236325E-03  0.87049466E-06 -0.16547786E-06 -0.11374630E-05 -0.47092925E-06 -0.71901765E-08  0.12782941E-10 -0.11281764E-09 -0.18373356E-09 -0.57883624E-11  0.95044672E-09  0.82027629E-08  0.61410414E-04  0.99143982E+01
   0.12462774E+00  0.12208199E+03  0.27710932E+00 -0.13075416E+00  0.11572574E+02  0.28345790E+01  0.19739280E-04  0.32243061E-04  0.90695580E-03  0.20547398E-05 -0.40423600E-06 -0.28887598E-05 -0.12555436E-05 -0.15972148E-07  0.19810251E-10 -0.74495815E-09 -0.12411312E-08 -0.35512791E-10  0.23968858E-08  0.19979263E-07  0.58622329E-04  0.98605652E+01
   0.13322435E+00  0.13050301E+03  0.27784729E+00 -0.13026890E+00  0.11594690E+02  0.28347831E+01  0.49072027E-04  0.79693782E-04  0.20339137E-02  0.44307153E-05 -0.89498639E-06 -0.68422610E-05 -0.30530687E-05 -0.21775463E-07  0.27578778E-10 -0.40789390E-08 -0.68767081E-08 -0.18545673E-09  0.55243436E-08  0.44804935E-07  0.55927827E-04  0.97983704E+01
   0.14241509E+00  0.13950601E+03  0.27855328E+00 -0.12979761E+00  0.11616289E+02  0.28348856E+01  0.11071853E-03  0.17884982E-03  0.41542333E-02  0.89065343E-05 -0.18547445E-05 -0.14448506E-04 -0.65533268E-05 -0.34347988E-07  0.70880461E-10 -0.17909530E-07 -0.31098306E-07 -0.76295831E-09  0.11727384E-07  0.91513293E-07  0.53401709E-04  0.97298889E+01
   0.15224282E+00  0.14913300E+03  0.27923062E+00 -0.12933645E+00  0.11636105E+02  0.28350105E+01  0.22866113E-03  0.36803429E-03  0.78052334E-02  0.16139389E-04 -0.34365660E-05 -0.28492434E-04 -0.13038814E-04 -0.78750432E-07  0.21070679E-09 -0.66812625E-07 -0.11773023E-06 -0.27473794E-08  0.22665777E-07  0.17194091E-06  0.50998467E-04  0.96533813E+01
   0.16274434E+00  0.15942000E+03  0.27989283E+00 -0.12888852E+00  0.11655055E+02  0.28351390E+01  0.43305286E-03  0.69571898E-03  0.13551737E-01  0.27887416E-04 -0.60147991E-05 -0.50388840E-04 -0.23281957E-04 -0.82651233E-07  0.54692573E-09 -0.21503568E-06 -0.39184923E-06 -0.84739327E-08  0.41047439E-07  0.29853021E-06  0.48757087E-04  0.95694275E+01
   0.17397168E+00  0.17041800E+03  0.28053147E+00 -0.12844492E+00  0.11673825E+02  0.28351490E+01  0.79278339E-03  0.12716523E-02  0.22654546E-01  0.45902518E-04 -0.98741848E-05 -0.86394459E-04 -0.41019299E-04 -0.54357276E-07  0.15168320E-08 -0.63121081E-06 -0.11981919E-05 -0.22750035E-07  0.71426399E-07  0.49905532E-06  0.46663190E-04  0.94781799E+01
   0.18597385E+00  0.18217500E+03  0.28114149E+00 -0.12800452E+00  0.11691084E+02  0.28351955E+01  0.13646533E-02  0.21886691E-02  0.35669535E-01  0.69175752E-04 -0.15388992E-04 -0.14226012E-03 -0.69222282E-04 -0.67478169E-07  0.39654937E-08 -0.15998761E-05 -0.31155903E-05 -0.54462536E-07  0.11571439E-06  0.78576159E-06  0.44640849E-04  0.93778076E+01
   0.19880292E+00  0.19474200E+03  0.28173831E+00 -0.12756623E+00  0.11707508E+02  0.28351846E+01  0.21642861E-02  0.34886566E-02  0.52536253E-01  0.99318815E-04 -0.22856662E-04 -0.21429629E-03 -0.10568516E-03  0.31098711E-07  0.91234940E-08 -0.35430128E-05 -0.70735373E-05 -0.11579055E-06  0.17643086E-06  0.11573172E-05  0.42730739E-04  0.92685547E+01
   0.21251705E+00  0.20817601E+03  0.28232872E+00 -0.12712801E+00  0.11723660E+02  0.28351843E+01  0.33289075E-02  0.53554382E-02  0.74941643E-01  0.13800965E-03 -0.34306828E-04 -0.31277732E-03 -0.15660744E-03  0.29169374E-06  0.19603132E-07 -0.77258919E-05 -0.15901636E-04 -0.22260542E-06  0.25975126E-06  0.16508839E-05  0.40953248E-04  0.91503296E+01
   0.22717752E+00  0.22253700E+03  0.28290543E+00 -0.12668987E+00  0.11738927E+02  0.28351035E+01  0.50802212E-02  0.81361635E-02  0.10490474E+00  0.18174438E-03 -0.49114718E-04 -0.46365164E-03 -0.23833402E-03  0.11323622E-05  0.40150290E-07 -0.16296206E-04 -0.34350098E-04 -0.41081344E-06  0.37121012E-06  0.23109387E-05  0.39238203E-04  0.90219727E+01
   0.24284862E+00  0.23788800E+03  0.28346285E+00 -0.12624858E+00  0.11752586E+02  0.28349891E+01  0.73860516E-02  0.11854381E-01  0.14027078E+00  0.22972052E-03 -0.59675796E-04 -0.65699511E-03 -0.34729080E-03  0.20593866E-05  0.75576203E-07 -0.29285340E-04 -0.63333267E-04 -0.73687750E-06  0.50953145E-06  0.30900148E-05  0.37567999E-04  0.88821106E+01
   0.25960082E+00  0.25429800E+03  0.28400558E+00 -0.12580773E+00  0.11765764E+02  0.28348658E+01  0.99888723E-02  0.16256966E-01  0.17772785E+00  0.28650727E-03 -0.77494420E-04 -0.83034229E-03 -0.44797186E-03  0.25668367E-05  0.12986766E-06 -0.44701541E-04 -0.10080464E-03 -0.11358106E-05  0.67581044E-06  0.39151537E-05  0.36001147E-04  0.87312012E+01
   0.27750757E+00  0.27183899E+03  0.28454363E+00 -0.12536110E+00  0.11779051E+02  0.28347585E+01  0.13099395E-01  0.21439783E-01  0.21951263E+00  0.34621573E-03 -0.10643653E-03 -0.10289722E-02 -0.56379481E-03  0.39165889E-05  0.20943251E-06 -0.68155350E-04 -0.15761354E-03 -0.14662467E-05  0.86467190E-06  0.48356274E-05  0.34550179E-04  0.85690613E+01
   0.29665163E+00  0.29059201E+03  0.28508422E+00 -0.12490679E+00  0.11791841E+02  0.28345714E+01  0.17122963E-01  0.27812371E-01  0.26776677E+00  0.39860589E-03 -0.12498580E-03 -0.13387200E-02 -0.74284215E-03  0.66519392E-05  0.32405055E-06 -0.10408647E-03 -0.24625449E-03 -0.17139590E-05  0.10689859E-05  0.58986143E-05  0.33161421E-04  0.83943481E+01
   0.31712791E+00  0.31064999E+03  0.28562298E+00 -0.12444723E+00  0.11803533E+02  0.28343863E+01  0.21758238E-01  0.35373863E-01  0.31847924E+00  0.44019549E-03 -0.13082646E-03 -0.17122199E-02 -0.96632406E-03  0.99901226E-05  0.48345242E-06 -0.14610944E-03 -0.35254436E-03 -0.23650227E-05  0.12856227E-05  0.70157557E-05  0.31804575E-04  0.82054749E+01
   0.33899456E+00  0.33207001E+03  0.28615680E+00 -0.12398060E+00  0.11814525E+02  0.28341444E+01  0.26483687E-01  0.43538116E-01  0.36834654E+00  0.49471733E-03 -0.19038194E-03 -0.19486754E-02 -0.11226399E-02  0.13387466E-04  0.69232067E-06 -0.19037526E-03 -0.46566667E-03 -0.32658679E-05  0.15391309E-05  0.81142789E-05  0.30529205E-04  0.80022888E+01
   0.36236191E+00  0.35496002E+03  0.28669408E+00 -0.12349948E+00  0.11826120E+02  0.28338673E+01  0.32046571E-01  0.52628253E-01  0.42288223E+00  0.54692413E-03 -0.21901885E-03 -0.23045202E-02 -0.13610554E-02  0.18447427E-04  0.96113274E-06 -0.25479932E-03 -0.62783220E-03 -0.32795754E-05  0.18020947E-05  0.93156414E-05  0.29334249E-04  0.77850037E+01
   0.38735235E+00  0.37944000E+03  0.28723255E+00 -0.12299891E+00  0.11836451E+02  0.28335366E+01  0.38659319E-01  0.63114375E-01  0.48124096E+00  0.57994114E-03 -0.19495389E-03 -0.28669324E-02 -0.17358045E-02  0.27953807E-04  0.13088055E-05 -0.33166702E-03 -0.83091622E-03 -0.38316884E-05  0.20580576E-05  0.10601221E-04  0.28175868E-04  0.75505676E+01
   0.41408852E+00  0.40563004E+03  0.28777370E+00 -0.12248421E+00  0.11846672E+02  0.28331583E+01  0.45080028E-01  0.74441589E-01  0.53328967E+00  0.62622147E-03 -0.22630044E-03 -0.31799278E-02 -0.19644150E-02  0.35546160E-04  0.17454179E-05 -0.38287835E-03 -0.10230803E-02 -0.33046181E-05  0.23605401E-05  0.11747798E-04  0.27083168E-04  0.72989502E+01
   0.44266215E+00  0.43362000E+03  0.28831035E+00 -0.12196072E+00  0.11856808E+02  0.28327184E+01  0.52599486E-01  0.86677216E-01  0.58372211E+00  0.63470518E-03 -0.26106395E-03 -0.36753998E-02 -0.23190163E-02  0.44606077E-04  0.22672357E-05 -0.45992713E-03 -0.12274627E-02  0.27741282E-06  0.26138209E-05  0.12858772E-04  0.26042942E-04  0.70292358E+01
   0.47316521E+00  0.46349997E+03  0.28884143E+00 -0.12142925E+00  0.11865504E+02  0.28322809E+01  0.60983844E-01  0.98675132E-01  0.63466704E+00  0.62093593E-03 -0.28325996E-03 -0.44303522E-02 -0.28516981E-02  0.58090511E-04  0.28443662E-05 -0.52328646E-03 -0.13004736E-02 -0.71340105E-06  0.28077684E-05  0.13981034E-04  0.25019715E-04  0.67391968E+01
   0.50581211E+00  0.49548001E+03  0.28938487E+00 -0.12087362E+00  0.11873878E+02  0.28317735E+01  0.67127734E-01  0.10868112E+00  0.67804176E+00  0.64498466E-03 -0.31566946E-03 -0.47869836E-02 -0.31589442E-02  0.73148571E-04  0.34654115E-05 -0.49292215E-03 -0.11920125E-02 -0.55191217E-05  0.30315882E-05  0.14936532E-04  0.24050292E-04  0.64278259E+01
   0.54069465E+00  0.52965002E+03  0.28994521E+00 -0.12027693E+00  0.11882809E+02  0.28311424E+01  0.72149001E-01  0.11759660E+00  0.71715850E+00  0.67617843E-03 -0.32728043E-03 -0.50389753E-02 -0.34081272E-02  0.88983616E-04  0.41581966E-05 -0.45639803E-03 -0.11510686E-02 -0.44309772E-05  0.32460116E-05  0.15798232E-04  0.23151431E-04  0.60951538E+01
   0.57799661E+00  0.56619000E+03  0.29053169E+00 -0.11964031E+00  0.11891870E+02  0.28304145E+01  0.77643827E-01  0.12674658E+00  0.75013006E+00  0.68611838E-03 -0.35715220E-03 -0.53265640E-02 -0.36822918E-02  0.10516377E-03  0.49719224E-05 -0.42864567E-03 -0.11824436E-02  0.22997845E-06  0.34231746E-05  0.16524560E-04  0.22305339E-04  0.57389221E+01
   0.61787111E+00  0.60525000E+03  0.29112265E+00 -0.11897624E+00  0.11900962E+02  0.28295751E+01  0.83251812E-01  0.13585705E+00  0.77130300E+00  0.67254127E-03 -0.41435671E-03 -0.55338321E-02 -0.39318507E-02  0.11934178E-03  0.59085824E-05 -0.36912301E-03 -0.11114543E-02  0.53343001E-05  0.35520163E-05  0.16990976E-04  0.21500677E-04  0.53575439E+01
   0.66047132E+00  0.64698004E+03  0.29171357E+00 -0.11828923E+00  0.11909646E+02  0.28286650E+01  0.88654436E-01  0.14335848E+00  0.78667283E+00  0.64097717E-03 -0.29688451E-03 -0.62103351E-02 -0.45318394E-02  0.15973749E-03  0.68874278E-05 -0.27201744E-03 -0.80192782E-03  0.87848894E-05  0.35847950E-05  0.17329558E-04  0.20724934E-04  0.49490967E+01
   0.70604217E+00  0.69162000E+03  0.29232278E+00 -0.11755799E+00  0.11917801E+02  0.28275733E+01  0.92668116E-01  0.14724389E+00  0.79476398E+00  0.60777890E-03 -0.26690148E-03 -0.66958116E-02 -0.50507919E-02  0.20255694E-03  0.78049325E-05 -0.28717595E-04 -0.15869926E-03  0.83792611E-05  0.35494047E-05  0.17507797E-04  0.19976429E-04  0.45110168E+01
   0.75473684E+00  0.73932001E+03  0.29293859E+00 -0.11677702E+00  0.11925985E+02  0.28263047E+01  0.92177190E-01  0.14551169E+00  0.78602386E+00  0.58424857E-03 -0.41177441E-03 -0.63546761E-02 -0.50027971E-02  0.21342919E-03  0.85830370E-05  0.33280748E-03  0.65716490E-03  0.60026582E-05  0.34596874E-05  0.17315262E-04  0.19270308E-04  0.40424194E+01
   0.80680037E+00  0.79032007E+03  0.29359105E+00 -0.11589988E+00  0.11934957E+02  0.28246787E+01  0.87012053E-01  0.13761273E+00  0.75841731E+00  0.56472974E-03 -0.30882639E-03 -0.61847502E-02 -0.50362148E-02  0.25274040E-03  0.91896318E-05  0.57902629E-03  0.12176122E-02  0.80439895E-05  0.32510952E-05  0.16707119E-04  0.18614908E-04  0.35416565E+01
   0.86244702E+00  0.84483002E+03  0.29430395E+00 -0.11491428E+00  0.11944613E+02  0.28226562E+01  0.80383107E-01  0.12504996E+00  0.71360540E+00  0.51532470E-03 -0.25784638E-03 -0.59802136E-02 -0.51050875E-02  0.30230140E-03  0.96563517E-05  0.77800505E-03  0.15404007E-02  0.13080133E-04  0.29053444E-05  0.15719961E-04  0.17994311E-04  0.30065308E+01
   0.92192191E+00  0.90309003E+03  0.29504764E+00 -0.11377605E+00  0.11954560E+02  0.28199048E+01  0.70271850E-01  0.10744629E+00  0.64399564E+00  0.43790269E-03 -0.28481215E-03 -0.54134429E-02 -0.49312417E-02  0.33990195E-03  0.99684048E-05  0.95649040E-03  0.17844272E-02  0.11657724E-04  0.24392900E-05  0.14186533E-04  0.17378439E-04  0.24343262E+01
   0.98550063E+00  0.96537006E+03  0.29585418E+00 -0.11243727E+00  0.11965199E+02  0.28161581E+01  0.53073928E-01  0.81198663E-01  0.53119898E+00  0.38181705E-03 -0.18037851E-03 -0.41741058E-02 -0.40685516E-02  0.34671454E-03  0.96428184E-05  0.81629650E-03  0.15347310E-02  0.75847120E-05  0.18927474E-05  0.11701743E-04  0.16774944E-04  0.18228149E+01
   0.10534894E+01  0.10319700E+04  0.29677001E+00 -0.11074092E+00  0.11980002E+02  0.28104370E+01  0.32738693E-01  0.49396098E-01  0.37532517E+00  0.29277161E-03 -0.12529599E-03 -0.26028943E-02 -0.27786503E-02  0.30232820E-03  0.84781022E-05  0.45530745E-03  0.81434561E-03  0.52450964E-05  0.12227591E-05  0.82680108E-05  0.16173373E-04  0.11725769E+01
   0.11261332E+01  0.11031300E+04  0.29781693E+00 -0.10846727E+00  0.11998953E+02  0.28005908E+01  0.14185412E-01  0.21189839E-01  0.19555528E+00  0.16442635E-03 -0.73785704E-04 -0.11332107E-02 -0.13730495E-02  0.19844098E-03  0.65633753E-05  0.12831658E-03  0.21287413E-03  0.17949494E-05  0.56996555E-06  0.43078730E-05  0.15488557E-04  0.48159790E+00
   0.12038304E+01  0.11792400E+04  0.29898524E+00 -0.10524243E+00  0.12027393E+02  0.27820356E+01  0.30615781E-02  0.45301947E-02  0.53715803E-01  0.54003402E-04 -0.18806069E-04 -0.22896176E-03 -0.33593408E-03  0.68955254E-04  0.32932230E-05  0.10030530E-04  0.16184975E-04  0.16051717E-06  0.14398725E-06  0.11833015E-05  0.14578498E-04 -0.24789429E+00
   0.12868563E+01  0.12605701E+04  0.30013031E+00 -0.10033917E+00  0.12076347E+02  0.27422793E+01  0.16952655E-03  0.24736291E-03  0.40103914E-02  0.53075573E-05 -0.13343522E-05 -0.10278306E-04 -0.20751515E-04  0.64415867E-05  0.52555538E-06  0.85217849E-07  0.13628019E-06  0.16243740E-08  0.10273747E-07  0.88344613E-07  0.13097910E-04 -0.10054321E+01
   0.13756093E+01  0.13475100E+04  0.30067980E+00 -0.92387363E-01  0.12174801E+02  0.26446674E+01  0.58298008E-06  0.84558496E-06  0.20288076E-04  0.37356582E-07 -0.66763537E-08 -0.18893205E-07 -0.80970864E-07  0.41558472E-07  0.63229848E-08  0.10470900E-10  0.16449155E-10  0.25151352E-12  0.50137720E-10  0.44692453E-09  0.99862864E-05 -0.17596130E+01
   0.14704874E+01  0.14404501E+04  0.29825291E+00 -0.78055009E-01  0.12400586E+02  0.23538015E+01  0.60782249E-12  0.74686410E-12  0.39386876E-10  0.85436968E-13 -0.19789725E-13  0.47793455E-13 -0.12418724E-12  0.11148311E-12  0.19425545E-13  0.21515276E-19  0.28430159E-19  0.62299125E-21  0.70836558E-16  0.86765058E-15  0.29234911E-05 -0.24131165E+01
   0.15718887E+01  0.15397800E+04  0.26719344E+00 -0.38573317E-01  0.12987204E+02  0.11250483E+01  0.51652025E-08  0.77730791E-08  0.58051285E-06  0.23720685E-08 -0.58815641E-09  0.73050288E-09 -0.62426087E-09  0.41400827E-09  0.49445399E-08 -0.86399170E-13 -0.25089544E-12 -0.11509341E-13  0.12978253E-11  0.12788074E-10  0.52148630E-05 -0.26067200E+01
   0.16803031E+01  0.16459800E+04  0.20261195E+00 -0.78573618E-02  0.15444843E+02  0.47746739E+00  0.49308740E-03  0.21234327E-02  0.59772804E-01  0.29817791E-03 -0.29165771E-04  0.29338511E-04 -0.14649524E-04  0.68749227E-05  0.19943828E-02 -0.50240374E-06 -0.21926553E-05 -0.63787454E-07  0.32034569E-06  0.13167307E-05  0.11210615E-04 -0.10989380E+01
   0.17961904E+01  0.17595000E+04  0.20300762E+00 -0.78161098E-02  0.16505152E+02  0.36155868E+00  0.53346239E-01  0.99686898E-01  0.89645103E-01  0.18504288E-01 -0.28833985E-04 -0.25158856E-05 -0.10544237E-06  0.13503985E-04  0.10952726E+00 -0.66638804E-05 -0.11107621E-01 -0.21882070E-04  0.13042424E-04  0.19747854E-05  0.78193716E-05 -0.11536865E+01
   0.19201014E+01  0.18808799E+04  0.20343947E+00 -0.78261271E-02  0.17595423E+02  0.30032381E+00  0.94516881E-01  0.14716481E+00  0.11714081E+00  0.31549610E-01 -0.36217036E-04 -0.38539565E-05  0.18124028E-06  0.94860170E-05  0.16393410E+00 -0.83146897E-05 -0.12490106E-01 -0.30077908E-04  0.19810992E-04  0.25804861E-05  0.44725753E-05 -0.12666016E+01
   0.20525265E+01  0.20106000E+04  0.20386745E+00 -0.78579606E-02  0.18717524E+02  0.27994707E+00  0.13503669E+00  0.18451199E+00  0.13601843E+00  0.43658286E-01 -0.37807458E-04 -0.48147690E-05  0.32028441E-06  0.33638935E-05  0.20790216E+00 -0.10895379E-04 -0.14939860E-01 -0.42487765E-04  0.25388461E-04  0.29963398E-05  0.35408807E-05 -0.14382935E+01
   0.21940780E+01  0.21492600E+04  0.20430341E+00 -0.78830058E-02  0.19886631E+02  0.27799422E+00  0.18165220E+00  0.21525209E+00  0.14567336E+00  0.57472486E-01 -0.29818837E-04 -0.53100080E-05  0.26178179E-06  0.38705133E-06  0.24489436E+00 -0.13786823E-04 -0.17082902E-01 -0.60453724E-04  0.30612257E-04  0.32090279E-05  0.29852799E-05 -0.16556396E+01
   0.23453989E+01  0.22974900E+04  0.20469244E+00 -0.78980755E-02  0.21114998E+02  0.27776089E+00  0.23154780E+00  0.23895097E+00  0.14699012E+00  0.72281532E-01 -0.23705406E-04 -0.46862842E-05  0.19299011E-06  0.51567220E-07  0.27394536E+00 -0.14537843E-04 -0.17488556E-01 -0.73160219E-04  0.35340003E-04  0.32380344E-05  0.25529430E-05 -0.19097290E+01
   0.25071633E+01  0.24559500E+04  0.20498754E+00 -0.79112891E-02  0.22416059E+02  0.27772185E+00  0.27741590E+00  0.25584346E+00  0.14418505E+00  0.85996091E-01 -0.13089948E-05 -0.31159257E-05  0.18450491E-06  0.10908566E-07  0.29501730E+00 -0.12341685E-04 -0.15265062E-01 -0.70479844E-04  0.39248309E-04  0.31762420E-05  0.21456849E-05 -0.21934814E+01
   0.26800752E+01  0.26253298E+04  0.20513539E+00 -0.79248669E-02  0.23800432E+02  0.27770457E+00  0.31248486E+00  0.26674291E+00  0.14147469E+00  0.96474595E-01  0.17355911E-04 -0.14101397E-05  0.14889113E-06 -0.23641679E-07  0.30876815E+00 -0.81122516E-05 -0.10466434E-01 -0.50390456E-04  0.42041389E-04  0.31165355E-05  0.15533602E-05 -0.25031433E+01
   0.28649313E+01  0.28064099E+04  0.20519044E+00 -0.79329237E-02  0.25275249E+02  0.27785811E+00  0.33180007E+00  0.27227420E+00  0.14021315E+00  0.10217141E+00 -0.21442440E-05 -0.36872893E-06  0.54247863E-07 -0.13258544E-06  0.31578586E+00 -0.28673396E-05 -0.38182884E-02 -0.18485345E-04  0.43512584E-04  0.30887450E-05  0.57197786E-06 -0.28393860E+01
   0.30625274E+01  0.29999700E+04  0.20519044E+00 -0.79329237E-02  0.26849136E+02  0.27849951E+00  0.33180010E+00  0.27227423E+00  0.14021315E+00  0.10217139E+00  0.22001300E-01  0.00000000E+00  0.00000000E+00 -0.91822303E-05  0.31578588E+00 -0.28704389E-05 -0.38182905E-02 -0.18500969E-04  0.43476717E-04  0.30887452E-05  0.57197786E-06 -0.32015076E+01
