   0.50197850E-03  0.46985999E+00  0.33110440E-01 -0.20707648E-01  0.00000000E+00  0.14677138E+01  0.19988763E+01  0.36643059E+01  0.49802925E+04  0.40000000E+01  0.26979551E+00 -0.11650563E+01  0.93380338E+00 -0.13000397E+00  0.58923947E-03 -0.66923807E-04 -0.38802889E-04 -0.75260380E-06  0.70594832E-01  0.10004476E+00 -0.16209875E-03 -0.24890137E+00
   0.53992658E-03  0.50537997E+00  0.33531792E-01 -0.20971168E-01  0.00000000E+00  0.14687722E+01  0.19988763E+01  0.37170942E+01  0.48748384E+04  0.39127560E+01  0.27268040E+00 -0.11917703E+01  0.95434904E+00 -0.13413647E+00  0.65386354E-03  0.44799987E-01 -0.59096283E+00  0.13623604E+00  0.66755176E-01  0.97926386E-01 -0.14452278E-03 -0.24942017E+00
   0.58047078E-03  0.54332995E+00  0.33972066E-01 -0.21246200E-01  0.00000000E+00  0.14698969E+01  0.19985050E+01  0.37685318E+01  0.47762124E+04  0.38411288E+01 -0.30252149E-02 -0.11905870E+01  0.95152849E+00 -0.13389155E+00  0.72113174E-03  0.49499210E-01 -0.55149186E+00  0.10797367E+00  0.63111901E-01  0.95945172E-01 -0.12574442E-03 -0.25000000E+00
   0.62380335E-03  0.58389002E+00  0.34444369E-01 -0.21540882E-01  0.51774802E-02  0.14711716E+01  0.19977080E+01  0.38185174E+01  0.46833428E+04  0.37770765E+01 -0.56080562E+00 -0.11756090E+01  0.93761683E+00 -0.12977701E+00  0.79061533E-03  0.48794776E-01 -0.51482439E+00  0.88480987E-01  0.59650995E-01  0.94079599E-01 -0.87376233E-04 -0.24545288E+00
   0.67014870E-03  0.62726998E+00  0.34953274E-01 -0.21857990E-01  0.15446383E-01  0.14726350E+01  0.19968867E+01  0.38670356E+01  0.45930273E+04  0.37132037E+01 -0.83835721E+00 -0.11758187E+01  0.93574196E+00 -0.12993836E+00  0.85571222E-03  0.41699655E-01 -0.48109022E+00  0.80708861E-01  0.56364164E-01  0.92265330E-01 -0.65258275E-04 -0.23587036E+00
   0.71969919E-03  0.67365003E+00  0.35489492E-01 -0.22191653E-01  0.26141269E-01  0.14742172E+01  0.19963562E+01  0.39137430E+01  0.45030322E+04  0.36516197E+01 -0.83800036E+00 -0.11835129E+01  0.93966252E+00 -0.13217129E+00  0.91752608E-03  0.32305729E-01 -0.44710428E+00  0.75887822E-01  0.53241450E-01  0.90457499E-01 -0.61430081E-04 -0.22589111E+00
   0.77264692E-03  0.72320998E+00  0.36047142E-01 -0.22538137E-01  0.37274715E-01  0.14758704E+01  0.19961149E+01  0.39582610E+01  0.44131650E+04  0.35934324E+01 -0.83763009E+00 -0.11833392E+01  0.93716282E+00 -0.13213488E+00  0.97897567E-03  0.23868881E-01 -0.41253877E+00  0.70423685E-01  0.50271526E-01  0.88652238E-01 -0.59130038E-04 -0.21554565E+00
   0.82924851E-03  0.77618998E+00  0.36627140E-01 -0.22897931E-01  0.48871547E-01  0.14775991E+01  0.19961185E+01  0.40005088E+01  0.43236196E+04  0.35386937E+01 -0.83724308E+00 -0.11829399E+01  0.93432939E+00 -0.13210000E+00  0.10383202E-02  0.17044907E-01 -0.37850660E+00  0.65005191E-01  0.47445085E-01  0.86853430E-01 -0.57159254E-04 -0.20477295E+00
   0.88976033E-03  0.83283001E+00  0.37230458E-01 -0.23271557E-01  0.60954873E-01  0.14794073E+01  0.19963241E+01  0.40404053E+01  0.42346333E+04  0.34874613E+01 -0.83683705E+00 -0.11825027E+01  0.93129933E+00 -0.13206230E+00  0.10955218E-02  0.11715939E-01 -0.34515542E+00  0.59651244E-01  0.44754956E-01  0.85065864E-01 -0.55661680E-04 -0.19357300E+00
   0.95443864E-03  0.89336997E+00  0.37857983E-01 -0.23659458E-01  0.73546529E-01  0.14812988E+01  0.19966824E+01  0.40778670E+01  0.41464702E+04  0.34397912E+01 -0.83640730E+00 -0.11820270E+01  0.92806375E+00 -0.13202481E+00  0.11505432E-02  0.78223348E-02 -0.31256467E+00  0.54383401E-01  0.42195290E-01  0.83294831E-01 -0.54531698E-04 -0.18191528E+00
   0.10235722E-02  0.95807999E+00  0.38510837E-01 -0.24062231E-01  0.86673632E-01  0.14832783E+01  0.19971429E+01  0.41128335E+01  0.40593682E+04  0.33957078E+01 -0.83595097E+00 -0.11815090E+01  0.92461127E+00 -0.13198780E+00  0.12033579E-02  0.52911192E-02 -0.28080848E+00  0.49222309E-01  0.39760094E-01  0.81545115E-01 -0.53624430E-04 -0.16976929E+00
   0.10974811E-02  0.10272601E+01  0.39190348E-01 -0.24480570E-01  0.10036821E+00  0.14853511E+01  0.19976503E+01  0.41452570E+01  0.39735491E+04  0.33552146E+01 -0.83546448E+00 -0.11809422E+01  0.92092645E+00 -0.13194306E+00  0.12539780E-02  0.40305657E-02 -0.24995232E+00  0.44188127E-01  0.37443496E-01  0.79821169E-01 -0.52773543E-04 -0.15713501E+00
   0.11764861E-02  0.11012100E+01  0.39897777E-01 -0.24915125E-01  0.11466138E+00  0.14875224E+01  0.19981470E+01  0.41750889E+01  0.38892549E+04  0.33183107E+01 -0.83494604E+00 -0.11803287E+01  0.91700137E+00 -0.13188212E+00  0.13024143E-02  0.39506564E-02 -0.22006454E+00  0.39302845E-01  0.35240725E-01  0.78127861E-01 -0.52007792E-04 -0.14395142E+00
   0.12609398E-02  0.11802599E+01  0.40634610E-01 -0.25366655E-01  0.12958956E+00  0.14897981E+01  0.19985726E+01  0.42022920E+01  0.38067083E+04  0.32849741E+01 -0.83439332E+00 -0.11796613E+01  0.91281229E+00 -0.13182308E+00  0.13486848E-02  0.49519576E-02 -0.19120476E+00  0.34586579E-01  0.33146977E-01  0.76469652E-01 -0.51265062E-04 -0.13018799E+00
   0.13512267E-02  0.12647700E+01  0.41402537E-01 -0.25836032E-01  0.14519432E+00  0.14921852E+01  0.19988656E+01  0.42268405E+01  0.37261162E+04  0.32551658E+01 -0.83380228E+00 -0.11789387E+01  0.90834641E+00 -0.13176315E+00  0.13928306E-02  0.69322549E-02 -0.16342781E+00  0.30060014E-01  0.31157589E-01  0.74850708E-01 -0.50790281E-04 -0.11584473E+00
   0.14477315E-02  0.13551000E+01  0.42203210E-01 -0.26324078E-01  0.16151708E+00  0.14946908E+01  0.19989625E+01  0.42487059E+01  0.36476975E+04  0.32288394E+01 -0.83316803E+00 -0.11781509E+01  0.90358442E+00 -0.13169307E+00  0.14348930E-02  0.97804787E-02 -0.13678889E+00  0.25743997E-01  0.29268665E-01  0.73275425E-01 -0.50235107E-04 -0.10086060E+00
   0.15509028E-02  0.14516701E+01  0.43038767E-01 -0.26831886E-01  0.17861024E+00  0.14973230E+01  0.19987985E+01  0.42678757E+01  0.35716289E+04  0.32059238E+01 -0.83248597E+00 -0.11772954E+01  0.89850777E+00 -0.13162288E+00  0.14749224E-02  0.13377884E-01 -0.11132697E+00  0.21656988E-01  0.27475735E-01  0.71747348E-01 -0.49613165E-04 -0.85205078E-01
   0.16611572E-02  0.15548699E+01  0.43911066E-01 -0.27360346E-01  0.19652134E+00  0.15000902E+01  0.19983088E+01  0.42843308E+01  0.34981177E+04  0.31863453E+01 -0.83175337E+00 -0.11763664E+01  0.89309675E+00 -0.13155827E+00  0.15129700E-02  0.17606564E-01 -0.87099463E-01  0.17819509E-01  0.25775565E-01  0.70270643E-01 -0.49225131E-04 -0.68786621E-01
   0.17790399E-02  0.16652100E+01  0.44822961E-01 -0.27910922E-01  0.21531972E+00  0.15030037E+01  0.19974272E+01  0.42980685E+01  0.34272891E+04  0.31699986E+01 -0.83096576E+00 -0.11753503E+01  0.88732588E+00 -0.13148843E+00  0.15491219E-02  0.22353780E-01 -0.64125828E-01  0.14246079E-01  0.24163490E-01  0.68847828E-01 -0.48731305E-04 -0.51605225E-01
   0.19050633E-02  0.17831699E+01  0.45777030E-01 -0.28484862E-01  0.23507035E+00  0.15060741E+01  0.19960884E+01  0.43090782E+01  0.33593018E+04  0.31567776E+01 -0.83011836E+00 -0.11742432E+01  0.88117319E+00 -0.13140312E+00  0.15834391E-02  0.27504969E-01 -0.42430133E-01  0.10952233E-01  0.22636097E-01  0.67482091E-01 -0.48224538E-04 -0.33538818E-01
   0.20397725E-02  0.19092599E+01  0.46776131E-01 -0.29083541E-01  0.25584513E+00  0.15093126E+01  0.19942276E+01  0.43173494E+01  0.32942939E+04  0.31465607E+01 -0.82920414E+00 -0.11730374E+01  0.87461561E+00 -0.13130353E+00  0.16159944E-02  0.32943569E-01 -0.22040268E-01  0.79518370E-02  0.21190017E-01  0.66176206E-01 -0.47822996E-04 -0.14587402E-01
   0.21837766E-02  0.20440500E+01  0.47823615E-01 -0.29708575E-01  0.27772793E+00  0.15127330E+01  0.19917808E+01  0.43228736E+01  0.32323708E+04  0.31392069E+01 -0.82821584E+00 -0.11717196E+01  0.86762917E+00 -0.13120890E+00  0.16468690E-02  0.38559172E-01 -0.29703579E-02  0.52555446E-02  0.19821679E-01  0.64932287E-01 -0.47216887E-04  0.53405762E-02
   0.23376842E-02  0.21881099E+01  0.48922893E-01 -0.30361557E-01  0.30080539E+00  0.15163497E+01  0.19886855E+01  0.43256388E+01  0.31736338E+04  0.31345627E+01 -0.82714981E+00 -0.11702791E+01  0.86018836E+00 -0.13111383E+00  0.16761367E-02  0.44243466E-01  0.14766711E-01  0.28707525E-02  0.18527973E-01  0.63752368E-01 -0.46542209E-04  0.26367188E-01
   0.25022326E-02  0.23421299E+01  0.50078366E-01 -0.31044587E-01  0.32518676E+00  0.15201802E+01  0.19848781E+01  0.43256307E+01  0.31181257E+04  0.31324577E+01 -0.82599944E+00 -0.11687049E+01  0.85225856E+00 -0.13100185E+00  0.17038785E-02  0.49904589E-01  0.31171259E-01  0.80042845E-03  0.17305169E-01  0.62637314E-01 -0.46103152E-04  0.48553467E-01
   0.26781270E-02  0.25067701E+01  0.51294282E-01 -0.31759590E-01  0.35098031E+00  0.15242420E+01  0.19802986E+01  0.43228297E+01  0.30658999E+04  0.31327074E+01 -0.82475311E+00 -0.11669780E+01  0.84381080E+00 -0.13088025E+00  0.17301702E-02  0.55450786E-01  0.46240874E-01 -0.95450669E-03  0.16150312E-01  0.61588198E-01 -0.45607070E-04  0.71990967E-01
   0.28661366E-02  0.26827500E+01  0.52575458E-01 -0.32508735E-01  0.37830848E+00  0.15285547E+01  0.19748881E+01  0.43172135E+01  0.30169736E+04  0.31351101E+01 -0.82340211E+00 -0.11650884E+01  0.83482087E+00 -0.13074937E+00  0.17550905E-02  0.60793325E-01  0.59981819E-01 -0.23986243E-02  0.15060366E-01  0.60605358E-01 -0.44894685E-04  0.96801758E-01
   0.30671267E-02  0.28708801E+01  0.53927522E-01 -0.33294540E-01  0.40731332E+00  0.15331414E+01  0.19685879E+01  0.43087497E+01  0.29713254E+04  0.31394506E+01 -0.82193959E+00 -0.11630231E+01  0.82524717E+00 -0.13060772E+00  0.17787117E-02  0.65863095E-01  0.72412275E-01 -0.35414496E-02  0.14032145E-01  0.59688374E-01 -0.44169687E-04  0.12313843E+00
   0.32819947E-02  0.30720000E+01  0.55356465E-01 -0.34119599E-01  0.43814778E+00  0.15380266E+01  0.19613409E+01  0.42974000E+01  0.29289097E+04  0.31454985E+01 -0.82035267E+00 -0.11607584E+01  0.81505668E+00 -0.13045651E+00  0.18011085E-02  0.70598394E-01  0.83552286E-01 -0.43966272E-02  0.13062732E-01  0.58836319E-01 -0.43467469E-04  0.15112305E+00
   0.35117983E-02  0.32870998E+01  0.56869552E-01 -0.34987073E-01  0.47099513E+00  0.15432403E+01  0.19530872E+01  0.42831120E+01  0.28896338E+04  0.31530144E+01 -0.81862950E+00 -0.11582699E+01  0.80420971E+00 -0.13029256E+00  0.18223596E-02  0.74943751E-01  0.93424410E-01 -0.49828738E-02  0.12148934E-01  0.58047339E-01 -0.42635402E-04  0.18093872E+00
   0.37573071E-02  0.35168998E+01  0.58472361E-01 -0.35898987E-01  0.50600606E+00  0.15488067E+01  0.19437810E+01  0.42658510E+01  0.28534265E+04  0.31617346E+01 -0.81676215E+00 -0.11555359E+01  0.79267818E+00 -0.13011156E+00  0.18425082E-02  0.78851186E-01  0.10204097E+00 -0.53223190E-02  0.11289007E-01  0.57320002E-01 -0.41814932E-04  0.21267700E+00
   0.40194821E-02  0.37623000E+01  0.60172047E-01 -0.36858059E-01  0.54336840E+00  0.15547563E+01  0.19333735E+01  0.42455740E+01  0.28201472E+04  0.31713903E+01 -0.81473392E+00 -0.11525362E+01  0.78043145E+00 -0.12991233E+00  0.18616139E-02  0.82289770E-01  0.10943715E+00 -0.54427255E-02  0.10480509E-01  0.56651484E-01 -0.40921776E-04  0.24655151E+00
   0.43002465E-02  0.40250998E+01  0.61982233E-01 -0.37870374E-01  0.58341753E+00  0.15611432E+01  0.19217792E+01  0.42221556E+01  0.27895217E+04  0.31817439E+01 -0.81252104E+00 -0.11492339E+01  0.76738757E+00 -0.12969388E+00  0.18797952E-02  0.85245721E-01  0.11566982E+00 -0.53741736E-02  0.97186994E-02  0.56036275E-01 -0.39871906E-04  0.28286743E+00
   0.45999209E-02  0.43056002E+01  0.63906536E-01 -0.38936101E-01  0.62627280E+00  0.15679874E+01  0.19089805E+01  0.41956048E+01  0.27614316E+04  0.31924930E+01 -0.81011635E+00 -0.11456007E+01  0.75355101E+00 -0.12946308E+00  0.18970562E-02  0.87695353E-01  0.12075406E+00 -0.51485193E-02  0.90037053E-02  0.55471998E-01 -0.38729049E-04  0.32174683E+00
   0.49207490E-02  0.46059003E+01  0.65961286E-01 -0.40062144E-01  0.67234218E+00  0.15753562E+01  0.18948821E+01  0.41657672E+01  0.27355361E+04  0.32034068E+01 -0.80749005E+00 -0.11415824E+01  0.73883200E+00 -0.12920429E+00  0.19135120E-02  0.89643285E-01  0.12475814E+00 -0.47982642E-02  0.83310222E-02  0.54951806E-01 -0.37541493E-04  0.36355591E+00
   0.52633709E-02  0.49266000E+01  0.68152890E-01 -0.41249502E-01  0.72181934E+00  0.15832807E+01  0.18794597E+01  0.41326346E+01  0.27116111E+04  0.32142045E+01 -0.80462116E+00 -0.11371572E+01  0.72322226E+00 -0.12891045E+00  0.19291840E-02  0.91087475E-01  0.12772818E+00 -0.43565989E-02  0.77001262E-02  0.54471195E-01 -0.36280409E-04  0.40844727E+00
   0.56297109E-02  0.52694998E+01  0.70496440E-01 -0.42503439E-01  0.77509958E+00  0.15918261E+01  0.18626345E+01  0.40960879E+01  0.26893037E+04  0.32246594E+01 -0.80148560E+00 -0.11322688E+01  0.70666403E+00 -0.12859675E+00  0.19441664E-02  0.92041530E-01  0.12972797E+00 -0.38533455E-02  0.71080462E-02  0.54023083E-01 -0.34899942E-04  0.45681763E+00
   0.60210503E-02  0.56357999E+01  0.73003344E-01 -0.43826681E-01  0.83250540E+00  0.16010478E+01  0.18443598E+01  0.40560703E+01  0.26682810E+04  0.32345374E+01 -0.79805440E+00 -0.11268595E+01  0.68912113E+00 -0.12825248E+00  0.19585097E-02  0.92520125E-01  0.13082594E+00 -0.33164183E-02  0.66673970E-02  0.53600777E-01 -0.33393131E-04  0.50897217E+00
   0.64396327E-02  0.60275998E+01  0.75691618E-01 -0.45224760E-01  0.89452171E+00  0.16110257E+01  0.18245449E+01  0.40124335E+01  0.26481396E+04  0.32436466E+01 -0.79428679E+00 -0.11208628E+01  0.67051661E+00 -0.12786217E+00  0.19722821E-02  0.92547245E-01  0.13109834E+00 -0.27678818E-02  0.62779933E-02  0.53196173E-01 -0.31722215E-04  0.56533813E+00
   0.68873814E-02  0.64466996E+01  0.78577779E-01 -0.46701547E-01  0.96161377E+00  0.16218381E+01  0.18031155E+01  0.39650626E+01  0.26284844E+04  0.32517929E+01 -0.79014301E+00 -0.11142102E+01  0.65080309E+00 -0.12742203E+00  0.19855364E-02  0.92151992E-01  0.13062285E+00 -0.22251860E-02  0.59117991E-02  0.52801337E-01 -0.29939609E-04  0.62637329E+00
   0.73655779E-02  0.68943000E+01  0.81674755E-01 -0.48258211E-01  0.10341773E+01  0.16335526E+01  0.17800298E+01  0.39139092E+01  0.26089287E+04  0.32587836E+01 -0.78558028E+00 -0.11068263E+01  0.62997174E+00 -0.12693533E+00  0.19983118E-02  0.91366589E-01  0.12948430E+00 -0.17018853E-02  0.55678976E-02  0.52408498E-01 -0.28025755E-04  0.69244385E+00
   0.78767873E-02  0.73728004E+01  0.85004278E-01 -0.49899343E-01  0.11128329E+01  0.16462761E+01  0.17551842E+01  0.38587880E+01  0.25890291E+04  0.32644477E+01 -0.78054315E+00 -0.10986061E+01  0.60795015E+00 -0.12639198E+00  0.20106398E-02  0.90224929E-01  0.12776130E+00 -0.12045751E-02  0.52444860E-02  0.52008752E-01 -0.25957312E-04  0.76409912E+00
   0.84235733E-02  0.78846002E+01  0.88588767E-01 -0.51628433E-01  0.11982412E+01  0.16601210E+01  0.17284764E+01  0.37995119E+01  0.25683477E+04  0.32685964E+01 -0.77497274E+00 -0.10894539E+01  0.58469021E+00 -0.12576698E+00  0.20224797E-02  0.88764414E-01  0.12553407E+00 -0.73422876E-03  0.49400427E-02  0.51593300E-01 -0.23687731E-04  0.84201050E+00
   0.90078581E-02  0.84315004E+01  0.92447206E-01 -0.53445857E-01  0.12910062E+01  0.16751907E+01  0.16998328E+01  0.37359474E+01  0.25464524E+04  0.32709930E+01 -0.76879787E+00 -0.10792556E+01  0.56017548E+00 -0.12505907E+00  0.20337685E-02  0.87027617E-01  0.12289146E+00 -0.28904891E-03  0.46534855E-02  0.51153466E-01 -0.21250915E-04  0.92669678E+00
   0.96322056E-02  0.90158997E+01  0.96603349E-01 -0.55352498E-01  0.13918757E+01  0.16916168E+01  0.16691464E+01  0.36678751E+01  0.25228835E+04  0.32713594E+01 -0.76193875E+00 -0.10678747E+01  0.53437233E+00 -0.12425815E+00  0.20444070E-02  0.85051447E-01  0.11990128E+00  0.13337165E-03  0.43834513E-02  0.50680012E-01 -0.18613126E-04  0.10188599E+01
   0.10299822E-01  0.96408005E+01  0.10108614E+00 -0.57349525E-01  0.15017602E+01  0.17095563E+01  0.16362743E+01  0.35949976E+01  0.24971624E+04  0.32693524E+01 -0.75430262E+00 -0.10551630E+01  0.50724632E+00 -0.12334378E+00  0.20542035E-02  0.82869522E-01  0.11661781E+00  0.53856516E-03  0.41284477E-02  0.50163325E-01 -0.15712445E-04  0.11193848E+01
   0.11013593E-01  0.10308900E+02  0.10592332E+00 -0.59434969E-01  0.16215819E+01  0.17291722E+01  0.16010838E+01  0.35170317E+01  0.24688049E+04  0.32645161E+01 -0.74577993E+00 -0.10409434E+01  0.47878173E+00 -0.12229645E+00  0.20628385E-02  0.80517292E-01  0.11310308E+00  0.93135564E-03  0.38872384E-02  0.49593676E-01 -0.12577712E-04  0.12291260E+01
   0.11776400E-01  0.11022900E+02  0.11114343E+00 -0.61604362E-01  0.17523333E+01  0.17506385E+01  0.15634333E+01  0.34336619E+01  0.24373020E+04  0.32562940E+01 -0.73625445E+00 -0.10250311E+01  0.44898841E+00 -0.12109095E+00  0.20698945E-02  0.78020141E-01  0.10939721E+00  0.13155008E-02  0.36586260E-02  0.48960838E-01 -0.91631964E-05  0.13489990E+01
   0.12592091E-01  0.11786401E+02  0.11678281E+00 -0.63852966E-01  0.18952547E+01  0.17741734E+01  0.15231277E+01  0.33444598E+01  0.24020852E+04  0.32439570E+01 -0.72557592E+00 -0.10072125E+01  0.41786590E+00 -0.11970586E+00  0.20748533E-02  0.75390518E-01  0.10551361E+00  0.16956310E-02  0.34412141E-02  0.48253402E-01 -0.54131056E-05  0.14801941E+01
   0.13463871E-01  0.12602400E+02  0.12287440E+00 -0.66170543E-01  0.20515666E+01  0.17999951E+01  0.14799964E+01  0.32490532E+01  0.23625942E+04  0.32265997E+01 -0.71358907E+00 -0.98725295E+00  0.38547516E+00 -0.11810824E+00  0.20769991E-02  0.72643422E-01  0.10147455E+00  0.20702148E-02  0.32338751E-02  0.47460102E-01 -0.12935565E-05  0.16238708E+01
   0.14395586E-01  0.13474501E+02  0.12945695E+00 -0.68544388E-01  0.22227082E+01  0.18283585E+01  0.14338248E+01  0.31469696E+01  0.23181875E+04  0.32031574E+01 -0.70011252E+00 -0.96489191E+00  0.35188279E+00 -0.11625393E+00  0.20753841E-02  0.69784187E-01  0.97291559E-01  0.24365098E-02  0.30353537E-02  0.46568055E-01  0.32203156E-05  0.17813416E+01
   0.15391722E-01  0.14406900E+02  0.13657503E+00 -0.70957996E-01  0.24103568E+01  0.18595581E+01  0.13843596E+01  0.30376439E+01  0.22681282E+04  0.31723003E+01 -0.68492383E+00 -0.93982613E+00  0.31716365E+00 -0.11409894E+00  0.20687978E-02  0.66805936E-01  0.92950530E-01  0.27921246E-02  0.28443150E-02  0.45562454E-01  0.81927728E-05  0.19542236E+01
   0.16456768E-01  0.15403801E+02  0.14427449E+00 -0.73388204E-01  0.26163244E+01  0.18939139E+01  0.13313445E+01  0.29205310E+01  0.22116675E+04  0.31324470E+01 -0.66778564E+00 -0.91175491E+00  0.28147060E+00 -0.11159985E+00  0.20559477E-02  0.63702054E-01  0.88444874E-01  0.31294252E-02  0.26595406E-02  0.44428263E-01  0.13707392E-04  0.21442261E+01
   0.17594889E-01  0.16469101E+02  0.15260090E+00 -0.75803816E-01  0.28425117E+01  0.19317623E+01  0.12745264E+01  0.27950668E+01  0.21479526E+04  0.30818017E+01 -0.64844424E+00 -0.88034111E+00  0.24500847E+00 -0.10869842E+00  0.20351806E-02  0.60462754E-01  0.83767265E-01  0.34413736E-02  0.24798594E-02  0.43148354E-01  0.19837607E-04  0.23531494E+01
   0.18811855E-01  0.17608200E+02  0.16161212E+00 -0.78167178E-01  0.30912991E+01  0.19735154E+01  0.12135762E+01  0.26605299E+01  0.20759902E+04  0.30181265E+01 -0.62657648E+00 -0.84519553E+00  0.20799780E+00 -0.10531467E+00  0.20040162E-02  0.57064641E-01  0.78879222E-01  0.37198060E-02  0.23038937E-02  0.41702762E-01  0.26662676E-04  0.25832520E+01
   0.20112474E-01  0.18825600E+02  0.17136087E+00 -0.80427416E-01  0.33650453E+01  0.20195701E+01  0.11482234E+01  0.25163586E+01  0.19948368E+04  0.29389393E+01 -0.60185850E+00 -0.80599308E+00  0.17078438E+00 -0.10137257E+00  0.19598242E-02  0.53497616E-01  0.73775165E-01  0.39491314E-02  0.21305101E-02  0.40072542E-01  0.34302324E-04  0.28367310E+01
   0.21503156E-01  0.20127300E+02  0.18191317E+00 -0.82522146E-01  0.36666415E+01  0.20704019E+01  0.10781014E+01  0.23617289E+01  0.19032673E+04  0.28414655E+01 -0.57392800E+00 -0.76228821E+00  0.13375017E+00 -0.96786290E-01  0.18996825E-02  0.49747162E-01  0.68442367E-01  0.41154786E-02  0.19583402E-02  0.38233083E-01  0.42897453E-04  0.31163940E+01
   0.22989348E-01  0.21518400E+02  0.19332774E+00 -0.84370144E-01  0.39989874E+01  0.21264582E+01  0.10029118E+01  0.21959991E+01  0.18000762E+04  0.27226458E+01 -0.54239923E+00 -0.71370679E+00  0.97421855E-01 -0.91454111E-01  0.18199002E-02  0.45790572E-01  0.62845297E-01  0.42072050E-02  0.17862131E-02  0.36160164E-01  0.52617601E-04  0.34249573E+01
   0.24578422E-01  0.23005800E+02  0.20567854E+00 -0.85870728E-01  0.43656058E+01  0.21882372E+01  0.92230189E+00  0.20184264E+01  0.16839561E+04  0.25789924E+01 -0.50684649E+00 -0.65988082E+00  0.62399294E-01 -0.85260086E-01  0.17162431E-02  0.41615397E-01  0.56970563E-01  0.42104982E-02  0.16128578E-02  0.33827528E-01  0.63648135E-04  0.37658081E+01
   0.26276790E-01  0.24595499E+02  0.21903108E+00 -0.86894497E-01  0.47700348E+01  0.22561469E+01  0.83597565E+00  0.18283833E+01  0.15535527E+04  0.24069397E+01 -0.46685281E+00 -0.60047948E+00  0.29456640E-01 -0.78091256E-01  0.15842827E-02  0.37234753E-01  0.50842233E-01  0.41109845E-02  0.14371567E-02  0.31207969E-01  0.76256489E-04  0.41423340E+01
   0.28092146E-01  0.26294701E+02  0.23345746E+00 -0.87277547E-01  0.52163024E+01  0.23305240E+01  0.74354869E+00  0.16250546E+01  0.14072894E+04  0.22028291E+01 -0.42195421E+00 -0.53516173E+00 -0.51164284E-03 -0.69830924E-01  0.14197872E-02  0.32667585E-01  0.44485472E-01  0.38950015E-02  0.12578904E-02  0.28269814E-01  0.90782385E-04  0.45584106E+01
   0.30033138E-01  0.28111500E+02  0.24903093E+00 -0.86806595E-01  0.57089620E+01  0.24115226E+01  0.64451617E+00  0.14074473E+01  0.12435946E+04  0.19632152E+01 -0.37168607E+00 -0.46358517E+00 -0.26437838E-01 -0.60358085E-01  0.12190306E-02  0.28042119E-01  0.38075041E-01  0.35643671E-02  0.10739251E-02  0.24981489E-01  0.10770811E-03  0.50184631E+01
   0.32108422E-01  0.30054001E+02  0.26581904E+00 -0.85195892E-01  0.62532063E+01  0.24988825E+01  0.53730851E+00  0.11722896E+01  0.10590046E+04  0.16831219E+01 -0.31511670E+00 -0.38477418E+00 -0.46929277E-01 -0.49525626E-01  0.97940769E-03  0.23814887E-01  0.32349985E-01  0.31954914E-02  0.88271446E-03  0.21273423E-01  0.12821160E-03  0.55276489E+01
   0.34326334E-01  0.32130001E+02  0.28388017E+00 -0.82038693E-01  0.68560014E+01  0.25917447E+01  0.41523996E+00  0.90195292E+00  0.82832983E+03  0.13402693E+01 -0.24699238E+00 -0.29245585E+00 -0.58781106E-01 -0.36371056E-01  0.68470370E-03  0.15465773E-01  0.20907830E-01  0.19759086E-02  0.66820846E-03  0.16639598E-01  0.14967808E-03  0.60929565E+01
   0.36694881E-01  0.34347000E+02  0.30264276E+00 -0.76849647E-01  0.75139446E+01  0.26839530E+01  0.33109078E+00  0.72285855E+00  0.71056873E+03  0.11477019E+01 -0.20642839E+00 -0.22977467E+00 -0.71629949E-01 -0.26296550E-01  0.44015329E-03  0.18996144E-01  0.25554013E-01  0.27477918E-02  0.54674578E-03  0.14273997E-01  0.19874873E-03  0.67119751E+01
   0.39230093E-01  0.36720001E+02  0.32505605E+00 -0.67435414E-01  0.83530693E+01  0.27817559E+01  0.35771273E-01  0.72701581E-01  0.63681480E+02  0.13390297E+00 -0.21904832E-01 -0.21282896E-01 -0.99462187E-02 -0.20352383E-02  0.29198873E-04  0.20451723E-02  0.27815066E-02  0.34869098E-03  0.49691611E-04  0.12792419E-02  0.25809853E-03  0.75092468E+01
   0.41938383E-01  0.39255001E+02  0.33529601E+00 -0.59066784E-01  0.89888668E+01  0.28164246E+01  0.21699330E-03  0.32912800E-03  0.17193688E+00  0.68243506E-03 -0.96994518E-04 -0.68651039E-04 -0.59486192E-04 -0.46115711E-05  0.69695353E-07  0.21888695E-05  0.29113612E-05  0.55557018E-06  0.17590945E-06  0.34538905E-05  0.25316133E-03  0.81126709E+01
   0.44835765E-01  0.41966999E+02  0.33568451E+00 -0.55850286E-01  0.92467909E+01  0.28191659E+01  0.11875568E-06  0.64344576E-07  0.19269224E-04  0.22483481E-06 -0.38866432E-07 -0.70161690E-08 -0.26019990E-07 -0.30801761E-09  0.21481900E-11  0.14468067E-10  0.17833271E-10  0.43545389E-11  0.33920110E-10  0.38708270E-09  0.20529394E-03  0.83425903E+01
   0.47931869E-01  0.44865002E+02  0.33590168E+00 -0.52836172E-01  0.94451370E+01  0.28213115E+01  0.13025791E-11  0.43247998E-12  0.14057791E-09  0.17299825E-11 -0.44889149E-12 -0.64320714E-13 -0.28171267E-12 -0.22553739E-14  0.21976102E-17  0.89412091E-19  0.70196699E-19  0.19933814E-19  0.25715836E-15  0.28239475E-14  0.17200498E-03  0.85112305E+01
   0.51239502E-01  0.47960999E+02  0.33608785E+00 -0.49872782E-01  0.96136932E+01  0.28231442E+01  0.57018917E-20  0.12009049E-20  0.45826793E-18  0.56446304E-20 -0.21246916E-20 -0.24996495E-21 -0.11741413E-20 -0.58847868E-23  0.38088697E-26  0.43490933E-32  0.29774897E-32  0.78580989E-33  0.86466689E-24  0.92057464E-23  0.15322998E-03  0.86482239E+01
   0.54777905E-01  0.51273003E+02  0.33625922E+00 -0.47028247E-01  0.97631359E+01  0.28248444E+01  0.19129484E-33  0.16532230E-34  0.10567151E-31  0.14258476E-33 -0.83227405E-34 -0.68514259E-35 -0.33778625E-34  0.18216880E-37 -0.32229865E-37  0.00000000E+00  0.00000000E+00  0.00000000E+00  0.00000000E+00  0.21227430E-36  0.13939524E-03  0.87640076E+01
   0.58556687E-01  0.54810001E+02  0.33642727E+00 -0.44269703E-01  0.98987103E+01  0.28264019E+01  0.20693465E-38  0.34750184E-38  0.44268131E-36  0.20842955E-38 -0.18637270E-39 -0.94810453E-40 -0.49878658E-39  0.00000000E+00 -0.35032462E-37  0.00000000E+00  0.00000000E+00  0.00000000E+00  0.00000000E+00  0.88926401E-41  0.12829981E-03  0.88637085E+01
   0.62601492E-01  0.58596001E+02  0.33657452E+00 -0.41681573E-01  0.10022270E+02  0.28276873E+01  0.10342077E-35  0.17585986E-35  0.19747848E-33  0.90128845E-36 -0.81562583E-37 -0.42598865E-37 -0.23553868E-36 -0.21019477E-38 -0.37835059E-37  0.00000000E+00  0.00000000E+00  0.00000000E+00  0.00000000E+00  0.39669737E-38  0.11892315E-03  0.89489746E+01
   0.66921927E-01  0.62640003E+02  0.33670571E+00 -0.39212547E-01  0.10135937E+02  0.28289421E+01  0.41269155E-33  0.69480799E-33  0.69724871E-31  0.31367135E-33 -0.28506203E-34 -0.14946353E-34 -0.88424611E-34 -0.84988747E-36 -0.56051939E-38  0.00000000E+00  0.00000000E+00  0.00000000E+00  0.00000000E+00  0.14006423E-35  0.11082635E-03  0.90217896E+01
   0.71540438E-01  0.66963005E+02  0.33681446E+00 -0.36948808E-01  0.10241239E+02  0.28299541E+01  0.17288447E-30  0.28767417E-30  0.25527269E-28  0.11490560E-30 -0.10307814E-31 -0.53486481E-32 -0.34201387E-31 -0.29068044E-33  0.72447131E-36  0.00000000E+00  0.00000000E+00  0.00000000E+00  0.00000000E+00  0.51279508E-33  0.10367887E-03  0.90834961E+01
   0.76476246E-01  0.71583000E+02  0.33690277E+00 -0.34840621E-01  0.10338345E+02  0.28308165E+01  0.54678078E-28  0.90061492E-28  0.71152172E-26  0.31788653E-28 -0.28395986E-29 -0.14794908E-29 -0.10048527E-28 -0.80963155E-31  0.19757888E-33  0.00000000E+00  0.00000000E+00  0.00000000E+00  0.00000000E+00  0.14293141E-30  0.97262091E-04  0.91340942E+01
   0.81755005E-01  0.76524002E+02  0.33698845E+00 -0.32871168E-01  0.10428973E+02  0.28316305E+01  0.15259753E-25  0.24864484E-25  0.17422102E-23  0.77882797E-26 -0.68655652E-27 -0.35425069E-27 -0.25769721E-26 -0.18983314E-28  0.43456457E-31  0.00000000E+00  0.00000000E+00  0.00000000E+00  0.40451747E-29  0.34997743E-28  0.91472582E-04  0.91750183E+01
   0.87395929E-01  0.81804001E+02  0.33704832E+00 -0.31059926E-01  0.10513040E+02  0.28322406E+01  0.31496488E-23  0.50728623E-23  0.31251506E-21  0.14110430E-23 -0.12144793E-24 -0.58177019E-25 -0.48129129E-24 -0.30930133E-26  0.63585758E-29  0.00000000E+00  0.00000000E+00  0.00000000E+00  0.78005709E-27  0.62778433E-26  0.86191438E-04  0.92060242E+01
   0.93427882E-01  0.87449997E+02  0.33708355E+00 -0.29400732E-01  0.10591560E+02  0.28327904E+01  0.40990851E-21  0.65382816E-21  0.35628585E-19  0.16104431E-21 -0.13675033E-22 -0.62691289E-23 -0.57049436E-22 -0.33369489E-24  0.63956132E-27  0.00000000E+00  0.00000000E+00  0.00000000E+00  0.94050130E-25  0.71571166E-24  0.81319478E-04  0.92278442E+01
   0.99873275E-01  0.93482994E+02  0.33711910E+00 -0.27840924E-01  0.10664452E+02  0.28332229E+01  0.33082820E-19  0.52316191E-19  0.25410482E-17  0.11471402E-19 -0.96304775E-21 -0.42701614E-21 -0.42122230E-20 -0.22065127E-22  0.38803667E-25 -0.31971653E-37 -0.57794913E-37 -0.31161192E-38  0.70648560E-23  0.51044908E-22  0.76858087E-04  0.92402344E+01
   0.10676739E+00  0.99936005E+02  0.33713710E+00 -0.26388451E-01  0.10733782E+02  0.28336234E+01  0.17708411E-17  0.27773770E-17  0.12018708E-15  0.54385404E-18 -0.44991287E-19 -0.17912523E-19 -0.20519426E-18 -0.91957059E-21  0.14260976E-23 -0.59788335E-34 -0.11312633E-33 -0.55788026E-35  0.35279326E-21  0.24143336E-20  0.72806550E-04  0.92448425E+01
   0.11413266E+00  0.10683000E+03  0.33714226E+00 -0.25018180E-01  0.10798391E+02  0.28338873E+01  0.62959575E-16  0.98080168E-16  0.38032224E-14  0.16887056E-16 -0.14064195E-17 -0.52429613E-18 -0.67665268E-17 -0.28242011E-19  0.41582950E-22 -0.54217849E-31 -0.10586460E-30 -0.48732440E-32  0.11641206E-19  0.76399629E-19  0.68978035E-04  0.92403564E+01
   0.12200752E+00  0.11420100E+03  0.33714446E+00 -0.23718348E-01  0.10858361E+02  0.28342226E+01  0.16140234E-14  0.24960543E-14  0.86835466E-13  0.38330671E-15 -0.31718886E-16 -0.10763530E-16 -0.15908527E-15 -0.69624712E-18  0.10926792E-20 -0.26752650E-28 -0.54538707E-28 -0.23136981E-29  0.27876992E-18  0.17443622E-17  0.65434273E-04  0.92264404E+01
   0.13042724E+00  0.12208199E+03  0.33713356E+00 -0.22491990E-01  0.10916076E+02  0.28344729E+01  0.31666727E-13  0.48705841E-13  0.15235585E-11  0.66453521E-14 -0.55367796E-15 -0.14654721E-15 -0.28759689E-14 -0.92508265E-17  0.10986826E-19 -0.73969099E-26 -0.15771889E-25 -0.60989733E-27  0.51131665E-17  0.30605441E-16  0.62174993E-04  0.92052002E+01
   0.13942389E+00  0.13050301E+03  0.33710462E+00 -0.21315154E-01  0.10969058E+02  0.28346305E+01  0.45567798E-12  0.69802172E-12  0.19741785E-10  0.83483195E-13 -0.71107323E-14 -0.14060016E-14 -0.38876830E-13 -0.83913423E-16  0.68509128E-19 -0.10524125E-23 -0.23081317E-23 -0.83366716E-25  0.68467658E-16  0.39657553E-15  0.59073678E-04  0.91738586E+01
   0.14904231E+00  0.13950601E+03  0.33707011E+00 -0.20186989E-01  0.11019279E+02  0.28347354E+01  0.45387301E-11  0.69127364E-11  0.17796273E-09  0.73596912E-12 -0.63308998E-13 -0.10763736E-13 -0.36283528E-12 -0.59226910E-15  0.36961953E-18 -0.73118160E-22 -0.16562688E-21 -0.55574797E-23  0.63817850E-15  0.35749386E-14  0.56164998E-04  0.91339417E+01
   0.15932739E+00  0.14913300E+03  0.33703694E+00 -0.19090375E-01  0.11066517E+02  0.28348229E+01  0.32338170E-10  0.48990475E-10  0.11578115E-08  0.46520478E-11 -0.40491723E-12 -0.71509063E-13 -0.24523677E-11 -0.41245376E-14  0.27501100E-17 -0.31917055E-20 -0.74440964E-20 -0.23070607E-21  0.42621499E-14  0.23258268E-13  0.53478307E-04  0.90848083E+01
   0.17031758E+00  0.15942000E+03  0.33701053E+00 -0.18018691E-01  0.11111613E+02  0.28349304E+01  0.20329143E-09  0.30729660E-09  0.66213315E-08  0.25806857E-10 -0.23161713E-11 -0.36093616E-12 -0.14529497E-10 -0.15705727E-13  0.74916971E-17 -0.11806844E-18 -0.28447550E-18 -0.81758621E-20  0.25112038E-13  0.13301017E-12  0.50942235E-04  0.90269470E+01
   0.18206738E+00  0.17041800E+03  0.33697575E+00 -0.16989520E-01  0.11153416E+02  0.28349366E+01  0.12214881E-08  0.18428635E-08  0.36208597E-07  0.13735364E-09 -0.12713118E-10 -0.90471489E-12 -0.81975121E-10 -0.63692690E-15  0.10136668E-16 -0.31009235E-17 -0.76892236E-17 -0.20991304E-18  0.14172258E-12  0.72736299E-12  0.48533791E-04  0.89586792E+01
   0.19462806E+00  0.18217500E+03  0.33692908E+00 -0.15979249E-01  0.11193938E+02  0.28349304E+01  0.54414211E-08  0.81725000E-08  0.14833614E-06  0.55666283E-09 -0.51470682E-10 -0.22208708E-12 -0.34212050E-09  0.12695320E-12  0.12470079E-15 -0.46054832E-16 -0.12000759E-15 -0.28923582E-17  0.59972822E-12  0.29797957E-11  0.46375539E-04  0.88815918E+01
   0.20805413E+00  0.19474200E+03  0.33688179E+00 -0.14988907E-01  0.11233381E+02  0.28348956E+01  0.19512569E-07  0.29219835E-07  0.49216715E-06  0.17148413E-08 -0.16883581E-09  0.46700612E-11 -0.12199293E-08  0.71069366E-12  0.99523131E-15 -0.52690304E-15 -0.13524714E-14 -0.32199405E-16  0.19886783E-11  0.98867182E-11  0.44221717E-04  0.87952881E+01
   0.22240643E+00  0.20817601E+03  0.33683288E+00 -0.13994229E-01  0.11267035E+02  0.28348708E+01  0.62166293E-07  0.92962935E-07  0.14598921E-05  0.50586895E-08 -0.50392085E-09  0.50847059E-10 -0.36454213E-08  0.53783137E-11  0.85634184E-14 -0.54282670E-14 -0.14578823E-13 -0.31457753E-15  0.60876621E-11  0.29326503E-10  0.42285141E-04  0.86945496E+01
   0.23774911E+00  0.22253700E+03  0.33677143E+00 -0.13020195E-01  0.11306433E+02  0.28347373E+01  0.21437633E-06  0.31926899E-06  0.45985203E-05  0.15350569E-07 -0.15892626E-08  0.33722250E-09 -0.11949664E-07  0.39254829E-10  0.88240132E-13 -0.57965907E-13 -0.16195381E-12 -0.30423316E-14  0.19626908E-10  0.92375677E-10  0.40490584E-04  0.85903015E+01
   0.25414947E+00  0.23788800E+03  0.33670369E+00 -0.12074196E-01  0.11334597E+02  0.28345399E+01  0.68256105E-06  0.10129257E-05  0.13432565E-04  0.40719556E-07 -0.45199151E-08  0.15478262E-08 -0.38334129E-07  0.18394125E-09  0.54963000E-12 -0.45214982E-12 -0.12204392E-11 -0.23282235E-13  0.56890832E-10  0.26983510E-09  0.38629434E-04  0.84649353E+01
   0.27168122E+00  0.25429800E+03  0.33662650E+00 -0.11129560E-01  0.11367577E+02  0.28342690E+01  0.16375345E-05  0.24197113E-05  0.30121651E-04  0.91249277E-07 -0.10024031E-07  0.43681512E-08 -0.86459544E-07  0.25055094E-09  0.11976523E-11 -0.21011346E-11 -0.59190665E-11 -0.10548177E-12  0.13144830E-09  0.60508765E-09  0.36901329E-04  0.83338013E+01
   0.29042128E+00  0.27183899E+03  0.33654559E+00 -0.10187213E-01  0.11394890E+02  0.28342810E+01  0.35887335E-05  0.53115277E-05  0.61674742E-04  0.18292533E-06 -0.19453031E-07  0.74417446E-08 -0.18114713E-06  0.44258336E-09  0.36979603E-11 -0.89418238E-11 -0.26129999E-10 -0.43755925E-12  0.27576291E-09  0.12389302E-08  0.35355279E-04  0.81856689E+01
   0.31045619E+00  0.29059201E+03  0.33649385E+00 -0.92449132E-02  0.11427162E+02  0.28340194E+01  0.74763570E-05  0.11119141E-04  0.12080762E-03  0.35387922E-06 -0.40760629E-07 -0.18895077E-08 -0.35503393E-06  0.25563966E-08  0.16357835E-10 -0.33847279E-10 -0.10513092E-09 -0.14554844E-11  0.55586458E-09  0.24267992E-08  0.33953402E-04  0.80303955E+01
   0.33188531E+00  0.31064999E+03  0.33650801E+00 -0.82989279E-02  0.11453326E+02  0.28335843E+01  0.15108745E-04  0.22330712E-04  0.22756885E-03  0.59481943E-06 -0.82996777E-07 -0.16850844E-07 -0.74068737E-06  0.60675363E-08  0.45165722E-10 -0.12403593E-09 -0.37352585E-09 -0.46872827E-11  0.10211056E-08  0.45714326E-08  0.32551932E-04  0.78559875E+01
   0.35476953E+00  0.33207001E+03  0.33648777E+00 -0.73543689E-02  0.11479559E+02  0.28332484E+01  0.27523389E-04  0.40726853E-04  0.38987593E-03  0.93952815E-06 -0.13527242E-06  0.32555512E-07 -0.13690052E-05  0.60586132E-08  0.88113336E-10 -0.35692202E-09 -0.10387510E-08 -0.13241063E-10  0.17345299E-08  0.78318783E-08  0.31131789E-04  0.76680603E+01
   0.37922424E+00  0.35496002E+03  0.33641765E+00 -0.63931309E-02  0.11501553E+02  0.28331857E+01  0.45783319E-04  0.67205277E-04  0.61402534E-03  0.14365557E-05 -0.18887629E-06  0.79179607E-07 -0.22490153E-05  0.12031319E-07  0.19374755E-09 -0.89485069E-09 -0.25928213E-08 -0.34076533E-10  0.27496065E-08  0.12334621E-07  0.29819086E-04  0.74611206E+01
   0.40537763E+00  0.37944000E+03  0.33638525E+00 -0.54179607E-02  0.11527405E+02  0.28327200E+01  0.74133866E-04  0.10947000E-03  0.94605889E-03  0.22204140E-05 -0.30001107E-06  0.12606415E-06 -0.34160416E-05  0.25765800E-07  0.43695475E-09 -0.21948392E-08 -0.69359314E-08 -0.71531177E-10  0.43724246E-08  0.19004554E-07  0.28671926E-04  0.72421875E+01
   0.43335795E+00  0.40563004E+03  0.33631077E+00 -0.44327080E-02  0.11549899E+02  0.28324866E+01  0.12493474E-03  0.18469854E-03  0.14985271E-02  0.31093380E-05 -0.51702017E-06  0.38499820E-06 -0.60002722E-05  0.42272315E-07  0.95836494E-09 -0.62800645E-08 -0.18728771E-07 -0.19519607E-09  0.67388681E-08  0.30102608E-07  0.27510720E-04  0.70028076E+01
   0.46326125E+00  0.43362000E+03  0.33623183E+00 -0.34399815E-02  0.11570508E+02  0.28320339E+01  0.19972456E-03  0.29521226E-03  0.22517517E-02  0.46705673E-05 -0.79491622E-06  0.62192237E-06 -0.89897303E-05  0.75979187E-07  0.20084230E-08 -0.13539474E-07 -0.43058673E-07 -0.39552239E-09  0.10454664E-07  0.45233481E-07  0.26428110E-04  0.67435608E+01
   0.49518377E+00  0.46349997E+03  0.33615333E+00 -0.24524885E-02  0.11593416E+02  0.28316882E+01  0.30603432E-03  0.45618028E-03  0.32533298E-02  0.61562978E-05 -0.11466561E-05  0.11411971E-05 -0.13970754E-04  0.10566484E-06  0.36839276E-08 -0.23503805E-07 -0.77711903E-07 -0.44429099E-09  0.14986297E-07  0.65353312E-07  0.25418540E-04  0.64676819E+01
   0.52934986E+00  0.49548001E+03  0.33605283E+00 -0.14452401E-02  0.11609958E+02  0.28313131E+01  0.41650303E-03  0.61356201E-03  0.42245327E-02  0.66632215E-05 -0.12914827E-05  0.19638594E-05 -0.21829248E-04  0.29983511E-06  0.61625864E-08 -0.29762866E-07 -0.87011038E-07 -0.48642551E-09  0.18073447E-07  0.84862968E-07  0.24356510E-04  0.61644592E+01
   0.56585562E+00  0.52965002E+03  0.33595926E+00 -0.38622011E-03  0.11627396E+02  0.28303425E+01  0.48612722E-03  0.71608083E-03  0.48532845E-02  0.76023111E-05 -0.18730352E-05  0.23472849E-05 -0.24642515E-04  0.32618692E-06  0.81894989E-08 -0.33435384E-07 -0.91281862E-07 -0.81402252E-09  0.20898975E-07  0.97493412E-07  0.23371764E-04  0.58403320E+01
   0.60489345E+00  0.56619000E+03  0.33584201E+00  0.72878570E-03  0.11645549E+02  0.28300073E+01  0.58826583E-03  0.86204713E-03  0.57037766E-02  0.88098177E-05 -0.19486638E-05  0.38770177E-05 -0.29608309E-04  0.39939997E-06  0.11580647E-07 -0.56082055E-07 -0.15799054E-06 -0.12051919E-08  0.24657083E-07  0.11457821E-06  0.22499746E-04  0.54931030E+01
   0.64662349E+00  0.60525000E+03  0.33566490E+00  0.18694479E-02  0.11663722E+02  0.28288949E+01  0.74317498E-03  0.10902461E-02  0.69302935E-02  0.10280683E-04 -0.22060149E-05  0.54659149E-05 -0.37303154E-04  0.66173845E-06  0.17777399E-07 -0.78769524E-07 -0.23315027E-06 -0.13258736E-08  0.30004831E-07  0.13921664E-06  0.21677784E-04  0.51208496E+01
   0.69120610E+00  0.64698004E+03  0.33551767E+00  0.30450672E-02  0.11681339E+02  0.28281763E+01  0.89144136E-03  0.13082844E-02  0.81134634E-02  0.11048830E-04 -0.25683328E-05  0.41113167E-05 -0.47317284E-04  0.83349778E-06  0.25091069E-07 -0.88255973E-07 -0.26198305E-06 -0.10133776E-08  0.34153523E-07  0.16298431E-06  0.20882240E-04  0.47212524E+01
   0.73889756E+00  0.69162000E+03  0.33548245E+00  0.43181577E-02  0.11697993E+02  0.28269372E+01  0.10409609E-02  0.15272311E-02  0.91493037E-02  0.11670084E-04 -0.27282085E-05  0.57114580E-05 -0.56683366E-04  0.12430079E-05  0.35480934E-07 -0.70215613E-07 -0.21242859E-06 -0.49615784E-09  0.37982232E-07  0.18379239E-06  0.20114478E-04  0.42916870E+01
   0.78985816E+00  0.73932001E+03  0.33528432E+00  0.55720634E-02  0.11714525E+02  0.28257382E+01  0.11000660E-02  0.16140774E-02  0.94236778E-02  0.11568989E-04 -0.29381602E-05  0.11057900E-04 -0.59326783E-04  0.15008641E-05  0.43671811E-07  0.37237012E-07  0.69314602E-07  0.15975878E-08  0.38914802E-07  0.18930407E-06  0.19388195E-04  0.38314209E+01
   0.84434450E+00  0.79032007E+03  0.33503661E+00  0.69327899E-02  0.11731315E+02  0.28240092E+01  0.96994819E-03  0.14198169E-02  0.84734438E-02  0.98228811E-05 -0.28234235E-05  0.11602454E-04 -0.55310855E-04  0.16027057E-05  0.45743541E-07  0.11992385E-06  0.27354079E-06  0.30630938E-08  0.33596738E-07  0.17021564E-06  0.18715657E-04  0.33384705E+01
   0.90258068E+00  0.84483002E+03  0.33474261E+00  0.84317615E-02  0.11748931E+02  0.28221297E+01  0.78774872E-03  0.11462831E-02  0.70675504E-02  0.76275592E-05 -0.22338224E-05  0.11293350E-04 -0.49013619E-04  0.17425256E-05  0.47809984E-07  0.11276183E-06  0.23057676E-06  0.31111476E-08  0.26520279E-07  0.14197387E-06  0.18110413E-04  0.28112793E+01
   0.96482319E+00  0.90309003E+03  0.33438662E+00  0.10093340E-01  0.11766435E+02  0.28191574E+01  0.63111371E-03  0.91020297E-03  0.57936846E-02  0.47467606E-05 -0.18633283E-05  0.13107772E-04 -0.50583007E-04  0.24642602E-05  0.52768140E-07  0.13111905E-06  0.22674689E-06  0.29888620E-08  0.18650818E-07  0.11638429E-06  0.17450166E-04  0.22466736E+01
   0.10313605E+01  0.96537006E+03  0.33392897E+00  0.11974888E-01  0.11777860E+02  0.28149500E+01  0.34205345E-03  0.48232375E-03  0.33686089E-02  0.25344075E-05 -0.81106538E-06  0.97347302E-05 -0.32061638E-04  0.19132601E-05  0.40957236E-07  0.74359484E-07  0.12850602E-06  0.11481905E-08  0.98099928E-08  0.67669056E-07  0.16726524E-04  0.16359863E+01
   0.11025131E+01  0.10319700E+04  0.33327198E+00  0.14240863E-01  0.11797830E+02  0.28094084E+01  0.84990992E-04  0.12072941E-03  0.98879111E-03  0.89907985E-06 -0.27320402E-06  0.26138191E-05 -0.75340499E-05  0.55764144E-06  0.17081440E-07  0.83162188E-08  0.15163714E-07  0.11770002E-09  0.29110090E-08  0.19862965E-07  0.16072698E-04  0.99090576E+00
   0.11785374E+01  0.11031300E+04  0.33236903E+00  0.17105503E-01  0.11825506E+02  0.27997599E+01  0.10844469E-04  0.15721034E-04  0.15326531E-03  0.14857407E-06 -0.48422308E-07  0.39349962E-06 -0.10219438E-05  0.10819333E-06  0.46107029E-08  0.23385605E-09  0.40361300E-09  0.40834593E-11  0.42892892E-09  0.30788136E-08  0.15383084E-04  0.30859375E+00
   0.12598501E+01  0.11792400E+04  0.33106974E+00  0.20853015E-01  0.11864201E+02  0.27814693E+01  0.34444500E-06  0.49370442E-06  0.61316559E-05  0.67123640E-08 -0.17699319E-08  0.16704320E-07 -0.34758504E-07  0.58644689E-08  0.34414493E-09  0.75003296E-12  0.12617827E-11  0.14208995E-13  0.16097089E-10  0.12317350E-09  0.14392805E-04 -0.41070557E+00
   0.13467396E+01  0.12605701E+04  0.32868430E+00  0.25898615E-01  0.11926963E+02  0.27420669E+01  0.66933342E-09  0.95082431E-09  0.16169796E-07  0.23621858E-10 -0.45614636E-11  0.43061242E-10 -0.63031309E-10  0.18981065E-10  0.17618935E-11  0.31038798E-16  0.52743474E-16  0.64626887E-18  0.41808337E-13  0.32482095E-12  0.12848902E-04 -0.11545410E+01
   0.14396226E+01  0.13475100E+04  0.32392278E+00  0.32616362E-01  0.12062270E+02  0.26446674E+01  0.63592942E-14  0.90214311E-14  0.22604331E-12  0.45696231E-15 -0.63321913E-16  0.56627594E-15 -0.50617752E-15  0.34199670E-15  0.55545734E-16  0.37053679E-24  0.61817872E-24  0.98537640E-26  0.56668433E-18  0.45407873E-17  0.10252052E-04 -0.18719788E+01
   0.15389159E+01  0.14404501E+04  0.31323236E+00  0.40925477E-01  0.12358778E+02  0.23522973E+01  0.72313201E-16  0.23817468E-16  0.23600635E-14  0.79593444E-17 -0.48251046E-17  0.13531905E-16 -0.16851193E-17  0.88710323E-17  0.59246656E-18 -0.48463358E-26 -0.43634516E-26 -0.55016842E-27  0.38300163E-20  0.47409266E-19  0.36668778E-05 -0.24545898E+01
   0.16450359E+01  0.15397800E+04  0.26746964E+00  0.38820021E-01  0.12932811E+02  0.11243035E+01  0.84479274E-09  0.97338981E-09  0.82030091E-07  0.31028943E-09 -0.91020344E-10  0.14958187E-09  0.58691732E-10  0.64461290E-10  0.47441107E-09 -0.49196525E-14 -0.13723843E-13 -0.58988714E-15  0.15792431E-12  0.16478312E-11  0.53789108E-05 -0.26609497E+01
   0.17584953E+01  0.16459800E+04  0.20796165E+00 -0.16053002E-02  0.15340245E+02  0.47723538E+00  0.17866446E-03  0.77253714E-03  0.21844845E-01  0.89122666E-04 -0.96842805E-05  0.98219916E-05  0.69685839E-05  0.22976969E-05  0.60853962E-03 -0.10423246E-06 -0.46763705E-06 -0.12239781E-07  0.10569464E-06  0.43882210E-06  0.10906017E-04 -0.12034607E+01
   0.18797753E+01  0.17595000E+04  0.20817173E+00 -0.12143507E-02  0.16425613E+02  0.36155874E+00  0.31510707E-01  0.62006477E-01  0.51070917E-01  0.92954859E-02 -0.17483924E-04 -0.72511574E-06 -0.12643346E-05  0.63315588E-05  0.57198938E-01 -0.20619718E-05 -0.44071521E-02 -0.68068280E-05  0.73377114E-05  0.10259192E-05  0.77329341E-05 -0.12332153E+01
   0.20094526E+01  0.18808799E+04  0.20841382E+00 -0.81170601E-03  0.17537558E+02  0.30013162E+00  0.57266966E-01  0.95491096E-01  0.71461089E-01  0.16173648E-01 -0.19223058E-04 -0.12291898E-05 -0.20131706E-05  0.49342316E-05  0.88850141E-01 -0.29198700E-05 -0.55416822E-02 -0.10202703E-04  0.11513810E-04  0.14355197E-05  0.45401198E-05 -0.13244324E+01
   0.21480398E+01  0.20106000E+04  0.20865123E+00 -0.42430995E-03  0.18674276E+02  0.27975672E+00  0.84500037E-01  0.12431077E+00  0.84965490E-01  0.23000149E-01 -0.22083277E-04 -0.14849459E-05 -0.24167869E-05  0.17759625E-05  0.11655289E+00 -0.42510901E-05 -0.74316585E-02 -0.16152950E-04  0.15221458E-04  0.17067979E-05  0.36243753E-05 -0.14814758E+01
   0.22961783E+01  0.21492600E+04  0.20886897E+00 -0.68267531E-04  0.19855083E+02  0.27780712E+00  0.11838282E+00  0.14911415E+00  0.92680201E-01  0.31430893E-01 -0.22823277E-04 -0.15150806E-05 -0.25583306E-05  0.20713863E-06  0.14066440E+00 -0.60493076E-05 -0.92597762E-02 -0.26072134E-04  0.18856421E-04  0.18617719E-05  0.30732378E-05 -0.16871338E+01
   0.24545410E+01  0.22974900E+04  0.20904507E+00  0.24296860E-03  0.21091385E+02  0.27757198E+00  0.15817532E+00  0.16864380E+00  0.95224947E-01  0.41295812E-01 -0.12232740E-04 -0.13918451E-05 -0.24016106E-05  0.29721166E-07  0.15982588E+00 -0.72567846E-05 -0.10155176E-01 -0.35986308E-04  0.22291058E-04  0.19128911E-05  0.26393673E-05 -0.19332886E+01
   0.26238332E+01  0.24559500E+04  0.20919260E+00  0.48812066E-03  0.22396646E+02  0.27753597E+00  0.19811372E+00  0.18261647E+00  0.94376765E-01  0.51196907E-01 -0.56954678E-06 -0.12763023E-05 -0.18611981E-05  0.59285687E-08  0.17368822E+00 -0.68873424E-05 -0.93718302E-02 -0.39003411E-04  0.25260966E-04  0.18958527E-05  0.22204633E-05 -0.22128601E+01
   0.28047915E+01  0.26253298E+04  0.20932916E+00  0.65160956E-03  0.23781015E+02  0.27752069E+00  0.23086584E+00  0.19156453E+00  0.92421077E-01  0.59270062E-01 -0.24023691E-04 -0.95971473E-06 -0.10404730E-05 -0.21913987E-07  0.18264519E+00 -0.48554493E-05 -0.67146220E-02 -0.30318415E-04  0.27472915E-04  0.18565667E-05  0.16080202E-05 -0.25225220E+01
   0.29982495E+01  0.28064099E+04  0.20941530E+00  0.72651671E-03  0.25253273E+02  0.27776662E+00  0.24955033E+00  0.19605203E+00  0.90941571E-01  0.63778244E-01 -0.68328035E-06 -0.38567552E-06 -0.33640430E-06 -0.10045172E-06  0.18715556E+00 -0.17620614E-05 -0.25129279E-02 -0.11550721E-04  0.28658485E-04  0.18268461E-05  0.59298907E-06 -0.28613586E+01
   0.32050409E+01  0.29999700E+04  0.20941530E+00  0.72651671E-03  0.26821138E+02  0.27849951E+00  0.24955033E+00  0.19605201E+00  0.90941563E-01  0.63778244E-01  0.38849536E-01  0.00000000E+00  0.00000000E+00 -0.18310609E-04  0.18715554E+00 -0.17664056E-05 -0.25129300E-02 -0.11573032E-04  0.28621766E-04  0.18268460E-05  0.59298907E-06 -0.32294922E+01
