   0.31200537E+00  0.18437436E-01  0.00000000E+00  0.00000000E+00  0.00000000E+00  0.00000000E+00  0.00000000E+00  0.00000000E+00  0.00000000E+00
   0.50197850E-03  0.36643059E+01  0.49802925E+04  0.19988763E+01 -0.66923807E-04  0.12646494E+02  0.25835916E-01 -0.20707648E-01  0.33110440E-01  0.00000000E+00
   0.53992658E-03  0.37170942E+01  0.48748384E+04  0.19988763E+01  0.44799987E-01  0.12646494E+02  0.26164696E-01 -0.20971168E-01  0.33531792E-01  0.00000000E+00
   0.58047078E-03  0.37685318E+01  0.47762124E+04  0.19985050E+01  0.49499210E-01  0.12032868E+02  0.26508491E-01 -0.21246200E-01  0.33972066E-01  0.00000000E+00
   0.62380335E-03  0.38185174E+01  0.46833428E+04  0.19977080E+01  0.48794776E-01  0.11875173E+02  0.26877591E-01 -0.21540882E-01  0.34444369E-01  0.00000000E+00
   0.67014870E-03  0.38670356E+01  0.45930273E+04  0.19968867E+01  0.41699655E-01  0.11765555E+02  0.27275626E-01 -0.21857990E-01  0.34953274E-01  0.00000000E+00
   0.71969919E-03  0.39137430E+01  0.45030322E+04  0.19963562E+01  0.32305729E-01  0.11751329E+02  0.27695388E-01 -0.22191653E-01  0.35489492E-01  0.00000000E+00
   0.77264692E-03  0.39582610E+01  0.44131650E+04  0.19961149E+01  0.23868881E-01  0.11784568E+02  0.28132344E-01 -0.22538137E-01  0.36047142E-01  0.00000000E+00
   0.82924851E-03  0.40005088E+01  0.43236196E+04  0.19961185E+01  0.17044907E-01  0.11824050E+02  0.28587271E-01 -0.22897931E-01  0.36627140E-01  0.00000000E+00
   0.88976033E-03  0.40404053E+01  0.42346333E+04  0.19963241E+01  0.11715939E-01  0.11861392E+02  0.29061001E-01 -0.23271557E-01  0.37230458E-01  0.00000000E+00
   0.95443864E-03  0.40778670E+01  0.41464702E+04  0.19966824E+01  0.78223348E-02  0.11896830E+02  0.29554304E-01 -0.23659458E-01  0.37857983E-01  0.00000000E+00
   0.10235722E-02  0.41128335E+01  0.40593682E+04  0.19971429E+01  0.52911192E-02  0.11929743E+02  0.30068150E-01 -0.24062231E-01  0.38510837E-01  0.00000000E+00
   0.10974811E-02  0.41452570E+01  0.39735491E+04  0.19976503E+01  0.40305657E-02  0.11959594E+02  0.30603677E-01 -0.24480570E-01  0.39190348E-01  0.00000000E+00
   0.11764861E-02  0.41750889E+01  0.38892549E+04  0.19981470E+01  0.39506564E-02  0.11985899E+02  0.31161984E-01 -0.24915125E-01  0.39897777E-01  0.00000000E+00
   0.12609398E-02  0.42022920E+01  0.38067083E+04  0.19985726E+01  0.49519576E-02  0.12008089E+02  0.31744357E-01 -0.25366655E-01  0.40634610E-01  0.14012985E-44
   0.13512267E-02  0.42268405E+01  0.37261162E+04  0.19988656E+01  0.69322549E-02  0.12025583E+02  0.32352272E-01 -0.25836032E-01  0.41402537E-01  0.14012985E-44
   0.14477315E-02  0.42487059E+01  0.36476975E+04  0.19989625E+01  0.97804787E-02  0.12037734E+02  0.32987177E-01 -0.26324078E-01  0.42203210E-01  0.14012985E-44
   0.15509028E-02  0.42678757E+01  0.35716289E+04  0.19987985E+01  0.13377884E-01  0.12043965E+02  0.33650935E-01 -0.26831886E-01  0.43038767E-01  0.14012985E-44
   0.16611572E-02  0.42843308E+01  0.34981177E+04  0.19983088E+01  0.17606564E-01  0.12043775E+02  0.34345206E-01 -0.27360346E-01  0.43911066E-01  0.14012985E-44
   0.17790399E-02  0.42980685E+01  0.34272891E+04  0.19974272E+01  0.22353780E-01  0.12036612E+02  0.35072472E-01 -0.27910922E-01  0.44822961E-01  0.14012985E-44
   0.19050633E-02  0.43090782E+01  0.33593018E+04  0.19960884E+01  0.27504969E-01  0.12021909E+02  0.35835028E-01 -0.28484862E-01  0.45777030E-01  0.14012985E-44
   0.20397725E-02  0.43173494E+01  0.32942939E+04  0.19942276E+01  0.32943569E-01  0.11999140E+02  0.36635421E-01 -0.29083541E-01  0.46776131E-01  0.14012985E-44
   0.21837766E-02  0.43228736E+01  0.32323708E+04  0.19917808E+01  0.38559172E-01  0.11967813E+02  0.37476640E-01 -0.29708575E-01  0.47823615E-01  0.14012985E-44
   0.23376842E-02  0.43256388E+01  0.31736338E+04  0.19886855E+01  0.44243466E-01  0.11927505E+02  0.38361769E-01 -0.30361557E-01  0.48922893E-01  0.14012985E-44
   0.25022326E-02  0.43256307E+01  0.31181257E+04  0.19848781E+01  0.49904589E-01  0.11877763E+02  0.39294738E-01 -0.31044587E-01  0.50078366E-01  0.14012985E-44
   0.26781270E-02  0.43228297E+01  0.30658999E+04  0.19802986E+01  0.55450786E-01  0.11818116E+02  0.40279422E-01 -0.31759590E-01  0.51294282E-01  0.14012985E-44
   0.28661366E-02  0.43172135E+01  0.30169736E+04  0.19748881E+01  0.60793325E-01  0.11748182E+02  0.41320223E-01 -0.32508735E-01  0.52575458E-01  0.14012985E-44
   0.30671267E-02  0.43087497E+01  0.29713254E+04  0.19685879E+01  0.65863095E-01  0.11667611E+02  0.42422295E-01 -0.33294540E-01  0.53927522E-01  0.14012985E-44
   0.32819947E-02  0.42974000E+01  0.29289097E+04  0.19613409E+01  0.70598394E-01  0.11575995E+02  0.43591183E-01 -0.34119599E-01  0.55356465E-01  0.14012985E-44
   0.35117983E-02  0.42831120E+01  0.28896338E+04  0.19530872E+01  0.74943751E-01  0.11472928E+02  0.44833586E-01 -0.34987073E-01  0.56869552E-01  0.14012985E-44
   0.37573071E-02  0.42658510E+01  0.28534265E+04  0.19437810E+01  0.78851186E-01  0.11358205E+02  0.46154954E-01 -0.35898987E-01  0.58472361E-01  0.14012985E-44
   0.40194821E-02  0.42455740E+01  0.28201472E+04  0.19333735E+01  0.82289770E-01  0.11231552E+02  0.47562156E-01 -0.36858059E-01  0.60172047E-01  0.14012985E-44
   0.43002465E-02  0.42221556E+01  0.27895217E+04  0.19217792E+01  0.85245721E-01  0.11092285E+02  0.49067628E-01 -0.37870374E-01  0.61982233E-01  0.14012985E-44
   0.45999209E-02  0.41956048E+01  0.27614316E+04  0.19089805E+01  0.87695353E-01  0.10940511E+02  0.50675690E-01 -0.38936101E-01  0.63906536E-01  0.14012985E-44
   0.49207490E-02  0.41657672E+01  0.27355361E+04  0.18948821E+01  0.89643285E-01  0.10775478E+02  0.52401483E-01 -0.40062144E-01  0.65961286E-01  0.14012985E-44
   0.52633709E-02  0.41326346E+01  0.27116111E+04  0.18794597E+01  0.91087475E-01  0.10597252E+02  0.54252140E-01 -0.41249502E-01  0.68152890E-01  0.14012985E-44
   0.56297109E-02  0.40960879E+01  0.26893037E+04  0.18626345E+01  0.92041530E-01  0.10405319E+02  0.56242384E-01 -0.42503439E-01  0.70496440E-01  0.14012985E-44
   0.60210503E-02  0.40560703E+01  0.26682810E+04  0.18443598E+01  0.92520125E-01  0.10199569E+02  0.58384158E-01 -0.43826681E-01  0.73003344E-01  0.14012985E-44
   0.64396327E-02  0.40124335E+01  0.26481396E+04  0.18245449E+01  0.92547245E-01  0.99794693E+01  0.60695488E-01 -0.45224760E-01  0.75691618E-01  0.14012985E-44
   0.68873814E-02  0.39650626E+01  0.26284844E+04  0.18031155E+01  0.92151992E-01  0.97447252E+01  0.63193612E-01 -0.46701547E-01  0.78577779E-01  0.14012985E-44
   0.73655779E-02  0.39139092E+01  0.26089287E+04  0.17800298E+01  0.91366589E-01  0.94954596E+01  0.65893173E-01 -0.48258211E-01  0.81674755E-01  0.14012985E-44
   0.78767873E-02  0.38587880E+01  0.25890291E+04  0.17551842E+01  0.90224929E-01  0.92312250E+01  0.68817027E-01 -0.49899343E-01  0.85004278E-01  0.14012985E-44
   0.84235733E-02  0.37995119E+01  0.25683477E+04  0.17284764E+01  0.88764414E-01  0.89517012E+01  0.71989402E-01 -0.51628433E-01  0.88588767E-01  0.14012985E-44
   0.90078581E-02  0.37359474E+01  0.25464524E+04  0.16998328E+01  0.87027617E-01  0.86569729E+01  0.75432263E-01 -0.53445857E-01  0.92447206E-01  0.14012985E-44
   0.96322056E-02  0.36678751E+01  0.25228835E+04  0.16691464E+01  0.85051447E-01  0.83469124E+01  0.79172648E-01 -0.55352498E-01  0.96603349E-01  0.14012985E-44
   0.10299822E-01  0.35949976E+01  0.24971624E+04  0.16362743E+01  0.82869522E-01  0.80212002E+01  0.83243258E-01 -0.57349525E-01  0.10108614E+00  0.14012985E-44
   0.11013593E-01  0.35170317E+01  0.24688049E+04  0.16010838E+01  0.80517292E-01  0.76798053E+01  0.87676868E-01 -0.59434969E-01  0.10592332E+00  0.14012985E-44
   0.11776400E-01  0.34336619E+01  0.24373020E+04  0.15634333E+01  0.78020141E-01  0.73228207E+01  0.92508182E-01 -0.61604362E-01  0.11114343E+00  0.14012985E-44
   0.12592091E-01  0.33444598E+01  0.24020852E+04  0.15231277E+01  0.75390518E-01  0.69501033E+01  0.97780481E-01 -0.63852966E-01  0.11678281E+00  0.14012985E-44
   0.13463871E-01  0.32490532E+01  0.23625942E+04  0.14799964E+01  0.72643422E-01  0.65620456E+01  0.10353539E+00 -0.66170543E-01  0.12287440E+00  0.14012985E-44
   0.14395586E-01  0.31469696E+01  0.23181875E+04  0.14338248E+01  0.69784187E-01  0.61589704E+01  0.10982154E+00 -0.68544388E-01  0.12945695E+00  0.14012985E-44
   0.15391722E-01  0.30376439E+01  0.22681282E+04  0.13843596E+01  0.66805936E-01  0.57412944E+01  0.11669490E+00 -0.70957996E-01  0.13657503E+00  0.14012985E-44
   0.16456768E-01  0.29205310E+01  0.22116675E+04  0.13313445E+01  0.63702054E-01  0.53098998E+01  0.12421473E+00 -0.73388204E-01  0.14427449E+00  0.00000000E+00
   0.17594889E-01  0.27950668E+01  0.21479526E+04  0.12745264E+01  0.60462754E-01  0.48662324E+01  0.13244174E+00 -0.75803816E-01  0.15260090E+00  0.00000000E+00
   0.18811855E-01  0.26605299E+01  0.20759902E+04  0.12135762E+01  0.57064641E-01  0.44117923E+01  0.14145094E+00 -0.78167178E-01  0.16161212E+00  0.00000000E+00
   0.20112474E-01  0.25163586E+01  0.19948368E+04  0.11482234E+01  0.53497616E-01  0.39492543E+01  0.15131417E+00 -0.80427416E-01  0.17136087E+00  0.00000000E+00
   0.21503156E-01  0.23617289E+01  0.19032673E+04  0.10781014E+01  0.49747162E-01  0.34814234E+01  0.16211878E+00 -0.82522146E-01  0.18191317E+00  0.00000000E+00
   0.22989348E-01  0.21959991E+01  0.18000762E+04  0.10029118E+01  0.45790572E-01  0.30125301E+01  0.17394623E+00 -0.84370144E-01  0.19332774E+00  0.00000000E+00
   0.24578422E-01  0.20184264E+01  0.16839561E+04  0.92230189E+00  0.41615397E-01  0.25474892E+01  0.18689537E+00 -0.85870728E-01  0.20567854E+00  0.00000000E+00
   0.26276790E-01  0.18283833E+01  0.15535527E+04  0.83597565E+00  0.37234753E-01  0.20926814E+01  0.20105711E+00 -0.86894497E-01  0.21903108E+00  0.00000000E+00
   0.28092146E-01  0.16250546E+01  0.14072894E+04  0.74354869E+00  0.32667585E-01  0.16552831E+01  0.21652949E+00 -0.87277547E-01  0.23345746E+00  0.00000000E+00
   0.30033138E-01  0.14074473E+01  0.12435946E+04  0.64451617E+00  0.28042119E-01  0.12435116E+01  0.23341170E+00 -0.86806595E-01  0.24903093E+00  0.00000000E+00
   0.32108422E-01  0.11722896E+01  0.10590046E+04  0.53730851E+00  0.23814887E-01  0.86354101E+00  0.25179639E+00 -0.85195892E-01  0.26581904E+00  0.00000000E+00
   0.34326334E-01  0.90195292E+00  0.82832983E+03  0.41523996E+00  0.15465773E-01  0.51620179E+00  0.27176756E+00 -0.82038693E-01  0.28388017E+00  0.00000000E+00
   0.36694881E-01  0.72285855E+00  0.71056873E+03  0.33109078E+00  0.18996144E-01  0.32676128E+00  0.29272303E+00 -0.76849647E-01  0.30264276E+00  0.00000000E+00
   0.39230093E-01  0.72701581E-01  0.63681480E+02  0.35771273E-01  0.20451723E-02  0.35905575E-02  0.31798410E+00 -0.67435414E-01  0.32505605E+00  0.00000000E+00
   0.41938383E-01  0.32912800E-03  0.17193688E+00  0.21699330E-03  0.21888695E-05  0.38185921E-08  0.33005232E+00 -0.59066784E-01  0.33529601E+00  0.00000000E+00
   0.44835765E-01  0.64344576E-07  0.19269224E-04  0.11875568E-06  0.14468067E-10 -0.11061220E-12  0.33100578E+00 -0.55850286E-01  0.33568451E+00  0.00000000E+00
   0.47931869E-01  0.43247998E-12  0.14057791E-09  0.13025791E-11  0.89412091E-19 -0.71496365E-23  0.33172017E+00 -0.52836172E-01  0.33590168E+00  0.00000000E+00
   0.51239502E-01  0.12009049E-20  0.45826793E-18  0.57018917E-20  0.43490933E-32  0.00000000E+00  0.33236688E+00 -0.49872782E-01  0.33608785E+00  0.00000000E+00
   0.54777905E-01  0.16532230E-34  0.10567151E-31  0.19129484E-33  0.00000000E+00  0.00000000E+00  0.33295435E+00 -0.47028247E-01  0.33625922E+00  0.00000000E+00
   0.58556687E-01  0.34750184E-38  0.44268131E-36  0.20693465E-38  0.00000000E+00  0.00000000E+00  0.33350188E+00 -0.44269703E-01  0.33642727E+00  0.00000000E+00
   0.62601492E-01  0.17585986E-35  0.19747848E-33  0.10342077E-35  0.00000000E+00  0.00000000E+00  0.33398363E+00 -0.41681573E-01  0.33657452E+00  0.00000000E+00
   0.66921927E-01  0.69480799E-33  0.69724871E-31  0.41269155E-33  0.00000000E+00  0.00000000E+00  0.33441457E+00 -0.39212547E-01  0.33670571E+00  0.00000000E+00
   0.71540438E-01  0.28767417E-30  0.25527269E-28  0.17288447E-30  0.00000000E+00  0.00000000E+00  0.33478168E+00 -0.36948808E-01  0.33681446E+00  0.00000000E+00
   0.76476246E-01  0.90061492E-28  0.71152172E-26  0.54678078E-28  0.00000000E+00  0.00000000E+00  0.33509642E+00 -0.34840621E-01  0.33690277E+00  0.00000000E+00
   0.81755005E-01  0.24864484E-25  0.17422102E-23  0.15259753E-25  0.00000000E+00  0.00000000E+00  0.33538142E+00 -0.32871168E-01  0.33698845E+00  0.00000000E+00
   0.87395929E-01  0.50728623E-23  0.31251506E-21  0.31496488E-23  0.00000000E+00  0.00000000E+00  0.33561414E+00 -0.31059926E-01  0.33704832E+00  0.00000000E+00
   0.93427882E-01  0.65382816E-21  0.35628585E-19  0.40990851E-21  0.00000000E+00  0.00000000E+00  0.33579892E+00 -0.29400732E-01  0.33708355E+00  0.00000000E+00
   0.99873275E-01  0.52316191E-19  0.25410482E-17  0.33082820E-19 -0.31971653E-37  0.00000000E+00  0.33596751E+00 -0.27840924E-01  0.33711910E+00  0.00000000E+00
   0.10676739E+00  0.27773770E-17  0.12018708E-15  0.17708411E-17 -0.59788335E-34  0.94100138E-35  0.33610278E+00 -0.26388451E-01  0.33713710E+00  0.00000000E+00
   0.11413266E+00  0.98080168E-16  0.38032224E-14  0.62959575E-16 -0.54217849E-31  0.11891723E-31  0.33621272E+00 -0.25018180E-01  0.33714226E+00  0.00000000E+00
   0.12200752E+00  0.24960543E-14  0.86835466E-13  0.16140234E-14 -0.26752650E-28  0.78152146E-29  0.33630913E+00 -0.23718348E-01  0.33714446E+00  0.00000000E+00
   0.13042724E+00  0.48705841E-13  0.15235585E-11  0.31666727E-13 -0.73969099E-26  0.30083449E-26  0.33638245E+00 -0.22491990E-01  0.33713356E+00  0.00000000E+00
   0.13942389E+00  0.69802172E-12  0.19741785E-10  0.45567798E-12 -0.10524125E-23  0.62292727E-24  0.33643007E+00 -0.21315154E-01  0.33710462E+00  0.00000000E+00
   0.14904231E+00  0.69127364E-11  0.17796273E-09  0.45387301E-11 -0.73118160E-22  0.61800209E-22  0.33646506E+00 -0.20186989E-01  0.33707011E+00  0.00000000E+00
   0.15932739E+00  0.48990475E-10  0.11578115E-08  0.32338170E-10 -0.31917055E-20  0.31372719E-20  0.33649585E+00 -0.19090375E-01  0.33703694E+00  0.00000000E+00
   0.17031758E+00  0.30729660E-09  0.66213315E-08  0.20329143E-09 -0.11806844E-18  0.12398221E-18  0.33652848E+00 -0.18018691E-01  0.33701053E+00  0.00000000E+00
   0.18206738E+00  0.18428635E-08  0.36208597E-07  0.12214881E-08 -0.31009235E-17  0.44760997E-17  0.33654720E+00 -0.16989520E-01  0.33697575E+00  0.00000000E+00
   0.19462806E+00  0.81725000E-08  0.14833614E-06  0.54414211E-08 -0.46054832E-16  0.88827181E-16  0.33654994E+00 -0.15979249E-01  0.33692908E+00  0.00000000E+00
   0.20805413E+00  0.29219835E-07  0.49216715E-06  0.19512569E-07 -0.52690304E-15  0.11422209E-14  0.33654818E+00 -0.14988907E-01  0.33688179E+00  0.00000000E+00
   0.22240643E+00  0.92962935E-07  0.14598921E-05  0.62166293E-07 -0.54282670E-14  0.11593937E-13  0.33654204E+00 -0.13994229E-01  0.33683288E+00  0.00000000E+00
   0.23774911E+00  0.31926899E-06  0.45985203E-05  0.21437633E-06 -0.57965907E-13  0.13787140E-12  0.33651963E+00 -0.13020195E-01  0.33677143E+00  0.00000000E+00
   0.25414947E+00  0.10129257E-05  0.13432565E-04  0.68256105E-06 -0.45214982E-12  0.13976651E-11  0.33648711E+00 -0.12074196E-01  0.33670369E+00  0.00000000E+00
   0.27168122E+00  0.24197113E-05  0.30121651E-04  0.16375345E-05 -0.21011346E-11  0.80445216E-11  0.33644247E+00 -0.11129560E-01  0.33662650E+00  0.00000000E+00
   0.29042128E+00  0.53115277E-05  0.61674742E-04  0.35887335E-05 -0.89418238E-11  0.38636719E-10  0.33639136E+00 -0.10187213E-01  0.33654559E+00  0.00000000E+00
   0.31045619E+00  0.11119141E-04  0.12080762E-03  0.74763570E-05 -0.33847279E-10  0.16768542E-09  0.33636683E+00 -0.92449132E-02  0.33649385E+00  0.00000000E+00
   0.33188531E+00  0.22330712E-04  0.22756885E-03  0.15108745E-04 -0.12403593E-09  0.68480877E-09  0.33640566E+00 -0.82989279E-02  0.33650801E+00  0.00000000E+00
   0.35476953E+00  0.40726853E-04  0.38987593E-03  0.27523389E-04 -0.35692202E-09  0.22725508E-08  0.33640739E+00 -0.73543689E-02  0.33648777E+00  0.00000000E+00
   0.37922424E+00  0.67205277E-04  0.61402534E-03  0.45783319E-04 -0.89485069E-09  0.62881069E-08  0.33635691E+00 -0.63931309E-02  0.33641765E+00  0.00000000E+00
   0.40537763E+00  0.10947000E-03  0.94605889E-03  0.74133866E-04 -0.21948392E-08  0.16486471E-07  0.33634162E+00 -0.54179607E-02  0.33638525E+00  0.00000000E+00
   0.43335795E+00  0.18469854E-03  0.14985271E-02  0.12493474E-03 -0.62800645E-08  0.46822066E-07  0.33628157E+00 -0.44327080E-02  0.33631077E+00  0.00000000E+00
   0.46326125E+00  0.29521226E-03  0.22517517E-02  0.19972456E-03 -0.13539474E-07  0.11965878E-06  0.33621424E+00 -0.34399815E-02  0.33623183E+00  0.14012985E-44
   0.49518377E+00  0.45618028E-03  0.32533298E-02  0.30603432E-03 -0.23503805E-07  0.28095172E-06  0.33614439E+00 -0.24524885E-02  0.33615333E+00  0.14012985E-44
   0.52934986E+00  0.61356201E-03  0.42245327E-02  0.41650303E-03 -0.29762866E-07  0.52040622E-06  0.33604974E+00 -0.14452401E-02  0.33605283E+00  0.14012985E-44
   0.56585562E+00  0.71608083E-03  0.48532845E-02  0.48612722E-03 -0.33435384E-07  0.70892878E-06  0.33595905E+00 -0.38622011E-03  0.33595926E+00  0.14012985E-44
   0.60489345E+00  0.86204713E-03  0.57037766E-02  0.58826583E-03 -0.56082055E-07  0.10381045E-05  0.33584121E+00  0.72878570E-03  0.33584201E+00  0.28025969E-44
   0.64662349E+00  0.10902461E-02  0.69302935E-02  0.74317498E-03 -0.78769524E-07  0.16568484E-05  0.33565968E+00  0.18694479E-02  0.33566490E+00  0.28025969E-44
   0.69120610E+00  0.13082844E-02  0.81134634E-02  0.89144136E-03 -0.88255973E-07  0.23839630E-05  0.33550385E+00  0.30450672E-02  0.33551767E+00  0.28025969E-44
   0.73889756E+00  0.15272311E-02  0.91493037E-02  0.10409609E-02 -0.70215613E-07  0.32509324E-05  0.33545464E+00  0.43181577E-02  0.33548245E+00  0.42038954E-44
   0.78985816E+00  0.16140774E-02  0.94236778E-02  0.11000660E-02  0.37237012E-07  0.36306776E-05  0.33523801E+00  0.55720634E-02  0.33528432E+00  0.42038954E-44
   0.84434450E+00  0.14198169E-02  0.84734438E-02  0.96994819E-03  0.11992385E-06  0.28224169E-05  0.33496487E+00  0.69327899E-02  0.33503661E+00  0.42038954E-44
   0.90258068E+00  0.11462831E-02  0.70675504E-02  0.78774872E-03  0.11276183E-06  0.18615970E-05  0.33463639E+00  0.84317615E-02  0.33474261E+00  0.28025969E-44
   0.96482319E+00  0.91020297E-03  0.57936846E-02  0.63111371E-03  0.13111905E-06  0.11948142E-05  0.33423424E+00  0.10093340E-01  0.33438662E+00  0.28025969E-44
   0.10313605E+01  0.48232375E-03  0.33686089E-02  0.34205345E-03  0.74359484E-07  0.35092333E-06  0.33371419E+00  0.11974888E-01  0.33392897E+00  0.14012985E-44
   0.11025131E+01  0.12072941E-03  0.98879111E-03  0.84990992E-04  0.83162188E-08  0.21664082E-07  0.33296758E+00  0.14240863E-01  0.33327198E+00  0.00000000E+00
   0.11785374E+01  0.15721034E-04  0.15326531E-03  0.10844469E-04  0.23385605E-09  0.35275069E-09  0.33192858E+00  0.17105503E-01  0.33236903E+00  0.00000000E+00
   0.12598501E+01  0.49370442E-06  0.61316559E-05  0.34444500E-06  0.75003296E-12  0.35589473E-12  0.33041236E+00  0.20853015E-01  0.33106974E+00  0.00000000E+00
   0.13467396E+01  0.95082431E-09  0.16169796E-07  0.66933342E-09  0.31038798E-16  0.13438978E-17  0.32766238E+00  0.25898615E-01  0.32868430E+00  0.00000000E+00
   0.14396226E+01  0.90214311E-14  0.22604331E-12  0.63592942E-14  0.37053679E-24  0.12129182E-27  0.32227650E+00  0.32616362E-01  0.32392278E+00  0.00000000E+00
   0.15389159E+01  0.23817468E-16  0.23600635E-14  0.72313201E-16 -0.48463358E-26 -0.81042651E-32  0.31054729E+00  0.40925477E-01  0.31323236E+00  0.00000000E+00
   0.16450359E+01  0.97338981E-09  0.82030091E-07  0.84479274E-09 -0.49196525E-14 -0.16028925E-17  0.26463753E+00  0.38820021E-01  0.26746964E+00  0.00000000E+00
   0.17584953E+01  0.77253714E-03  0.21844845E-01  0.17866446E-03 -0.10423246E-06  0.95281870E-07  0.20795545E+00 -0.16053002E-02  0.20796165E+00  0.00000000E+00
   0.18797753E+01  0.62006477E-01  0.51070917E-01  0.31510707E-01 -0.20619718E-05  0.29779037E-02  0.20816818E+00 -0.12143507E-02  0.20817173E+00  0.19057659E-42
   0.20094526E+01  0.95491096E-01  0.71461089E-01  0.57266966E-01 -0.29198700E-05  0.98372651E-02  0.20841224E+00 -0.81170601E-03  0.20841382E+00  0.27465450E-42
   0.21480398E+01  0.12431077E+00  0.84965490E-01  0.84500037E-01 -0.42510901E-05  0.21418355E-01  0.20865080E+00 -0.42430995E-03  0.20865123E+00  0.36013371E-42
   0.22961783E+01  0.14911415E+00  0.92680201E-01  0.11838282E+00 -0.60493076E-05  0.42039417E-01  0.20886895E+00 -0.68267531E-04  0.20886897E+00  0.46102719E-42
   0.24545410E+01  0.16864380E+00  0.95224947E-01  0.15817532E+00 -0.72567846E-05  0.75053997E-01  0.20904493E+00  0.24296860E-03  0.20904507E+00  0.58294016E-42
   0.26238332E+01  0.18261647E+00  0.94376765E-01  0.19811372E+00 -0.68873424E-05  0.11774588E+00  0.20919204E+00  0.48812066E-03  0.20919260E+00  0.71326092E-42
   0.28047915E+01  0.19156453E+00  0.92421077E-01  0.23086584E+00 -0.48554493E-05  0.15990098E+00  0.20932814E+00  0.65160956E-03  0.20932916E+00  0.82816739E-42
   0.29982495E+01  0.19605203E+00  0.90941571E-01  0.24955033E+00 -0.17620614E-05  0.18682954E+00  0.20941404E+00  0.72651671E-03  0.20941530E+00  0.89963361E-42
   0.32050409E+01  0.19605201E+00  0.90941563E-01  0.24955033E+00 -0.17664056E-05  0.18682954E+00  0.20941404E+00  0.72651671E-03  0.20941530E+00  0.89963361E-42
