   0.61400342E-02  0.46985999E+00  0.18688260E-01 -0.93664369E-02  0.75152469E+01  0.23194950E+01  0.37719786E+00  0.12208748E+01  0.70545525E+02  0.12356512E+02  0.10000118E+01 -0.64940386E-01  0.37612893E-01  0.90961921E+00  0.38854068E-02 -0.39140963E-06 -0.22012608E-06 -0.73699051E-08  0.27578940E+01  0.40735126E+01 -0.43467924E-04  0.71141968E+01
   0.66042026E-02  0.50537997E+00  0.19081149E-01 -0.95633511E-02  0.74878092E+01  0.23159664E+01  0.37719786E+00  0.11436440E+01  0.63963871E+02  0.12678642E+02  0.10225468E+01 -0.66410534E-01  0.38443111E-01  0.93134928E+00  0.42260489E-02  0.59497184E-02  0.29605862E+00 -0.99449474E-02  0.23564901E+01  0.36934681E+01 -0.52886146E-04  0.70870667E+01
   0.71001253E-02  0.54332995E+00  0.19483265E-01 -0.97647123E-02  0.74598017E+01  0.23123658E+01  0.37611753E+00  0.10710775E+01  0.57882225E+02  0.12981888E+02  0.10215346E+01 -0.66366240E-01  0.38371336E-01  0.92969811E+00  0.45595127E-02  0.18062834E-01  0.27729726E+00 -0.95473677E-02  0.20142128E+01  0.33422954E+01 -0.62948675E-04  0.70593262E+01
   0.76301554E-02  0.58389002E+00  0.19895462E-01 -0.99709313E-02  0.74311886E+01  0.23086860E+01  0.37404612E+00  0.10029643E+01  0.52273708E+02  0.13266638E+02  0.10205085E+01 -0.66341110E-01  0.38307887E-01  0.92838311E+00  0.48699207E-02  0.28545536E-01  0.25928417E+00 -0.91666924E-02  0.17222549E+01  0.30184426E+01 -0.78043238E-04  0.70309753E+01
   0.81970366E-02  0.62726998E+00  0.20318450E-01 -0.10182339E-01  0.74019284E+01  0.23049228E+01  0.37107068E+00  0.93909395E+00  0.47111431E+02  0.13534162E+02  0.10194814E+01 -0.66316120E-01  0.38241461E-01  0.92703825E+00  0.51587536E-02  0.37493702E-01  0.24202542E+00 -0.88146534E-02  0.14731039E+01  0.27203569E+01 -0.87328714E-04  0.70019531E+01
   0.88031208E-02  0.67365003E+00  0.20752402E-01 -0.10398999E-01  0.73720198E+01  0.23010764E+01  0.36728099E+00  0.87933528E+00  0.42374855E+02  0.13785133E+02  0.10184182E+01 -0.66290781E-01  0.38171683E-01  0.92561823E+00  0.54267375E-02  0.44996690E-01  0.22554153E+00 -0.84829871E-02  0.12606292E+01  0.24468527E+01 -0.93811104E-04  0.69722900E+01
   0.94507607E-02  0.72320998E+00  0.21197297E-01 -0.10620873E-01  0.73414755E+01  0.22971494E+01  0.36276972E+00  0.82356477E+00  0.38043758E+02  0.14019907E+02  0.10173203E+01 -0.66264778E-01  0.38098060E-01  0.92407751E+00  0.56744111E-02  0.51151667E-01  0.20985062E+00 -0.81619248E-02  0.10795822E+01  0.21967621E+01 -0.98911085E-04  0.69419556E+01
   0.10143093E-01  0.77618998E+00  0.21653429E-01 -0.10848082E-01  0.73102880E+01  0.22931423E+01  0.35762587E+00  0.77160400E+00  0.34093513E+02  0.14238773E+02  0.10161791E+01 -0.66237897E-01  0.38020238E-01  0.92243785E+00  0.59024766E-02  0.56069031E-01  0.19495092E+00 -0.78396928E-02  0.92529190E+00  0.19686630E+01 -0.10291405E-03  0.69109802E+01
   0.10883252E-01  0.83283001E+00  0.22120835E-01 -0.11080610E-01  0.72784691E+01  0.22890570E+01  0.35193899E+00  0.72329783E+00  0.30501352E+02  0.14441627E+02  0.10149864E+01 -0.66210113E-01  0.37938152E-01  0.92074603E+00  0.61113271E-02  0.59860937E-01  0.18084346E+00 -0.75025423E-02  0.79383302E+00  0.17612407E+01 -0.10617472E-03  0.68793335E+01
   0.11674376E-01  0.89336997E+00  0.22599304E-01 -0.11318320E-01  0.72460494E+01  0.22848988E+01  0.34579912E+00  0.67850292E+00  0.27245472E+02  0.14628010E+02  0.10137310E+01 -0.66181228E-01  0.37851408E-01  0.91897535E+00  0.63012140E-02  0.62639646E-01  0.16752738E+00 -0.71342280E-02  0.68187565E+00  0.15732362E+01 -0.10870395E-03  0.68470459E+01
   0.12519994E-01  0.95807999E+00  0.23088608E-01 -0.11561063E-01  0.72130618E+01  0.22806726E+01  0.33929276E+00  0.63706166E+00  0.24303211E+02  0.14797229E+02  0.10124105E+01 -0.66150703E-01  0.37759379E-01  0.91709071E+00  0.64722993E-02  0.64519860E-01  0.15499434E+00 -0.67154700E-02  0.58653557E+00  0.14033412E+01 -0.11051072E-03  0.68141785E+01
   0.13424025E-01  0.10272601E+01  0.23588466E-01 -0.11808663E-01  0.71795435E+01  0.22763851E+01  0.33250213E+00  0.59880972E+00  0.21651785E+02  0.14948336E+02  0.10110203E+01 -0.66118702E-01  0.37662052E-01  0.91509992E+00  0.66246409E-02  0.65615445E-01  0.14323081E+00 -0.62233559E-02  0.50533402E+00  0.12502397E+01 -0.11172304E-03  0.67807617E+01
   0.14390388E-01  0.11012100E+01  0.24098331E-01 -0.12060809E-01  0.71455522E+01  0.22720447E+01  0.32550728E+00  0.56359398E+00  0.19269625E+02  0.15080084E+02  0.10095545E+01 -0.66085063E-01  0.37558980E-01  0.91297901E+00  0.67582238E-02  0.66037707E-01  0.13222355E+00 -0.56305719E-02  0.43617588E+00  0.11126866E+01 -0.11252986E-03  0.67467957E+01
   0.15423397E-01  0.11802599E+01  0.24617586E-01 -0.12317152E-01  0.71111503E+01  0.22676613E+01  0.31838244E+00  0.53125471E+00  0.17135248E+02  0.15191020E+02  0.10080082E+01 -0.66048920E-01  0.37449326E-01  0.91068196E+00  0.68728891E-02  0.65895610E-01  0.12195445E+00 -0.49046390E-02  0.37725818E+00  0.98944122E+00 -0.11297217E-03  0.67124023E+01
   0.16527757E-01  0.12647700E+01  0.25145523E-01 -0.12577298E-01  0.70764074E+01  0.22632458E+01  0.31119522E+00  0.50163037E+00  0.15227683E+02  0.15279526E+02  0.10063645E+01 -0.66010572E-01  0.37333023E-01  0.90826893E+00  0.69684358E-02  0.65291904E-01  0.11240128E+00 -0.40071672E-02  0.32703823E+00  0.87929267E+00 -0.11292834E-03  0.66776123E+01
   0.17708171E-01  0.13551000E+01  0.25681172E-01 -0.12840725E-01  0.70414124E+01  0.22588112E+01  0.30400893E+00  0.47456825E+00  0.13527268E+02  0.15343834E+02  0.10046293E+01 -0.65970011E-01  0.37209809E-01  0.90569353E+00  0.70446301E-02  0.64324029E-01  0.10354199E+00 -0.28927072E-02  0.28421289E+00  0.78110552E+00 -0.11248296E-03  0.66425171E+01
   0.18970128E-01  0.14516701E+01  0.26223654E-01 -0.13106952E-01  0.70062466E+01  0.22543702E+01  0.29687700E+00  0.44990695E+00  0.12014563E+02  0.15382136E+02  0.10028012E+01 -0.65926589E-01  0.37078921E-01  0.90298980E+00  0.71012918E-02  0.63083850E-01  0.95349930E-01 -0.15066286E-02  0.24765565E+00  0.69375730E+00 -0.11160708E-03  0.66072083E+01
   0.20318722E-01  0.15548699E+01  0.26771661E-01 -0.13375290E-01  0.69710202E+01  0.22499380E+01  0.28984979E+00  0.42750207E+00  0.10672013E+02  0.15392598E+02  0.10008640E+01 -0.65880001E-01  0.36939867E-01  0.90017062E+00  0.71382439E-02  0.61656721E-01  0.87801889E-01  0.21471304E-03  0.21642789E+00  0.61623442E+00 -0.11029971E-03  0.65717468E+01
   0.21760624E-01  0.16652100E+01  0.27324289E-01 -0.13645245E-01  0.69358168E+01  0.22455280E+01  0.28296426E+00  0.40719289E+00  0.94819460E+01  0.15373477E+02  0.99881363E+00 -0.65829739E-01  0.36792118E-01  0.89711827E+00  0.71553541E-02  0.60118936E-01  0.80865957E-01  0.23485776E-02  0.18970528E+00  0.54751635E+00 -0.10861170E-03  0.65362549E+01
   0.23302101E-01  0.17831699E+01  0.27880214E-01 -0.13916123E-01  0.69007459E+01  0.22411561E+01  0.27625492E+00  0.38883847E+00  0.84287462E+01  0.15323134E+02  0.99663508E+00 -0.65775700E-01  0.36635038E-01  0.89388907E+00  0.71525951E-02  0.58541868E-01  0.74515864E-01  0.49863681E-02  0.16680734E+00  0.48670140E+00 -0.10675567E-03  0.65007935E+01
   0.24949819E-01  0.19092599E+01  0.28438067E-01 -0.14187202E-01  0.68659196E+01  0.22368383E+01  0.26974994E+00  0.37230244E+00  0.74979081E+01  0.15240144E+02  0.99430108E+00 -0.65717302E-01  0.36467865E-01  0.89044034E+00  0.71301423E-02  0.56989241E-01  0.68724796E-01  0.82366159E-02  0.14715607E+00  0.43295199E+00 -0.10472966E-03  0.64654846E+01
   0.26711229E-01  0.20440500E+01  0.28996535E-01 -0.14457797E-01  0.68314447E+01  0.22325907E+01  0.26347113E+00  0.35745147E+00  0.66759186E+01  0.15123318E+02  0.99181658E+00 -0.65654390E-01  0.36290247E-01  0.88676763E+00  0.70882896E-02  0.55517491E-01  0.63464910E-01  0.12230153E-01  0.13025820E+00  0.38548779E+00 -0.10229160E-03  0.64304199E+01
   0.28593775E-01  0.21881099E+01  0.29554147E-01 -0.14727144E-01  0.67974339E+01  0.22284286E+01  0.25743809E+00  0.34416327E+00  0.59506626E+01  0.14971804E+02  0.98918110E+00 -0.65587044E-01  0.36101621E-01  0.88287818E+00  0.70274482E-02  0.54177992E-01  0.58711164E-01  0.17124407E-01  0.11570112E+00  0.34360933E+00 -0.99534067E-04  0.63957214E+01
   0.30606478E-01  0.23421299E+01  0.30109717E-01 -0.14994619E-01  0.67639809E+01  0.22243657E+01  0.25166550E+00  0.33231613E+00  0.53107934E+01  0.14784978E+02  0.98636508E+00 -0.65513574E-01  0.35900723E-01  0.87873840E+00  0.69483710E-02  0.53014167E-01  0.54436114E-01  0.23112612E-01  0.10312927E+00  0.30666134E+00 -0.96685231E-04  0.63614807E+01
   0.32757960E-01  0.25067701E+01  0.30661751E-01 -0.15259462E-01  0.67311931E+01  0.22204165E+01  0.24617153E+00  0.32180336E+00  0.47464519E+01  0.14562647E+02  0.98337740E+00 -0.65433942E-01  0.35686933E-01  0.87433940E+00  0.68519800E-02  0.52065372E-01  0.50616566E-01  0.30427018E-01  0.92249885E-01  0.27407452E+00 -0.93699156E-04  0.63277588E+01
   0.35057630E-01  0.26827500E+01  0.31208836E-01 -0.15520943E-01  0.66991692E+01  0.22165942E+01  0.24097714E+00  0.31252468E+00  0.42487254E+01  0.14304981E+02  0.98020703E+00 -0.65348737E-01  0.35459828E-01  0.86964369E+00  0.67393100E-02  0.51365342E-01  0.47230083E-01  0.39352097E-01  0.82814917E-01  0.24533431E+00 -0.90576636E-04  0.62946777E+01
   0.37516076E-01  0.28708801E+01  0.31749673E-01 -0.15778402E-01  0.66679974E+01  0.22129104E+01  0.23610912E+00  0.30438602E+00  0.38095882E+01  0.14012463E+02  0.97681391E+00 -0.65257251E-01  0.35218704E-01  0.86465812E+00  0.66118049E-02  0.50941560E-01  0.44254549E-01  0.50236624E-01  0.74614041E-01  0.21997719E+00 -0.87348482E-04  0.62622681E+01
   0.40144268E-01  0.30720000E+01  0.32282859E-01 -0.16031127E-01  0.66377692E+01  0.22093756E+01  0.23160650E+00  0.29730302E+00  0.34220212E+01  0.13686020E+02  0.97318226E+00 -0.65158404E-01  0.34962211E-01  0.85933334E+00  0.64710160E-02  0.50817225E-01  0.41670050E-01  0.63502647E-01  0.67472301E-01  0.19759789E+00 -0.83985433E-04  0.62306824E+01
   0.42955149E-01  0.32870998E+01  0.32807160E-01 -0.16278500E-01  0.66085596E+01  0.22059979E+01  0.22752306E+00  0.29119655E+00  0.30797176E+01  0.13326868E+02  0.96932322E+00 -0.65053001E-01  0.34689784E-01  0.85364705E+00  0.63187112E-02  0.51012453E-01  0.39457906E-01  0.79666972E-01  0.61240848E-01  0.17783225E+00 -0.80629106E-04  0.61999512E+01
   0.45958132E-01  0.35168998E+01  0.33320542E-01 -0.16519522E-01  0.65804844E+01  0.22027891E+01  0.22394012E+00  0.28600258E+00  0.27776246E+01  0.12937254E+02  0.96524024E+00 -0.64941734E-01  0.34401517E-01  0.84760046E+00  0.61572269E-02  0.51541429E-01  0.37603810E-01  0.99305950E-01  0.55803649E-01  0.16038847E+00 -0.77206030E-04  0.61701355E+01
   0.49164969E-01  0.37623000E+01  0.33821285E-01 -0.16753372E-01  0.65536342E+01  0.21997561E+01  0.22096153E+00  0.28165624E+00  0.25110598E+01  0.12519788E+02  0.96090156E+00 -0.64822875E-01  0.34095742E-01  0.84119225E+00  0.59889094E-02  0.52415464E-01  0.36093645E-01  0.12305629E+00  0.51058706E-01  0.14499621E+00 -0.73675146E-04  0.61413879E+01
   0.52599184E-01  0.40250998E+01  0.34309123E-01 -0.16979899E-01  0.65280218E+01  0.21968956E+01  0.21871385E+00  0.27808574E+00  0.22752542E+01  0.12076323E+02  0.95626730E+00 -0.64696148E-01  0.33770654E-01  0.83438212E+00  0.58158059E-02  0.53656414E-01  0.34916803E-01  0.15163551E+00  0.46908017E-01  0.13138008E+00 -0.70169466E-04  0.61136780E+01
   0.56264702E-01  0.43056002E+01  0.34780771E-01 -0.17197575E-01  0.65038161E+01  0.21942196E+01  0.21736774E+00  0.27524424E+00  0.20674708E+01  0.11612154E+02  0.95137358E+00 -0.64564168E-01  0.33427775E-01  0.82715708E+00  0.56414250E-02  0.55282656E-01  0.34076314E-01  0.18542874E+00  0.43293465E-01  0.11938204E+00 -0.66664717E-04  0.60871582E+01
   0.60188964E-01  0.46059003E+01  0.35235964E-01 -0.17406274E-01  0.64810252E+01  0.21917200E+01  0.21710163E+00  0.27306408E+00  0.18840313E+01  0.11130569E+02  0.94620663E+00 -0.64426415E-01  0.33064764E-01  0.81948537E+00  0.54682330E-02  0.57338983E-01  0.33580836E-01  0.22460099E+00  0.40141959E-01  0.10878968E+00 -0.63115331E-04  0.60617981E+01
   0.64379804E-01  0.49266000E+01  0.35671972E-01 -0.17604766E-01  0.64597778E+01  0.21894011E+01  0.21809781E+00  0.27148929E+00  0.17227308E+01  0.10638347E+02  0.94077814E+00 -0.64284027E-01  0.32681584E-01  0.81130582E+00  0.52994066E-02  0.59891801E-01  0.33462599E-01  0.26841193E+00  0.37406333E-01  0.99475704E-01 -0.59520502E-04  0.60377808E+01
   0.68860747E-01  0.52694998E+01  0.36088027E-01 -0.17792728E-01  0.64401011E+01  0.21872547E+01  0.22050162E+00  0.27045134E+00  0.15809604E+01  0.10141203E+02  0.93505424E+00 -0.64136535E-01  0.32276370E-01  0.80253893E+00  0.51377658E-02  0.62927119E-01  0.33711195E-01  0.31519356E+00  0.35030983E-01  0.91289453E-01 -0.55957982E-04  0.60150757E+01
   0.73647484E-01  0.56357999E+01  0.36482900E-01 -0.17969649E-01  0.64220381E+01  0.21852739E+01  0.22438329E+00  0.26988024E+00  0.14566499E+01  0.96462049E+01  0.92898059E+00 -0.63981853E-01  0.31847503E-01  0.79323190E+00  0.49862079E-02  0.66313036E-01  0.34263063E-01  0.36224657E+00  0.32967392E-01  0.84111385E-01 -0.52455402E-04  0.59937134E+01
   0.78767441E-01  0.60275998E+01  0.36856774E-01 -0.18135669E-01  0.64055586E+01  0.21834455E+01  0.22972660E+00  0.26970163E+00  0.13475962E+01  0.91590242E+01  0.92246407E+00 -0.63814424E-01  0.31390008E-01  0.78318882E+00  0.48465366E-02  0.69829285E-01  0.35009656E-01  0.40656820E+00  0.31163361E-01  0.77814296E-01 -0.49060240E-04  0.59736328E+01
   0.84244154E-01  0.64466996E+01  0.37209939E-01 -0.18290978E-01  0.63906178E+01  0.21817570E+01  0.23641913E+00  0.26984182E+00  0.12518947E+01  0.86849937E+01  0.91545188E+00 -0.63631885E-01  0.30901104E-01  0.77244222E+00  0.47201659E-02  0.73216833E-01  0.35826042E-01  0.44544762E+00  0.29571790E-01  0.72288200E-01 -0.45770030E-04  0.59548035E+01
   0.90093300E-01  0.68943000E+01  0.37542760E-01 -0.18435804E-01  0.63771563E+01  0.21801968E+01  0.24426685E+00  0.27022895E+00  0.11678803E+01  0.82287102E+01  0.90789330E+00 -0.63431315E-01  0.30378303E-01  0.76094508E+00  0.46083597E-02  0.76418586E-01  0.36689542E-01  0.47727841E+00  0.28151795E-01  0.67436956E-01 -0.42607448E-04  0.59371643E+01
   0.96346252E-01  0.73728004E+01  0.37856910E-01 -0.18570943E-01  0.63650517E+01  0.21787500E+01  0.25306514E+00  0.27079728E+00  0.10938021E+01  0.77919908E+01  0.89972103E+00 -0.63209377E-01  0.29818306E-01  0.74832737E+00  0.45114583E-02  0.79566300E-01  0.37669022E-01  0.50178480E+00  0.26864788E-01  0.63159451E-01 -0.39637642E-04  0.59205322E+01
   0.10303434E+00  0.78846002E+01  0.38154081E-01 -0.18697189E-01  0.63541808E+01  0.21774037E+01  0.26261458E+00  0.27148840E+00  0.10281540E+01  0.73755779E+01  0.89090979E+00 -0.62966429E-01  0.29219195E-01  0.73486048E+00  0.44292607E-02  0.82835414E-01  0.38854830E-01  0.51957089E+00  0.25680497E-01  0.59368737E-01 -0.36861285E-04  0.59047852E+01
   0.11018112E+00  0.84315004E+01  0.38435631E-01 -0.18815171E-01  0.63444304E+01  0.21761470E+01  0.27272972E+00  0.27225003E+00  0.96971047E+00  0.69798169E+01  0.88145858E+00 -0.62703513E-01  0.28579529E-01  0.72054273E+00  0.43617617E-02  0.86325966E-01  0.40299274E-01  0.53163874E+00  0.24577303E-01  0.55994026E-01 -0.34290129E-04  0.58898010E+01
   0.11781794E+00  0.90158997E+01  0.38703185E-01 -0.18925615E-01  0.63356829E+01  0.21749701E+01  0.28326991E+00  0.27303740E+00  0.91736090E+00  0.66040287E+01  0.87136000E+00 -0.62420141E-01  0.27897894E-01  0.70512712E+00  0.43086978E-02  0.90101354E-01  0.42035133E-01  0.53910255E+00  0.23538364E-01  0.52971203E-01 -0.31917079E-04  0.58753967E+01
   0.12598401E+00  0.96408005E+01  0.38958415E-01 -0.19029249E-01  0.63278227E+01  0.21738639E+01  0.29413545E+00  0.27381203E+00  0.87013930E+00  0.62469873E+01  0.86056268E+00 -0.62115204E-01  0.27170626E-01  0.68889105E+00  0.42698225E-02  0.94141372E-01  0.44052847E-01  0.54288149E+00  0.22550864E-01  0.50244484E-01 -0.29739551E-04  0.58615112E+01
   0.13471460E+00  0.10308900E+02  0.39202627E-01 -0.19126613E-01  0.63207583E+01  0.21728206E+01  0.30524200E+00  0.27453929E+00  0.82727891E+00  0.59076824E+01  0.84898627E+00 -0.61786987E-01  0.26394945E-01  0.67154115E+00  0.42450544E-02  0.98380417E-01  0.46320170E-01  0.54363614E+00  0.21606255E-01  0.47769595E-01 -0.27743066E-04  0.58479309E+01
   0.14404501E+00  0.11022900E+02  0.39436936E-01 -0.19218167E-01  0.63144088E+01  0.21718349E+01  0.31651998E+00  0.27518797E+00  0.78814590E+00  0.55851612E+01  0.83664852E+00 -0.61436046E-01  0.25568889E-01  0.65307814E+00  0.42342274E-02  0.10283208E+00  0.48844352E-01  0.54192680E+00  0.20698519E-01  0.45509938E-01 -0.25910080E-04  0.58346252E+01
   0.15402228E+00  0.11786401E+02  0.39662536E-01 -0.19304363E-01  0.63086977E+01  0.21709013E+01  0.32792142E+00  0.27573019E+00  0.75217485E+00  0.52782078E+01  0.82350886E+00 -0.61061878E-01  0.24688650E-01  0.63337326E+00  0.42374684E-02  0.10745745E+00  0.51606808E-01  0.53805369E+00  0.19822393E-01  0.43432858E-01 -0.24235931E-04  0.58214417E+01
   0.16468559E+00  0.12602400E+02  0.39880261E-01 -0.19385494E-01  0.63035660E+01  0.21700165E+01  0.33939111E+00  0.27613920E+00  0.71893090E+00  0.49860420E+01  0.80950826E+00 -0.60664561E-01  0.23752101E-01  0.61218679E+00  0.42548687E-02  0.11228094E+00  0.54619987E-01  0.53228778E+00  0.18974731E-01  0.41513253E-01 -0.22698105E-04  0.58083191E+01
   0.17608202E+00  0.13474501E+02  0.40090948E-01 -0.19461831E-01  0.62989612E+01  0.21691773E+01  0.35088152E+00  0.27638999E+00  0.68803036E+00  0.47077942E+01  0.79458976E+00 -0.60240731E-01  0.22754336E-01  0.58966815E+00  0.42866711E-02  0.11723964E+00  0.57852272E-01  0.52473593E+00  0.18152677E-01  0.39728962E-01 -0.21289668E-04  0.57951355E+01
   0.18826644E+00  0.14406900E+02  0.40295418E-01 -0.19533608E-01  0.62948370E+01  0.21683810E+01  0.36234695E+00  0.27645838E+00  0.65913939E+00  0.44425941E+01  0.77868384E+00 -0.59788175E-01  0.21690743E-01  0.56562942E+00  0.43335124E-02  0.12230930E+00  0.61292037E-01  0.51547849E+00  0.17353609E-01  0.38060710E-01 -0.20002752E-04  0.57818298E+01
   0.20129372E+00  0.15403801E+02  0.40494327E-01 -0.19600969E-01  0.62911577E+01  0.21676254E+01  0.37373465E+00  0.27632055E+00  0.63198471E+00  0.41897593E+01  0.76166582E+00 -0.59302505E-01  0.20556346E-01  0.53989202E+00  0.43959734E-02  0.12752360E+00  0.64955585E-01  0.50460666E+00  0.16575608E-01  0.36492717E-01 -0.18856306E-04  0.57683105E+01
   0.21521483E+00  0.16469101E+02  0.40688168E-01 -0.19663980E-01  0.62878971E+01  0.21669097E+01  0.38497990E+00  0.27595285E+00  0.60634673E+00  0.39488125E+01  0.74352378E+00 -0.58784347E-01  0.19347303E-01  0.51258683E+00  0.44746175E-02  0.13280883E+00  0.68804182E-01  0.49205521E+00  0.15817422E-01  0.35012301E-01 -0.17821711E-04  0.57545166E+01
   0.23010038E+00  0.17608200E+02  0.40877610E-01 -0.19722717E-01  0.62850275E+01  0.21662323E+01  0.39602140E+00  0.27533132E+00  0.58200961E+00  0.37190580E+01  0.72421288E+00 -0.58233824E-01  0.18058572E-01  0.48341945E+00  0.45704758E-02  0.13816862E+00  0.72838038E-01  0.47782075E+00  0.15077073E-01  0.33607002E-01 -0.16879036E-04  0.57403870E+01
   0.24600910E+00  0.18825600E+02  0.41063070E-01 -0.19777140E-01  0.62825327E+01  0.21655939E+01  0.40677753E+00  0.27443203E+00  0.55881417E+00  0.35001342E+01  0.70358378E+00 -0.57643939E-01  0.16684320E-01  0.45213518E+00  0.46846997E-02  0.14360929E+00  0.77055432E-01  0.46193531E+00  0.14353615E-01  0.32267626E-01 -0.16032616E-04  0.57258301E+01
   0.26301947E+00  0.20127300E+02  0.41245107E-01 -0.19827206E-01  0.62803998E+01  0.21649945E+01  0.41716561E+00  0.27322999E+00  0.53660131E+00  0.32915194E+01  0.68154007E+00 -0.57012063E-01  0.15218775E-01  0.41877460E+00  0.48187096E-02  0.14900061E+00  0.81386313E-01  0.44426307E+00  0.13645471E-01  0.30984988E-01 -0.15291020E-04  0.57107849E+01
   0.28119805E+00  0.21518400E+02  0.41424092E-01 -0.19872766E-01  0.62786226E+01  0.21644349E+01  0.42707860E+00  0.27170059E+00  0.51525503E+00  0.30929606E+01  0.65803188E+00 -0.56339838E-01  0.13657209E-01  0.38324070E+00  0.49740104E-02  0.15434647E+00  0.85823953E-01  0.42484561E+00  0.12951842E-01  0.29752390E-01 -0.14629382E-04  0.56951904E+01
   0.30063510E+00  0.23005800E+02  0.41600574E-01 -0.19913647E-01  0.62771978E+01  0.21639168E+01  0.43640655E+00  0.26981699E+00  0.49465454E+00  0.29040527E+01  0.63296586E+00 -0.55623189E-01  0.11990619E-01  0.34525666E+00  0.51526930E-02  0.15960342E+00  0.90336844E-01  0.40365070E+00  0.12271283E-01  0.28562855E-01 -0.14059762E-04  0.56789856E+01
   0.32140896E+00  0.24595499E+02  0.41774940E-01 -0.19949550E-01  0.62761288E+01  0.21634433E+01  0.44501337E+00  0.26755303E+00  0.47471416E+00  0.27246323E+01  0.60621893E+00 -0.54857772E-01  0.10214133E-01  0.30454126E+00  0.53570354E-02  0.16471496E+00  0.94881766E-01  0.38066813E+00  0.11603028E-01  0.27411437E-01 -0.13596043E-04  0.56621094E+01
   0.34361377E+00  0.26294701E+02  0.41947689E-01 -0.19980112E-01  0.62754254E+01  0.21630180E+01  0.45274901E+00  0.26488048E+00  0.45535147E+00  0.25545030E+01  0.57770032E+00 -0.54043196E-01  0.83212275E-02  0.26113027E+00  0.55898642E-02  0.16961332E+00  0.99406905E-01  0.35588780E+00  0.10946000E-01  0.26293376E-01 -0.13205750E-04  0.56444702E+01
   0.36735535E+00  0.28111500E+02  0.42119402E-01 -0.20004848E-01  0.62751021E+01  0.21626461E+01  0.45944116E+00  0.26176912E+00  0.43649375E+00  0.23935177E+01  0.54729593E+00 -0.53176023E-01  0.63022333E-02  0.21480100E+00  0.58547575E-02  0.17417358E+00  0.10382754E+00  0.32927999E+00  0.10299008E-01  0.25204474E-01 -0.12907200E-04  0.56260376E+01
   0.39273956E+00  0.30054001E+02  0.42290643E-01 -0.20023093E-01  0.62751842E+01  0.21623347E+01  0.46488699E+00  0.25818780E+00  0.41808778E+00  0.22416825E+01  0.51479203E+00 -0.52249543E-01  0.41480185E-02  0.16516219E+00  0.61559789E-02  0.17825654E+00  0.10804512E+00  0.30085713E+00  0.96610729E-02  0.24141658E-01 -0.12702844E-04  0.56067505E+01
   0.41986829E+00  0.32130001E+02  0.42462010E-01 -0.20033974E-01  0.62757072E+01  0.21620941E+01  0.46885175E+00  0.25410539E+00  0.40010026E+00  0.20991795E+01  0.48013455E+00 -0.51264014E-01  0.18522142E-02  0.11217575E+00  0.64986637E-02  0.18175350E+00  0.11196907E+00  0.27071214E+00  0.90314895E-02  0.23103004E-01 -0.12585945E-04  0.55865479E+01
   0.44883958E+00  0.34347000E+02  0.42634156E-01 -0.20036342E-01  0.62767153E+01  0.21619384E+01  0.47106808E+00  0.24949062E+00  0.38251597E+00  0.19663733E+01  0.44319639E+00 -0.50215270E-01 -0.59320108E-03  0.55562399E-01  0.68891165E-02  0.18452731E+00  0.11548571E+00  0.23898354E+00  0.84097134E-02  0.22087634E-01 -0.12568054E-04  0.55654297E+01
   0.47984946E+00  0.36720001E+02  0.42808428E-01 -0.20028625E-01  0.62782779E+01  0.21618869E+01  0.47122929E+00  0.24429448E+00  0.36528352E+00  0.18434714E+01  0.40371943E+00 -0.49097974E-01 -0.32042577E-02 -0.52015712E-02  0.73367199E-02  0.18638766E+00  0.11845089E+00  0.20573957E+00  0.77933441E-02  0.21092579E-01 -0.12671399E-04  0.55432739E+01
   0.51297635E+00  0.39255001E+02  0.42985696E-01 -0.20008663E-01  0.62804790E+01  0.21619692E+01  0.46896768E+00  0.23848447E+00  0.34844479E+00  0.17315391E+01  0.36167380E+00 -0.47913909E-01 -0.59870258E-02 -0.70127644E-01  0.78516938E-02  0.18706779E+00  0.12066296E+00  0.17122164E+00  0.71825655E-02  0.20120259E-01 -0.12899303E-04  0.55201111E+01
   0.54841620E+00  0.41966999E+02  0.43167800E-01 -0.19973340E-01  0.62834454E+01  0.21622272E+01  0.46384650E+00  0.23200367E+00  0.33200830E+00  0.16317006E+01  0.31677252E+00 -0.46655722E-01 -0.89573916E-02 -0.13959517E+00  0.84495153E-02  0.18632388E+00  0.12192518E+00  0.13568522E+00  0.65753688E-02  0.19171167E-01 -0.13260191E-04  0.54959106E+01
   0.58628666E+00  0.44865002E+02  0.43356679E-01 -0.19918179E-01  0.62873487E+01  0.21627269E+01  0.45535356E+00  0.22480224E+00  0.31606197E+00  0.15460868E+01  0.26889840E+00 -0.45322727E-01 -0.12127489E-01 -0.21399438E+00  0.91497209E-02  0.18385662E+00  0.12199256E+00  0.99588454E-01  0.59712552E-02  0.18250378E-01 -0.13786789E-04  0.54707336E+01
   0.62674457E+00  0.47960999E+02  0.43555316E-01 -0.19836344E-01  0.62924423E+01  0.21635730E+01  0.44286966E+00  0.21681200E+00  0.30073100E+00  0.14778578E+01  0.21786542E+00 -0.43918349E-01 -0.15515531E-01 -0.29366636E+00  0.99805035E-02  0.17929205E+00  0.12056781E+00  0.63513681E-01  0.53689773E-02  0.17365120E-01 -0.14514192E-04  0.54447021E+01
   0.67002511E+00  0.51273003E+02  0.43768536E-01 -0.19716706E-01  0.62991233E+01  0.21649458E+01  0.42560336E+00  0.20792872E+00  0.28620705E+00  0.14320573E+01  0.16330624E+00 -0.42444810E-01 -0.19153873E-01 -0.37908831E+00  0.10984928E-01  0.17217508E+00  0.11729456E+00  0.28248684E-01  0.47661085E-02  0.16526464E-01 -0.15486899E-04  0.54180298E+01
   0.71624595E+00  0.54810001E+02  0.44003166E-01 -0.19540673E-01  0.63080106E+01  0.21671669E+01  0.40261194E+00  0.19803518E+00  0.27288583E+00  0.14173805E+01  0.10499179E+00 -0.40920112E-01 -0.23089506E-01 -0.47063500E+00  0.12225795E-01  0.16197464E+00  0.11175806E+00 -0.48901504E-02  0.41617090E-02  0.15757255E-01 -0.16788230E-04  0.53911743E+01
   0.76572061E+00  0.58596001E+02  0.44272147E-01 -0.19272890E-01  0.63202105E+01  0.21708841E+01  0.37258369E+00  0.18690130E+00  0.26141855E+00  0.14491003E+01  0.42318542E-01 -0.39362736E-01 -0.27414231E-01 -0.56905675E+00  0.13811417E-01  0.14798772E+00  0.10344129E+00 -0.33985265E-01  0.35518913E-02  0.15095100E-01 -0.18545779E-04  0.53648376E+01
   0.81856674E+00  0.62640003E+02  0.44598430E-01 -0.18842351E-01  0.63377495E+01  0.21775115E+01  0.33394408E+00  0.17418998E+00  0.25316817E+00  0.15559266E+01 -0.25229502E-01 -0.37655357E-01 -0.32071937E-01 -0.67261910E+00  0.15922422E-01  0.12935515E+00  0.91756858E-01 -0.55579126E-01  0.30429950E-02  0.14618698E-01 -0.20962094E-04  0.53407898E+01
   0.87505883E+00  0.66963005E+02  0.45031551E-01 -0.18088607E-01  0.63649697E+01  0.21906445E+01  0.28462774E+00  0.15917665E+00  0.25095862E+00  0.17948220E+01 -0.97204052E-01 -0.35092387E-01 -0.36153872E-01 -0.76916397E+00  0.18901188E-01  0.10516728E+00  0.76128848E-01 -0.63686326E-01  0.26772527E-02  0.14491113E-01 -0.24436215E-04  0.53225098E+01
   0.93543208E+00  0.71583000E+02  0.45688376E-01 -0.16636258E-01  0.64124198E+01  0.22206550E+01  0.22256109E+00  0.14020896E+00  0.26103553E+00  0.22757969E+01 -0.16451195E+00 -0.30346079E-01 -0.37199754E-01 -0.81744933E+00  0.23337474E-01  0.75566120E-01  0.56551054E-01 -0.49671255E-01  0.23308613E-02  0.15072985E-01 -0.29939052E-04  0.53186035E+01
   0.10000000E+01  0.76524002E+02  0.46906222E-01 -0.13581844E-01  0.65103621E+01  0.22983918E+01  0.14683087E+00  0.11280293E+00  0.29405943E+00  0.31218340E+01 -0.19341375E+00 -0.22979721E-01 -0.33102706E-01 -0.79283518E+00  0.29218692E-01  0.42356499E-01  0.33903617E-01 -0.14148228E-01  0.19726353E-02  0.16979884E-01 -0.40910883E-04  0.53537903E+01
   0.10689980E+01  0.81804001E+02  0.50017312E-01 -0.64350464E-02  0.67635527E+01  0.25031462E+01  0.59895653E-01  0.62147807E-01  0.30292913E+00  0.36132691E+01 -0.13441411E+00 -0.10458346E-01 -0.18034890E-01 -0.36064252E+00  0.22012653E-01  0.86716693E-02  0.75551285E-02  0.27431212E-02  0.13142313E-02  0.17492048E-01 -0.71281352E-05  0.55189819E+01
   0.11427788E+01  0.87449997E+02  0.60926974E-01  0.12105262E-01  0.76710620E+01  0.27967639E+01  0.66320393E-02  0.65115904E-02  0.32697026E-01  0.52140945E+00 -0.14857763E-01 -0.87234069E-03 -0.15156781E-02 -0.24053503E-01  0.20908017E-02  0.40844505E-03  0.40646968E-03  0.39871744E-03  0.13303690E-03  0.18880256E-02  0.52755371E-04  0.63185425E+01
   0.12216167E+01  0.93482994E+02  0.63141793E-01  0.14158952E-01  0.81687021E+01  0.28330610E+01  0.12109053E-03  0.49868133E-04  0.16558671E-03  0.50589819E-02 -0.20802971E-03 -0.29170346E-05 -0.11163389E-05 -0.35954767E-04  0.15283020E-04  0.16045334E-05  0.16109749E-05  0.25620031E-05  0.97663849E-06  0.95614796E-05  0.62174360E-04  0.67488098E+01
   0.13059433E+01  0.99936005E+02  0.62787406E-01  0.12597988E-01  0.83801098E+01  0.28336210E+01  0.48043455E-06 -0.88951353E-07  0.34664428E-07  0.12296352E-04 -0.11667560E-05  0.44275864E-10 -0.17884997E-07  0.13785578E-07  0.33695573E-08  0.66626031E-10  0.18482192E-09  0.20817634E-09  0.97470232E-09  0.20016293E-08  0.45546876E-04  0.68952332E+01
   0.13960327E+01  0.10683000E+03  0.62561303E-01  0.11231314E-01  0.85762672E+01  0.28338878E+01  0.96137326E-11 -0.26952438E-11  0.12819838E-12  0.21584289E-09 -0.50702584E-10  0.33384801E-13 -0.12119098E-11  0.54988116E-12  0.11499861E-13  0.13722881E-17 -0.19130679E-16  0.11063881E-16  0.13064313E-13  0.74025640E-14  0.38029575E-04  0.70220642E+01
   0.14923555E+01  0.11420100E+03  0.62379453E-01  0.99261468E-02  0.87562227E+01  0.28342230E+01  0.98263693E-19 -0.23497607E-19  0.58457516E-21  0.18972401E-17 -0.77469683E-18  0.72846783E-21 -0.19940239E-19  0.92202018E-20  0.12050815E-23  0.11543744E-30 -0.15040840E-28  0.21691422E-29  0.14740097E-21  0.33755144E-22  0.35735982E-04  0.71279297E+01
   0.15953426E+01  0.12208199E+03  0.62248692E-01  0.86925644E-02  0.89205379E+01  0.28344724E+01  0.46805581E-32 -0.10639093E-32  0.13458739E-34  0.75829301E-31 -0.60918437E-31  0.86649207E-34 -0.16317428E-32  0.55047909E-33 -0.12191297E-36  0.00000000E+00  0.00000000E+00  0.00000000E+00  0.00000000E+00  0.77714847E-36  0.34113382E-04  0.72131042E+01
   0.17053866E+01  0.13050301E+03  0.62168933E-01  0.74969740E-02  0.90755224E+01  0.28346307E+01  0.13963939E-40  0.13746738E-40  0.59457094E-41  0.21491294E-39 -0.74100663E-41  0.00000000E+00  0.21579996E-42  0.00000000E+00 -0.14293244E-36  0.00000000E+00  0.00000000E+00  0.00000000E+00  0.00000000E+00  0.34331812E-42  0.32937172E-04  0.72835999E+01
   0.18230360E+01  0.13950601E+03  0.62116515E-01  0.63660205E-02  0.92198744E+01  0.28347347E+01  0.37361237E-38  0.47880617E-38  0.18405453E-38  0.52298370E-37 -0.17013165E-39 -0.68201196E-41  0.10077718E-39  0.00000000E+00 -0.16114932E-36  0.00000000E+00  0.00000000E+00  0.00000000E+00  0.00000000E+00  0.10627868E-39  0.31846561E-04  0.73376465E+01
   0.19488397E+01  0.14913300E+03  0.62089868E-01  0.52804081E-02  0.93546286E+01  0.28348222E+01  0.31934488E-35  0.40761303E-35  0.14257947E-35  0.39522029E-34 -0.13163854E-36 -0.54704464E-38  0.80444688E-37 -0.70064923E-38 -0.17376101E-36  0.00000000E+00  0.00000000E+00  0.00000000E+00  0.00000000E+00  0.82329715E-37  0.30943986E-04  0.73758850E+01
   0.20832679E+01  0.15942000E+03  0.62078740E-01  0.42159986E-02  0.94838505E+01  0.28349304E+01  0.18182998E-32  0.23135898E-32  0.73882598E-33  0.19613595E-31 -0.67474277E-34 -0.29372862E-35  0.43659760E-34 -0.23450730E-35 -0.35032462E-37  0.00000000E+00  0.00000000E+00  0.00000000E+00  0.00000000E+00  0.42662053E-34  0.30031095E-04  0.74019775E+01
   0.22269876E+01  0.17041800E+03  0.62087737E-01  0.31890862E-02  0.95999746E+01  0.28349359E+01  0.79699410E-30  0.10109544E-29  0.29336876E-30  0.74703452E-29 -0.26684415E-31 -0.14071527E-32  0.18113833E-31 -0.11681925E-34 -0.71466222E-37  0.00000000E+00  0.00000000E+00  0.00000000E+00  0.00000000E+00  0.16940002E-31  0.28975175E-04  0.74079285E+01
   0.23806257E+01  0.18217500E+03  0.62132712E-01  0.21909617E-02  0.97123003E+01  0.28349309E+01  0.10625668E-27  0.13433807E-27  0.35928091E-28  0.89140743E-27 -0.32286970E-29 -0.20785256E-30  0.22825084E-29  0.41195555E-31  0.87300896E-35  0.00000000E+00  0.00000000E+00  0.00000000E+00  0.72192355E-30  0.20745971E-29  0.28119757E-04  0.74024963E+01
   0.25448489E+01  0.19474200E+03  0.62198807E-01  0.12007414E-02  0.98183317E+01  0.28348956E+01  0.63638079E-26  0.80309900E-26  0.19990899E-26  0.46550352E-25 -0.17935979E-27 -0.12940666E-28  0.13522159E-27  0.39293045E-29  0.12472355E-32  0.00000000E+00  0.00000000E+00  0.00000000E+00  0.36290482E-28  0.11543351E-27  0.27200360E-04  0.73826904E+01
   0.27204015E+01  0.20817601E+03  0.62283825E-01  0.21438871E-03  0.99156332E+01  0.28348708E+01  0.29538667E-24  0.37174010E-24  0.85356956E-25  0.19434860E-23 -0.76831316E-26 -0.62661989E-27  0.59143776E-26  0.43579803E-27  0.35039768E-30  0.00000000E+00  0.00000000E+00  0.00000000E+00  0.15944048E-26  0.49287698E-26  0.26428326E-04  0.73454895E+01
   0.29080682E+01  0.22253700E+03  0.62398333E-01 -0.73937688E-03  0.10014482E+02  0.28347366E+01  0.24100868E-22  0.30290362E-22  0.62794567E-23  0.13877583E-21 -0.56252365E-24 -0.53722432E-25  0.44853581E-24  0.74219738E-25  0.13387391E-27  0.00000000E+00  0.00000000E+00  0.00000000E+00  0.12156752E-24  0.36259489E-24  0.25648302E-04  0.73005676E+01
   0.31086719E+01  0.23788800E+03  0.62529221E-01 -0.16510667E-02  0.10097992E+02  0.28345392E+01  0.11149057E-20  0.14005890E-20  0.26306249E-21  0.55809520E-20 -0.23554364E-22 -0.26607202E-23  0.19541860E-22  0.47334774E-23  0.12410267E-25 -0.20929794E-40 -0.10037081E-39 -0.14961664E-40  0.52412467E-23  0.15190026E-22  0.24747183E-04  0.72304688E+01
   0.33231144E+01  0.25429800E+03  0.62692493E-01 -0.25421474E-02  0.10185119E+02  0.28342698E+01  0.15995519E-19  0.20072562E-19  0.35227163E-20  0.72524921E-19 -0.31327709E-21 -0.41948073E-22  0.26908596E-21  0.39428944E-22  0.61603485E-25 -0.27799365E-38 -0.13892546E-37 -0.18209383E-38  0.71505666E-22  0.20341233E-21  0.23982537E-04  0.71533813E+01
   0.35523367E+01  0.27183899E+03  0.62882826E-01 -0.34475583E-02  0.10262300E+02  0.28342803E+01  0.15445265E-18  0.19392731E-18  0.32399870E-19  0.61342225E-18 -0.28951404E-20 -0.44396481E-21  0.26765666E-20  0.32247263E-21  0.41152450E-24 -0.21306279E-36 -0.10319248E-35 -0.13039114E-36  0.64649421E-21  0.18708669E-20  0.23237808E-04  0.70550232E+01
   0.37973969E+01  0.29059201E+03  0.63096382E-01 -0.43714689E-02  0.10339622E+02  0.28340201E+01  0.12083690E-17  0.15184102E-17  0.24185939E-18  0.42858970E-17 -0.21624346E-19 -0.34304489E-20  0.21292556E-19  0.74454066E-20  0.27553211E-22 -0.13869011E-34 -0.66686673E-34 -0.77835110E-35  0.47825927E-20  0.13965696E-19  0.22517841E-04  0.69447327E+01
   0.40595107E+01  0.31064999E+03  0.63312098E-01 -0.53174691E-02  0.10409336E+02  0.28335836E+01  0.10204349E-16  0.12829057E-16  0.19301778E-17  0.31374904E-16 -0.17373183E-18 -0.30225041E-19  0.18450735E-18  0.72698319E-19  0.30099908E-21 -0.76797117E-33 -0.35182906E-32 -0.42664613E-33  0.37618517E-19  0.11145433E-18  0.21676213E-04  0.68138123E+01
   0.43394227E+01  0.33207001E+03  0.63564785E-01 -0.62601976E-02  0.10476157E+02  0.28332491E+01  0.63916206E-16  0.80241886E-16  0.11397943E-16  0.18846152E-15 -0.10194564E-17 -0.18206895E-18  0.10730504E-17  0.22498491E-18  0.50327276E-21 -0.24482692E-31 -0.12456303E-30 -0.12120770E-31  0.23048493E-18  0.65815179E-18  0.21197988E-04  0.66663818E+01
   0.46385450E+01  0.35496002E+03  0.63819259E-01 -0.72177760E-02  0.10549828E+02  0.28331857E+01  0.36943644E-15  0.46683554E-15  0.62290240E-16  0.88191445E-15 -0.57024909E-17 -0.11969930E-17  0.67541158E-17  0.16973196E-17  0.46353550E-20 -0.59866945E-30 -0.27438589E-29 -0.28296545E-30  0.12044884E-17  0.35968274E-17  0.20432510E-04  0.65110168E+01
   0.49584446E+01  0.37944000E+03  0.64121984E-01 -0.81794541E-02  0.10595521E+02  0.28327200E+01  0.14141809E-14  0.17822575E-14  0.22743322E-15  0.31480913E-14 -0.20035846E-16 -0.50763979E-17  0.25214252E-16  0.88961306E-17  0.33277295E-19 -0.10804762E-28 -0.49886560E-28 -0.51093571E-29  0.44435233E-17  0.13132684E-16  0.19700627E-04  0.63119202E+01
   0.53006902E+01  0.40563004E+03  0.64459547E-01 -0.91710417E-02  0.10672875E+02  0.28324871E+01  0.69992442E-14  0.88211070E-14  0.10667043E-14  0.14946608E-13 -0.93099026E-16 -0.25118143E-16  0.11666300E-15  0.53358569E-16  0.26153931E-18 -0.26986554E-27 -0.14103489E-26 -0.10483511E-27  0.21538180E-16  0.61594740E-16  0.19351799E-04  0.61272888E+01
   0.56664577E+01  0.43362000E+03  0.64822562E-01 -0.10148511E-01  0.10717352E+02  0.28317525E+01  0.39945366E-13  0.50885308E-13  0.57621140E-14  0.62530771E-13 -0.54892314E-15 -0.17000102E-15  0.79486371E-15  0.47461379E-15  0.31114781E-17 -0.62131790E-26 -0.25392225E-25 -0.25512226E-26  0.10609590E-15  0.33272195E-15  0.18503275E-04  0.58919067E+01
   0.60569229E+01  0.46349997E+03  0.65193884E-01 -0.11169940E-01  0.10770636E+02  0.28312709E+01  0.12412845E-12  0.15667677E-12  0.17061422E-13  0.21276158E-12 -0.15673757E-14 -0.43880841E-15  0.20843257E-14  0.99643399E-15  0.54526795E-17 -0.48388583E-25 -0.24306397E-24 -0.18572839E-25  0.34260855E-15  0.98517830E-15  0.17993272E-04  0.56463928E+01
   0.64748316E+01  0.49548001E+03  0.65592818E-01 -0.12179786E-01  0.10831529E+02  0.28307438E+01  0.42060420E-12  0.53494421E-12  0.54639961E-13  0.60069110E-12 -0.49218556E-14 -0.15847023E-14  0.74903725E-14  0.55434808E-14  0.46117308E-16 -0.32203639E-24 -0.16418154E-23 -0.92822884E-25  0.10655411E-14  0.31550772E-14  0.17656952E-04  0.53874512E+01
   0.69213581E+01  0.52965002E+03  0.66001698E-01 -0.13224347E-01  0.10870481E+02  0.28296683E+01  0.85438747E-12  0.11038507E-11  0.10797504E-12  0.89335294E-12 -0.10363852E-13 -0.40207587E-14  0.19080799E-13  0.12861426E-13  0.10198203E-15 -0.94577135E-24 -0.37466460E-23 -0.26012752E-24  0.18739859E-14  0.62348062E-14  0.16835227E-04  0.50848389E+01
   0.73988552E+01  0.56619000E+03  0.66465996E-01 -0.14321633E-01  0.10910982E+02  0.28293126E+01  0.12355657E-11  0.15741153E-11  0.15270462E-12  0.13578544E-11 -0.14080688E-13 -0.64084548E-14  0.25373370E-13  0.15844141E-13  0.11670458E-15 -0.24063311E-23 -0.95338771E-23 -0.79305735E-24  0.27498766E-14  0.88176282E-14  0.16181835E-04  0.47599182E+01
   0.79092832E+01  0.60525000E+03  0.67034565E-01 -0.15448602E-01  0.10960193E+02  0.28281956E+01  0.24589664E-11  0.31190556E-11  0.29520410E-12  0.27159030E-11 -0.26134966E-13 -0.13075087E-13  0.47520815E-13  0.38843396E-13  0.37108527E-15 -0.85128323E-23 -0.38699052E-22 -0.22849605E-23  0.54683329E-14  0.17045981E-13  0.15887530E-04  0.44186401E+01
   0.84546032E+01  0.64698004E+03  0.67609027E-01 -0.16619019E-01  0.11006493E+02  0.28274164E+01  0.45621844E-11  0.58577635E-11  0.53686694E-12  0.40969524E-11 -0.53828564E-13 -0.19911757E-13  0.10329965E-12  0.83243586E-13  0.84598723E-15 -0.16134763E-22 -0.70631923E-22 -0.27872753E-23  0.92330826E-14  0.31000325E-13  0.15471876E-04  0.40476990E+01
   0.90379496E+01  0.69162000E+03  0.68089269E-01 -0.17906407E-01  0.11042779E+02  0.28261411E+01  0.56504658E-11  0.73084819E-11  0.68550341E-12  0.42005887E-11 -0.67280762E-13 -0.30552150E-13  0.16107905E-12  0.13698751E-12  0.14317297E-14 -0.95472633E-23 -0.34666303E-22 -0.11967029E-23  0.10464894E-13  0.39583049E-13  0.14853682E-04  0.36377563E+01
   0.96612825E+01  0.73932001E+03  0.68839200E-01 -0.19347619E-01  0.11080343E+02  0.28250906E+01  0.59338489E-11  0.75889642E-11  0.71429814E-12  0.46018931E-11 -0.63867572E-13 -0.51338145E-13  0.15740561E-12  0.15753836E-12  0.18276489E-14 -0.93351772E-23 -0.25291026E-22 -0.29205932E-23  0.11130287E-13  0.41245744E-13  0.14362055E-04  0.31984253E+01
   0.10327741E+02  0.79032007E+03  0.69758177E-01 -0.20697543E-01  0.11125483E+02  0.28232684E+01  0.67876225E-11  0.86298971E-11  0.76987434E-12  0.54881356E-11 -0.69199000E-13 -0.56328514E-13  0.15344960E-12  0.21818611E-12  0.35549528E-14  0.19906769E-23  0.34334520E-23  0.12836717E-23  0.12941132E-13  0.44454881E-13  0.14112070E-04  0.27337952E+01
   0.11040067E+02  0.84483002E+03  0.70632346E-01 -0.22127640E-01  0.11171993E+02  0.28210711E+01  0.56915757E-11  0.72986305E-11  0.64648097E-12  0.39024122E-11 -0.57416115E-13 -0.49821970E-13  0.15130627E-12  0.24066586E-12  0.44269190E-14  0.25605803E-22  0.70321466E-22  0.81406643E-23  0.10057390E-13  0.37329772E-13  0.13835803E-04  0.22355042E+01
   0.11801396E+02  0.90309003E+03  0.71654730E-01 -0.23721578E-01  0.11207805E+02  0.28184199E+01  0.35015795E-11  0.45612303E-11  0.41430390E-12  0.17666826E-11 -0.40760157E-13 -0.44357781E-13  0.13060841E-12  0.24432743E-12  0.51384589E-14  0.28734359E-22  0.66902088E-22  0.62177267E-23  0.53750996E-14  0.23923165E-13  0.13275730E-04  0.16891174E+01
   0.12615258E+02  0.96537006E+03  0.72848722E-01 -0.25524164E-01  0.11237033E+02  0.28147168E+01  0.56278886E-12  0.72848357E-12  0.72327418E-13  0.29698046E-12 -0.69829180E-14 -0.84339113E-14  0.23437598E-13  0.53889602E-13  0.13358831E-14  0.27852626E-23  0.66953591E-23  0.44800969E-24  0.87982472E-15  0.41764048E-14  0.12671117E-04  0.10961304E+01
   0.13485574E+02  0.10319700E+04  0.74386805E-01 -0.27682299E-01  0.11282142E+02  0.28094084E+01  0.75930371E-14  0.97350428E-14  0.11381408E-14  0.50509854E-14 -0.10825433E-15 -0.13557297E-15  0.33703081E-15  0.10384626E-14  0.32071427E-16  0.50212861E-26  0.11794183E-25  0.76655454E-27  0.13239846E-16  0.65719705E-16  0.12206876E-04  0.47610474E+00
   0.14415478E+02  0.11031300E+04  0.76531082E-01 -0.30440975E-01  0.11336425E+02  0.27997606E+01  0.14205383E-16  0.18229362E-16  0.25999707E-17  0.11609848E-16 -0.25080364E-18 -0.35276314E-18  0.72550952E-18  0.32991902E-17  0.13991854E-18  0.11303343E-30  0.23489838E-30  0.18410544E-31  0.27499300E-19  0.15013021E-18  0.11726434E-04 -0.17965698E+00
   0.15410068E+02  0.11792400E+04  0.79734370E-01 -0.33980828E-01  0.11413650E+02  0.27814686E+01  0.98931296E-21  0.12783007E-20  0.23196895E-21  0.10491111E-20 -0.22475013E-22 -0.36127561E-22  0.58292391E-22  0.42273291E-21  0.26626268E-22  0.12487831E-37  0.23305037E-37  0.20884896E-38  0.21952597E-23  0.13394592E-22  0.10932583E-04 -0.86050415E+00
   0.16472872E+02  0.12605701E+04  0.84758833E-01 -0.38729344E-01  0.11519031E+02  0.27420669E+01  0.70575474E-28  0.91520275E-28  0.22297669E-28  0.11681575E-27 -0.21663908E-29 -0.35747058E-29  0.42432073E-29  0.56207826E-28  0.57670607E-29  0.00000000E+00  0.00000000E+00  0.00000000E+00  0.26143469E-30  0.12875351E-29  0.93674198E-05 -0.15617676E+01
   0.17608986E+02  0.13475100E+04  0.92907041E-01 -0.44829544E-01  0.11722224E+02  0.26446674E+01  0.16993664E-35  0.19720960E-36  0.29365245E-36  0.55050081E-35 -0.34069337E-36 -0.98798515E-37  0.71765825E-37  0.18434082E-35  0.57593367E-36  0.00000000E+00  0.00000000E+00  0.00000000E+00  0.00000000E+00  0.16956384E-37  0.81758590E-05 -0.22114563E+01
   0.18823507E+02  0.14404501E+04  0.10722569E+00 -0.51878590E-01  0.12209944E+02  0.23474796E+01  0.19886603E-21  0.43674034E-22  0.78013730E-22  0.80278414E-21 -0.77482076E-22 -0.31540268E-22  0.68286157E-24  0.83219105E-21  0.53094264E-22 -0.68036873E-35 -0.46504017E-35 -0.38877714E-35  0.38210933E-24  0.45047496E-23  0.35213093E-05 -0.26023865E+01
   0.20121531E+02  0.15397800E+04  0.14640476E+00 -0.45118950E-01  0.12753112E+02  0.11220975E+01  0.85249218E-13  0.38594545E-13  0.71637764E-13  0.82928266E-12 -0.54481684E-13 -0.14087590E-13 -0.71905618E-14  0.27876456E-12  0.33983488E-12 -0.23628180E-20 -0.64192455E-20 -0.15088964E-20  0.33990752E-15  0.41365820E-14  0.48533607E-05 -0.28401489E+01
   0.21509331E+02  0.16459800E+04  0.19195573E+00  0.55275118E-03  0.15022706E+02  0.47630852E+00  0.13732617E-06  0.65352378E-06  0.22826755E-06  0.20005057E-05 -0.38050931E-07 -0.62162280E-08 -0.53664424E-08  0.64900739E-07  0.15397545E-04 -0.22663952E-11 -0.10136997E-10 -0.16017769E-11  0.33387786E-08  0.13180862E-07  0.97579659E-05 -0.15207520E+01
   0.22992786E+02  0.17595000E+04  0.19173905E+00  0.14148043E-03  0.16196524E+02  0.36155874E+00  0.14577921E-03  0.26701886E-03  0.28198751E-05  0.13678443E-02 -0.34361602E-06  0.27157754E-08  0.50919664E-08  0.10288427E-05  0.72614593E-02 -0.25939625E-09 -0.70441308E-06 -0.51711235E-08  0.12568215E-05  0.16282814E-06  0.72771645E-05 -0.14622498E+01
   0.24578955E+02  0.18808799E+04  0.19151565E+00 -0.27033611E-03  0.17380888E+02  0.29954478E+00  0.28656781E-03  0.51495427E-03  0.48936613E-05  0.25127365E-02 -0.58314367E-06  0.48191517E-08  0.86878220E-08  0.86250276E-06  0.14103441E-01 -0.53945581E-09 -0.16142347E-05 -0.10788515E-07  0.23630471E-05  0.28257486E-06  0.45609554E-05 -0.14809570E+01
   0.26274111E+02  0.20106000E+04  0.19129996E+00 -0.65072021E-03  0.18550629E+02  0.27917209E+00  0.49317582E-03  0.84845390E-03  0.67700435E-05  0.40730257E-02 -0.66831603E-06  0.58990306E-08  0.11091712E-07  0.35061430E-06  0.23511056E-01 -0.11458584E-08 -0.37359773E-05 -0.26468994E-07  0.38327662E-05  0.39092285E-06  0.36104850E-05 -0.16050110E+01
   0.28086090E+02  0.21492600E+04  0.19114859E+00 -0.96859166E-03  0.19753952E+02  0.27722549E+00  0.80223038E-03  0.12046780E-02  0.80772734E-05  0.64069708E-02 -0.61377028E-06  0.53832876E-08  0.12093185E-07  0.45474003E-07  0.33635914E-01 -0.21228028E-08 -0.66906368E-05 -0.59513450E-07  0.55502314E-05  0.46640631E-06  0.29996606E-05 -0.17881470E+01
   0.30023130E+02  0.22974900E+04  0.19104466E+00 -0.12343103E-02  0.21004536E+02  0.27699414E+00  0.12317172E-02  0.15036026E-02  0.88101942E-05  0.96223578E-02  0.39765928E-06  0.45776440E-08  0.13001216E-07  0.75787643E-08  0.42115655E-01 -0.33560270E-08 -0.91248012E-05 -0.11295231E-06  0.72707717E-05  0.50872734E-06  0.25241786E-05 -0.20200195E+01
   0.32093853E+02  0.24559500E+04  0.19098242E+00 -0.14541600E-02  0.22321079E+02  0.27696091E+00  0.17551298E-02  0.17160060E-02  0.90665244E-05  0.13551771E-01 -0.49608013E-06  0.33705161E-08  0.11145799E-07  0.14566242E-08  0.48122093E-01 -0.41650337E-08 -0.97467164E-05 -0.16628208E-06  0.88697107E-05  0.52352863E-06  0.20799523E-05 -0.22882996E+01
   0.34307274E+02  0.26253298E+04  0.19093166E+00 -0.16161365E-02  0.23717453E+02  0.27694398E+00  0.22627041E-02  0.18466075E-02  0.90156509E-05  0.17361160E-01 -0.81745583E-06  0.23776732E-08  0.74253421E-08 -0.15475855E-07  0.51818945E-01 -0.35815821E-08 -0.76928027E-05 -0.16475708E-06  0.10172113E-04  0.52059107E-06  0.14696234E-05 -0.25859680E+01
   0.36673592E+02  0.28064099E+04  0.19090703E+00 -0.16958527E-02  0.25203257E+02  0.27753037E+00  0.25857911E-02  0.19089446E-02  0.89046443E-05  0.19783944E-01  0.15214109E-05  0.87239488E-09  0.27477296E-08 -0.52370286E-07  0.53593785E-01 -0.14428021E-08 -0.30136971E-05 -0.72164042E-07  0.10931913E-04  0.51418118E-06  0.53004760E-06 -0.29113159E+01
   0.39202995E+02  0.29999700E+04  0.19090705E+00 -0.16958527E-02  0.26790173E+02  0.27849951E+00  0.25857911E-02  0.19089446E-02  0.89046443E-05  0.19783951E-01  0.66415279E-03 -0.18339117E-10  0.00000000E+00 -0.28954998E-05  0.53593785E-01 -0.14435789E-08 -0.30136976E-05 -0.72194311E-07  0.10927350E-04  0.51418118E-06  0.53004760E-06 -0.32604370E+01
