   0.61400342E-02 -0.22012608E-06 -0.39140963E-06 -0.73699051E-08 -0.88529509E-06  0.37719786E+00  0.12208748E+01 -0.22012608E-06  0.18192384E-05 -0.24420832E-07  0.30051291E-04
   0.66042026E-02  0.29605862E+00  0.59497184E-02 -0.99449474E-02 -0.11459535E+01  0.37719786E+00  0.11436440E+01  0.29605862E+00  0.18626986E-05  0.29368585E+00  0.31361407E-04
   0.71001253E-02  0.27729726E+00  0.18062834E-01 -0.95473677E-02 -0.10533409E+01  0.37611753E+00  0.10710775E+01  0.27729726E+00  0.18593962E-05  0.26834977E+00  0.31257929E-04
   0.76301554E-02  0.25928417E+00  0.28545536E-01 -0.91666924E-02 -0.96641994E+00  0.37404612E+00  0.10029643E+01  0.25928417E+00  0.18567662E-05  0.24516056E+00  0.31237214E-04
   0.81970366E-02  0.24202542E+00  0.37493702E-01 -0.88146534E-02 -0.88620430E+00  0.37107068E+00  0.93909395E+00  0.24202542E+00  0.18540765E-05  0.22347866E+00  0.31279964E-04
   0.88031208E-02  0.22554153E+00  0.44996690E-01 -0.84829871E-02 -0.81160522E+00  0.36728099E+00  0.87933528E+00  0.22554153E+00  0.18512364E-05  0.20328797E+00  0.31376687E-04
   0.94507607E-02  0.20985062E+00  0.51151667E-01 -0.81619248E-02 -0.74155325E+00  0.36276972E+00  0.82356477E+00  0.20985062E+00  0.18481551E-05  0.18455853E+00  0.31519070E-04
   0.10143093E-01  0.19495092E+00  0.56069031E-01 -0.78396928E-02 -0.67494208E+00  0.35762587E+00  0.77160400E+00  0.19495092E+00  0.18448757E-05  0.16723418E+00  0.31700987E-04
   0.10883252E-01  0.18084346E+00  0.59860937E-01 -0.75025423E-02 -0.61072814E+00  0.35193899E+00  0.72329783E+00  0.18084346E+00  0.18414920E-05  0.15126008E+00  0.31917039E-04
   0.11674376E-01  0.16752738E+00  0.62639646E-01 -0.71342280E-02 -0.54791737E+00  0.34579912E+00  0.67850292E+00  0.16752738E+00  0.18379507E-05  0.13657926E+00  0.32158809E-04
   0.12519994E-01  0.15499434E+00  0.64519860E-01 -0.67154700E-02 -0.48554751E+00  0.33929276E+00  0.63706166E+00  0.15499434E+00  0.18341814E-05  0.12312641E+00  0.32417545E-04
   0.13424025E-01  0.14323081E+00  0.65615445E-01 -0.62233559E-02 -0.42269757E+00  0.33250213E+00  0.59880972E+00  0.14323081E+00  0.18301998E-05  0.11083122E+00  0.32685537E-04
   0.14390388E-01  0.13222355E+00  0.66037707E-01 -0.56305719E-02 -0.35849881E+00  0.32550728E+00  0.56359398E+00  0.13222355E+00  0.18259581E-05  0.99625155E-01  0.32953329E-04
   0.15423397E-01  0.12195445E+00  0.65895610E-01 -0.49046390E-02 -0.29212809E+00  0.31838244E+00  0.53125471E+00  0.12195445E+00  0.18213639E-05  0.89435458E-01  0.33210283E-04
   0.16527757E-01  0.11240128E+00  0.65291904E-01 -0.40071672E-02 -0.22282295E+00  0.31119522E+00  0.50163037E+00  0.11240128E+00  0.18165379E-05  0.80188520E-01  0.33448898E-04
   0.17708171E-01  0.10354199E+00  0.64324029E-01 -0.28927072E-02 -0.14988111E+00  0.30400893E+00  0.47456825E+00  0.10354199E+00  0.18113871E-05  0.71813494E-01  0.33658220E-04
   0.18970128E-01  0.95349930E-01  0.63083850E-01 -0.15066286E-02 -0.72604768E-01  0.29687700E+00  0.44990695E+00  0.95349930E-01  0.18059797E-05  0.64237975E-01  0.33830074E-04
   0.20318722E-01  0.87801889E-01  0.61656721E-01  0.21471304E-03  0.96069742E-02  0.28984979E+00  0.42750207E+00  0.87801889E-01  0.18003412E-05  0.57396557E-01  0.33954988E-04
   0.21760624E-01  0.80865957E-01  0.60118936E-01  0.23485776E-02  0.97406559E-01  0.28296426E+00  0.40719289E+00  0.80865957E-01  0.17942366E-05  0.51218804E-01  0.34019544E-04
   0.23302101E-01  0.74515864E-01  0.58541868E-01  0.49863681E-02  0.19141012E+00  0.27625492E+00  0.38883847E+00  0.74515864E-01  0.17877782E-05  0.45642678E-01  0.34016859E-04
   0.24949819E-01  0.68724796E-01  0.56989241E-01  0.82366159E-02  0.29223239E+00  0.26974994E+00  0.37230244E+00  0.68724796E-01  0.17808807E-05  0.40609822E-01  0.33936711E-04
   0.26711229E-01  0.63464910E-01  0.55517491E-01  0.12230153E-01  0.40055886E+00  0.26347113E+00  0.35745147E+00  0.63464910E-01  0.17735352E-05  0.36063988E-01  0.33772423E-04
   0.28593775E-01  0.58711164E-01  0.54177992E-01  0.17124407E-01  0.51716036E+00  0.25743809E+00  0.34416327E+00  0.58711164E-01  0.17657563E-05  0.31954486E-01  0.33518678E-04
   0.30606478E-01  0.54436114E-01  0.53014167E-01  0.23112612E-01  0.64298165E+00  0.25166550E+00  0.33231613E+00  0.54436114E-01  0.17574768E-05  0.28232349E-01  0.33168817E-04
   0.32757960E-01  0.50616566E-01  0.52065372E-01  0.30427018E-01  0.77906364E+00  0.24617153E+00  0.32180336E+00  0.50616566E-01  0.17486788E-05  0.24853926E-01  0.32719632E-04
   0.35057630E-01  0.47230083E-01  0.51365342E-01  0.39352097E-01  0.92666173E+00  0.24097714E+00  0.31252468E+00  0.47230083E-01  0.17392874E-05  0.21779230E-01  0.32167343E-04
   0.37516076E-01  0.44254549E-01  0.50941560E-01  0.50236624E-01  0.10872477E+01  0.23610912E+00  0.30438602E+00  0.44254549E-01  0.17293162E-05  0.18972330E-01  0.31509870E-04
   0.40144268E-01  0.41670050E-01  0.50817225E-01  0.63502647E-01  0.12624332E+01  0.23160650E+00  0.29730302E+00  0.41670050E-01  0.17186667E-05  0.16400615E-01  0.30744821E-04
   0.42955149E-01  0.39457906E-01  0.51012453E-01  0.79666972E-01  0.14540356E+01  0.22752306E+00  0.29119655E+00  0.39457906E-01  0.17072941E-05  0.14033513E-01  0.29872159E-04
   0.45958132E-01  0.37603810E-01  0.51541429E-01  0.99305950E-01  0.16633823E+01  0.22394012E+00  0.28600258E+00  0.37603810E-01  0.16952009E-05  0.11848443E-01  0.28893997E-04
   0.49164969E-01  0.36093645E-01  0.52415464E-01  0.12305629E+00  0.18911260E+01  0.22096153E+00  0.28165624E+00  0.36093645E-01  0.16823845E-05  0.98239798E-02  0.27812042E-04
   0.52599184E-01  0.34916803E-01  0.53656414E-01  0.15163551E+00  0.21370862E+01  0.21871385E+00  0.27808574E+00  0.34916803E-01  0.16687642E-05  0.79372311E-02  0.26625408E-04
   0.56264702E-01  0.34076314E-01  0.55282656E-01  0.18542874E+00  0.23964422E+01  0.21736774E+00  0.27524424E+00  0.34076314E-01  0.16543141E-05  0.61827400E-02  0.25343621E-04
   0.60188964E-01  0.33580836E-01  0.57338983E-01  0.22460099E+00  0.26611953E+01  0.21710163E+00  0.27306408E+00  0.33580836E-01  0.16389707E-05  0.45483145E-02  0.23972909E-04
   0.64379804E-01  0.33462599E-01  0.59891801E-01  0.26841193E+00  0.29162552E+01  0.21809781E+00  0.27148929E+00  0.33462599E-01  0.16226116E-05  0.30365791E-02  0.22530496E-04
   0.68860747E-01  0.33711195E-01  0.62927119E-01  0.31519356E+00  0.31413779E+01  0.22050162E+00  0.27045134E+00  0.33711195E-01  0.16050778E-05  0.16499077E-02  0.21035759E-04
   0.73647484E-01  0.34263063E-01  0.66313036E-01  0.36224657E+00  0.33145463E+01  0.22438329E+00  0.26988024E+00  0.34263063E-01  0.15864638E-05  0.39943290E-03  0.19520077E-04
   0.78767441E-01  0.35009656E-01  0.69829285E-01  0.40656820E+00  0.34192882E+01  0.22972660E+00  0.26970163E+00  0.35009656E-01  0.15663776E-05 -0.70594839E-03  0.18009356E-04
   0.84244154E-01  0.35826042E-01  0.73216833E-01  0.44544762E+00  0.34489746E+01  0.23641913E+00  0.26984182E+00  0.35826042E-01  0.15448844E-05 -0.16559749E-02  0.16536884E-04
   0.90093300E-01  0.36689542E-01  0.76418586E-01  0.47727841E+00  0.34095724E+01  0.24426685E+00  0.27022895E+00  0.36689542E-01  0.15218901E-05 -0.24423022E-02  0.15130008E-04
   0.96346252E-01  0.37669022E-01  0.79566300E-01  0.50178480E+00  0.33153110E+01  0.25306514E+00  0.27079728E+00  0.37669022E-01  0.14966547E-05 -0.30628149E-02  0.13798800E-04
   0.10303434E+00  0.38854830E-01  0.82835414E-01  0.51957089E+00  0.31830194E+01  0.26261458E+00  0.27148840E+00  0.38854830E-01  0.14697209E-05 -0.35187255E-02  0.12559018E-04
   0.11018112E+00  0.40299274E-01  0.86325966E-01  0.53163874E+00  0.30280771E+01  0.27272972E+00  0.27225003E+00  0.40299274E-01  0.14410855E-05 -0.38121953E-02  0.11414825E-04
   0.11781794E+00  0.42035133E-01  0.90101354E-01  0.53910255E+00  0.28623974E+01  0.28326991E+00  0.27303740E+00  0.42035133E-01  0.14102543E-05 -0.39455835E-02  0.10360555E-04
   0.12598401E+00  0.44052847E-01  0.94141372E-01  0.54288149E+00  0.26937718E+01  0.29413545E+00  0.27381203E+00  0.44052847E-01  0.13777822E-05 -0.39227721E-02  0.93948438E-05
   0.13471460E+00  0.46320170E-01  0.98380417E-01  0.54363614E+00  0.25269463E+01  0.30524200E+00  0.27453929E+00  0.46320170E-01  0.13430823E-05 -0.37462052E-02  0.85069150E-05
   0.14404501E+00  0.48844352E-01  0.10283208E+00  0.54192680E+00  0.23650382E+01  0.31651998E+00  0.27518797E+00  0.48844352E-01  0.13061563E-05 -0.34163492E-02  0.76912911E-05
   0.15402228E+00  0.51606808E-01  0.10745745E+00  0.53805369E+00  0.22091517E+01  0.32792142E+00  0.27573019E+00  0.51606808E-01  0.12667465E-05 -0.29323783E-02  0.69399607E-05
   0.16468559E+00  0.54619987E-01  0.11228094E+00  0.53228778E+00  0.20601037E+01  0.33939111E+00  0.27613920E+00  0.54619987E-01  0.12243736E-05 -0.22957369E-02  0.62449244E-05
   0.17608202E+00  0.57852272E-01  0.11723964E+00  0.52473593E+00  0.19177991E+01  0.35088152E+00  0.27638999E+00  0.57852272E-01  0.11793363E-05 -0.15086798E-02  0.56028093E-05
   0.18826644E+00  0.61292037E-01  0.12230930E+00  0.51547849E+00  0.17819809E+01  0.36234695E+00  0.27645838E+00  0.61292037E-01  0.11312588E-05 -0.56966481E-03  0.50071517E-05
   0.20129372E+00  0.64955585E-01  0.12752360E+00  0.50460666E+00  0.16524737E+01  0.37373465E+00  0.27632055E+00  0.64955585E-01  0.10797841E-05  0.52145583E-03  0.44523354E-05
   0.21521483E+00  0.68804182E-01  0.13280883E+00  0.49205521E+00  0.15286603E+01  0.38497990E+00  0.27595285E+00  0.68804182E-01  0.10251737E-05  0.17618563E-02  0.39369143E-05
   0.23010038E+00  0.72838038E-01  0.13816862E+00  0.47782075E+00  0.14101104E+01  0.39602140E+00  0.27533132E+00  0.72838038E-01  0.96683891E-06  0.31506282E-02  0.34560062E-05
   0.24600910E+00  0.77055432E-01  0.14360929E+00  0.46193531E+00  0.12966328E+01  0.40677753E+00  0.27443203E+00  0.77055432E-01  0.90427034E-06  0.46822070E-02  0.30055598E-05
   0.26301947E+00  0.81386313E-01  0.14900061E+00  0.44426307E+00  0.11875391E+01  0.41716561E+00  0.27322999E+00  0.81386313E-01  0.83754918E-06  0.63512898E-02  0.25844074E-05
   0.28119805E+00  0.85823953E-01  0.15434647E+00  0.42484561E+00  0.10827591E+01  0.42707860E+00  0.27170059E+00  0.85823953E-01  0.76648138E-06  0.81497272E-02  0.21911451E-05
   0.30063510E+00  0.90336844E-01  0.15960342E+00  0.40365070E+00  0.98198575E+00  0.43640655E+00  0.26981699E+00  0.90336844E-01  0.69051333E-06  0.10067166E-01  0.18235808E-05
   0.32140896E+00  0.94881766E-01  0.16471496E+00  0.38066813E+00  0.88504481E+00  0.44501337E+00  0.26755303E+00  0.94881766E-01  0.60908252E-06  0.12088879E-01  0.14802451E-05
   0.34361377E+00  0.99406905E-01  0.16961332E+00  0.35588780E+00  0.79175103E+00  0.45274901E+00  0.26488048E+00  0.99406905E-01  0.52226056E-06  0.14195290E-01  0.11619934E-05
   0.36735535E+00  0.10382754E+00  0.17417358E+00  0.32927999E+00  0.70188415E+00  0.45944116E+00  0.26176912E+00  0.10382754E+00  0.42960198E-06  0.16364153E-01  0.86893186E-06
   0.39273956E+00  0.10804512E+00  0.17825654E+00  0.30085713E+00  0.61533248E+00  0.46488699E+00  0.25818780E+00  0.10804512E+00  0.33032438E-06  0.18565783E-01  0.60132118E-06
   0.41986829E+00  0.11196907E+00  0.18175350E+00  0.27071214E+00  0.53213465E+00  0.46885175E+00  0.25410539E+00  0.11196907E+00  0.22435150E-06  0.20763181E-01  0.36245845E-06
   0.44883958E+00  0.11548571E+00  0.18452731E+00  0.23898354E+00  0.45236728E+00  0.47106808E+00  0.24949062E+00  0.11548571E+00  0.11112480E-06  0.22909436E-01  0.15606297E-06
   0.47984946E+00  0.11845089E+00  0.18638766E+00  0.20573957E+00  0.37586072E+00  0.47122929E+00  0.24429448E+00  0.11845089E+00 -0.10403142E-07  0.24950838E-01 -0.12286353E-07
   0.51297635E+00  0.12066296E+00  0.18706779E+00  0.17122164E+00  0.30276066E+00  0.46896768E+00  0.23848447E+00  0.12066296E+00 -0.14025528E-06  0.26814666E-01 -0.13170406E-06
   0.54841620E+00  0.12192518E+00  0.18632388E+00  0.13568522E+00  0.23306221E+00  0.46384650E+00  0.23200367E+00  0.12192518E+00 -0.27919035E-06  0.28419122E-01 -0.18625015E-06
   0.58628666E+00  0.12199256E+00  0.18385662E+00  0.99588454E-01  0.16696431E+00  0.45535356E+00  0.22480224E+00  0.12199256E+00 -0.42798877E-06  0.29656973E-01 -0.14950075E-06
   0.62674457E+00  0.12056781E+00  0.17929205E+00  0.63513681E-01  0.10460886E+00  0.44286966E+00  0.21681200E+00  0.12056781E+00 -0.58733275E-06  0.30397078E-01  0.23959220E-07
   0.67002511E+00  0.11729456E+00  0.17217508E+00  0.28248684E-01  0.46123061E-01  0.42560336E+00  0.20792872E+00  0.11729456E+00 -0.75817661E-06  0.30469581E-01  0.41743360E-06
   0.71624595E+00  0.11175806E+00  0.16197464E+00 -0.48901504E-02 -0.80205575E-02  0.40261194E+00  0.19803518E+00  0.11175806E+00 -0.94127000E-06  0.29643221E-01  0.11918120E-05
   0.76572061E+00  0.10344129E+00  0.14798772E+00 -0.33985265E-01 -0.57140172E-01  0.37258369E+00  0.18690130E+00  0.10344129E+00 -0.11381135E-05  0.27586414E-01  0.26960797E-05
   0.81856674E+00  0.91756858E-01  0.12935515E+00 -0.55579126E-01 -0.98994941E-01  0.33394408E+00  0.17418998E+00  0.91756858E-01 -0.13452382E-05  0.24024274E-01  0.57438765E-05
   0.87505883E+00  0.76128848E-01  0.10516728E+00 -0.63686326E-01 -0.12724371E+00  0.28462774E+00  0.15917665E+00  0.76128848E-01 -0.15383280E-05  0.19546280E-01  0.12303200E-04
   0.93543208E+00  0.56551054E-01  0.75566120E-01 -0.49671255E-01 -0.12375609E+00  0.22256109E+00  0.14020896E+00  0.56551054E-01 -0.16348987E-05  0.15726630E-01  0.25665267E-04
   0.10000000E+01  0.33903617E-01  0.42356499E-01 -0.14148228E-01 -0.53637344E-01  0.14683087E+00  0.11280293E+00  0.33903617E-01 -0.15856704E-05  0.12321007E-01  0.42761236E-04
   0.10689980E+01  0.75551285E-02  0.86716693E-02  0.27431212E-02  0.21690380E-01  0.59895653E-01  0.62147807E-01  0.75551285E-02 -0.72128506E-06  0.34378113E-02  0.25917816E-04
   0.11427788E+01  0.40646968E-03  0.40844505E-03  0.39871744E-03  0.31984607E-02  0.66320393E-02  0.65115904E-02  0.40646968E-03 -0.48107005E-07  0.22258550E-03  0.19490631E-05
   0.12216167E+01  0.16109749E-05  0.16045334E-05  0.25620031E-05  0.92820947E-05  0.12109053E-03  0.49868133E-04  0.16109749E-05 -0.71909534E-10  0.86153176E-06  0.47766555E-08
   0.13059433E+01  0.18482192E-09  0.66626031E-10  0.20817634E-09  0.11357709E-09  0.48043455E-06 -0.88951353E-07  0.18482192E-09  0.27571156E-13  0.15092669E-09  0.45564691E-12
   0.13960327E+01 -0.19130679E-16  0.13722881E-17  0.11063881E-16  0.15440464E-17  0.96137326E-11 -0.26952438E-11 -0.19130679E-16  0.10997623E-17 -0.22762153E-16  0.58244037E-17
   0.14923555E+01 -0.15040840E-28  0.11543744E-30  0.21691422E-29  0.11281371E-30  0.98263693E-19 -0.23497607E-19 -0.15040840E-28  0.18440403E-25 -0.32038335E-28  0.53108920E-25
   0.15953426E+01  0.00000000E+00  0.00000000E+00  0.00000000E+00  0.00000000E+00  0.46805581E-32 -0.10639093E-32  0.00000000E+00  0.11009582E-38  0.00000000E+00  0.15914491E-38
   0.17053866E+01  0.00000000E+00  0.00000000E+00  0.00000000E+00  0.00000000E+00  0.13963939E-40  0.13746738E-40  0.00000000E+00  0.00000000E+00  0.00000000E+00  0.00000000E+00
   0.18230360E+01  0.00000000E+00  0.00000000E+00  0.00000000E+00  0.00000000E+00  0.37361237E-38  0.47880617E-38  0.00000000E+00  0.00000000E+00  0.00000000E+00  0.00000000E+00
   0.19488397E+01  0.00000000E+00  0.00000000E+00  0.00000000E+00  0.00000000E+00  0.31934488E-35  0.40761303E-35  0.00000000E+00 -0.14012985E-43  0.00000000E+00  0.43860642E-42
   0.20832679E+01  0.00000000E+00  0.00000000E+00  0.00000000E+00  0.00000000E+00  0.18182998E-32  0.23135898E-32  0.00000000E+00 -0.46901460E-41  0.00000000E+00  0.14029520E-39
   0.22269876E+01  0.00000000E+00  0.00000000E+00  0.00000000E+00  0.00000000E+00  0.79699410E-30  0.10109544E-29  0.00000000E+00 -0.23363849E-40  0.00000000E+00  0.66821618E-39
   0.23806257E+01  0.00000000E+00  0.00000000E+00  0.00000000E+00  0.00000000E+00  0.10625668E-27  0.13433807E-27  0.00000000E+00  0.82391109E-37  0.00000000E+00 -0.22864692E-35
   0.25448489E+01  0.00000000E+00  0.00000000E+00  0.00000000E+00  0.00000000E+00  0.63638079E-26  0.80309900E-26  0.00000000E+00  0.78586088E-35  0.00000000E+00 -0.20434853E-33
   0.27204015E+01  0.00000000E+00  0.00000000E+00  0.00000000E+00  0.00000000E+00  0.29538667E-24  0.37174010E-24  0.00000000E+00  0.87159609E-33  0.00000000E+00 -0.22112503E-31
   0.29080682E+01  0.00000000E+00  0.00000000E+00  0.00000000E+00  0.00000000E+00  0.24100868E-22  0.30290362E-22  0.00000000E+00  0.14843948E-30  0.00000000E+00 -0.36483324E-29
   0.31086719E+01 -0.10037081E-39 -0.20929794E-40 -0.14961664E-40 -0.48849264E-41  0.11149057E-20  0.14005890E-20 -0.10037081E-39  0.94669545E-29 -0.90380948E-40 -0.22320777E-27
   0.33231144E+01 -0.13892546E-37 -0.27799365E-38 -0.18209383E-38 -0.54793573E-39  0.15995519E-19  0.20072562E-19 -0.13892546E-37  0.78857888E-28 -0.12555379E-37 -0.18012481E-26
   0.35523367E+01 -0.10319248E-35 -0.21306279E-36 -0.13039114E-36 -0.37377703E-37  0.15445265E-18  0.19392731E-18 -0.10319248E-35  0.64494526E-27 -0.92939396E-36 -0.13561927E-25
   0.37973969E+01 -0.66686673E-34 -0.13869011E-34 -0.77835110E-35 -0.21277284E-35  0.12083690E-17  0.15184102E-17 -0.66686673E-34  0.14890813E-25 -0.60017252E-34 -0.29330374E-24
   0.40595107E+01 -0.35182906E-32 -0.76797117E-33 -0.42664613E-33 -0.11018151E-33  0.10204349E-16  0.12829057E-16 -0.35182906E-32  0.14539664E-24 -0.31471764E-32 -0.26301680E-23
   0.43394227E+01 -0.12456303E-30 -0.24482692E-31 -0.12120770E-31 -0.29541062E-32  0.63916206E-16  0.80241886E-16 -0.12456303E-30  0.44996981E-24 -0.11282020E-30 -0.82624108E-23
   0.46385450E+01 -0.27438589E-29 -0.59866945E-30 -0.28296545E-30 -0.64904315E-31  0.36943644E-15  0.46683554E-15 -0.27438589E-29  0.33946393E-23 -0.24550367E-29 -0.53796603E-22
   0.49584446E+01 -0.49886560E-28 -0.10804762E-28 -0.51093571E-29 -0.11199831E-29  0.14141809E-14  0.17822575E-14 -0.49886560E-28  0.17792261E-22 -0.44659721E-28 -0.27402549E-21
   0.53006902E+01 -0.14103489E-26 -0.26986554E-27 -0.10483511E-27 -0.21777003E-28  0.69992442E-14  0.88211070E-14 -0.14103489E-26  0.10671714E-21 -0.12814532E-26 -0.16617904E-20
   0.56664577E+01 -0.25392225E-25 -0.62131790E-26 -0.25512226E-26 -0.49777378E-27  0.39945366E-13  0.50885308E-13 -0.25392225E-25  0.94922762E-21 -0.22375813E-25 -0.11658473E-19
   0.60569229E+01 -0.24306397E-24 -0.48388583E-25 -0.18572839E-25 -0.34758344E-26  0.12412845E-12  0.15667677E-12 -0.24306397E-24  0.19928679E-20 -0.21978232E-24 -0.27790865E-19
   0.64748316E+01 -0.16418154E-23 -0.32203639E-24 -0.92822884E-25 -0.16329316E-25  0.42060420E-12  0.53494421E-12 -0.16418154E-23  0.11086962E-19 -0.14888751E-23 -0.13689672E-18
   0.69213581E+01 -0.37466460E-23 -0.94577135E-24 -0.26012752E-24 -0.44017730E-25  0.85438747E-12  0.11038507E-11 -0.37466460E-23  0.25722852E-19 -0.32905666E-23 -0.24398819E-18
   0.73988552E+01 -0.95338771E-23 -0.24063311E-23 -0.79305735E-24 -0.13256967E-24  0.12355657E-11  0.15741153E-11 -0.95338771E-23  0.31688281E-19 -0.83632824E-23 -0.31794442E-18
   0.79092832E+01 -0.38699052E-22 -0.85128323E-23 -0.22849605E-23 -0.37219303E-24  0.24589664E-11  0.31190556E-11 -0.38699052E-22  0.77686793E-19 -0.34637002E-22 -0.80016360E-18
   0.84546032E+01 -0.70631923E-22 -0.16134763E-22 -0.27872753E-23 -0.44115957E-24  0.45621844E-11  0.58577635E-11 -0.70631923E-22  0.16648717E-18 -0.63103344E-22 -0.14565436E-17
   0.90379496E+01 -0.34666303E-22 -0.95472633E-23 -0.11967029E-23 -0.19423953E-24  0.56504658E-11  0.73084819E-11 -0.34666303E-22  0.27397501E-18 -0.30120041E-22 -0.19353936E-17
   0.96612825E+01 -0.25291026E-22 -0.93351772E-23 -0.29205932E-23 -0.47420569E-24  0.59338489E-11  0.75889642E-11 -0.25291026E-22  0.31507671E-18 -0.20461447E-22 -0.22952268E-17
   0.10327741E+02  0.34334520E-23  0.19906769E-23  0.12836717E-23  0.19722032E-24  0.67876225E-11  0.86298971E-11  0.34334520E-23  0.43637220E-18  0.24765150E-23 -0.34986754E-17
   0.11040067E+02  0.70321466E-22  0.25605803E-22  0.81406643E-23  0.12448158E-23  0.56915757E-11  0.72986305E-11  0.70321466E-22  0.48133169E-18  0.57567762E-22 -0.32901177E-17
   0.11801396E+02  0.66902088E-22  0.28734359E-22  0.62177267E-23  0.97925515E-24  0.35015795E-11  0.45612303E-11  0.66902088E-22  0.48865488E-18  0.52811145E-22 -0.24256391E-17
   0.12615258E+02  0.66953591E-23  0.27852626E-23  0.44800969E-24  0.76988707E-25  0.56278886E-12  0.72848357E-12  0.66953591E-23  0.10777920E-18  0.53456244E-23 -0.51234802E-18
   0.13485574E+02  0.11794183E-25  0.50212861E-26  0.76655454E-27  0.15469609E-27  0.75930371E-14  0.97350428E-14  0.11794183E-25  0.20769251E-20  0.93665954E-26 -0.10585436E-19
   0.14415478E+02  0.23489838E-30  0.11303343E-30  0.18410544E-31  0.45334291E-32  0.14205383E-16  0.18229362E-16  0.23489838E-30  0.65983805E-23  0.18001337E-30 -0.34033955E-22
   0.15410068E+02  0.23305037E-37  0.12487831E-37  0.20884896E-38  0.65540691E-39  0.98931296E-21  0.12783007E-20  0.23305037E-37  0.84546582E-27  0.17221905E-37 -0.44657038E-26
   0.16472872E+02  0.00000000E+00  0.00000000E+00  0.00000000E+00  0.00000000E+00  0.70575474E-28  0.91520275E-28  0.00000000E+00  0.11241565E-33  0.00000000E+00 -0.69271551E-33
   0.17608986E+02  0.00000000E+00  0.00000000E+00  0.00000000E+00  0.00000000E+00  0.16993664E-35  0.19720960E-36  0.00000000E+00  0.36868163E-41  0.00000000E+00 -0.45906538E-40
   0.18823507E+02 -0.46504017E-35 -0.68036873E-35 -0.38877714E-35 -0.50862742E-35  0.19886603E-21  0.43674034E-22 -0.46504017E-35  0.16643821E-26 -0.11126281E-35 -0.16946342E-25
   0.20121531E+02 -0.64192455E-20 -0.23628180E-20 -0.15088964E-20 -0.31939655E-20  0.85249218E-13  0.38594545E-13 -0.64192455E-20  0.55752914E-18 -0.52301750E-20 -0.88056495E-17
   0.21509331E+02 -0.10136997E-10 -0.22663952E-11 -0.16017769E-11 -0.12150117E-11  0.13732617E-06  0.65352378E-06 -0.10136997E-10  0.12980148E-12 -0.90038341E-11 -0.68351332E-11
   0.22992786E+02 -0.70441308E-06 -0.25939625E-09 -0.51711235E-08 -0.10295604E-09  0.14577921E-03  0.26701886E-03 -0.70441308E-06  0.20576854E-11 -0.70428740E-06 -0.15823290E-08
   0.24578955E+02 -0.16142347E-05 -0.53945581E-09 -0.10788515E-07 -0.19249242E-09  0.28656781E-03  0.51495427E-03 -0.16142347E-05  0.17250056E-11 -0.16139689E-05 -0.13742523E-08
   0.26274111E+02 -0.37359773E-05 -0.11458584E-08 -0.26468994E-07 -0.39273657E-09  0.49317582E-03  0.84845390E-03 -0.37359773E-05  0.70122863E-12 -0.37354102E-05 -0.61188410E-09
   0.28086090E+02 -0.66906368E-05 -0.21228028E-08 -0.59513450E-07 -0.71844736E-09  0.80223038E-03  0.12046780E-02 -0.66906368E-05  0.90948008E-13 -0.66895823E-05 -0.90649259E-10
   0.30023130E+02 -0.91248012E-05 -0.33560270E-08 -0.11295231E-06 -0.11268357E-08  0.12317172E-02  0.15036026E-02 -0.91248012E-05  0.15157529E-13 -0.91231195E-05 -0.15777390E-10
   0.32093853E+02 -0.97467164E-05 -0.41650337E-08 -0.16628208E-06 -0.13950635E-08  0.17551298E-02  0.17160060E-02 -0.97467164E-05  0.29132483E-14 -0.97445763E-05 -0.38788859E-11
   0.34307274E+02 -0.76928027E-05 -0.35815821E-08 -0.16475708E-06 -0.11970959E-08  0.22627041E-02  0.18466075E-02 -0.76928027E-05 -0.30951709E-13 -0.76909118E-05  0.48323869E-10
   0.36673592E+02 -0.30136971E-05 -0.14428021E-08 -0.72164042E-07 -0.48166476E-09  0.25857911E-02  0.19089446E-02 -0.30136971E-05 -0.10474057E-12 -0.30129222E-05  0.14934742E-09
   0.39202995E+02 -0.30136976E-05 -0.14435789E-08 -0.72194311E-07 -0.48186677E-09  0.25857911E-02  0.19089446E-02 -0.30136976E-05 -0.57909996E-11 -0.30129222E-05  0.18261181E-09
