    0.61400E-02   0.46986E+00   0.48830E-02   0.13942E-04  -0.44347E-01  -0.44390E-01   0.43468E-04
    0.66042E-02   0.50538E+00   0.48830E-02   0.13941E-04  -0.21974E-01  -0.22027E-01   0.52886E-04
    0.71001E-02   0.54333E+00   0.48690E-02   0.13941E-04   0.18826E-02   0.18197E-02   0.62949E-04
    0.76302E-02   0.58389E+00   0.48422E-02   0.13940E-04   0.17933E-02   0.17152E-02   0.78043E-04
    0.81970E-02   0.62727E+00   0.48037E-02   0.13939E-04   0.17185E-02   0.16312E-02   0.87329E-04
    0.88031E-02   0.67365E+00   0.47546E-02   0.13937E-04   0.16717E-02   0.15779E-02   0.93811E-04
    0.94508E-02   0.72321E+00   0.46962E-02   0.13936E-04   0.16282E-02   0.15293E-02   0.98911E-04
    0.10143E-01   0.77619E+00   0.46296E-02   0.13934E-04   0.15937E-02   0.14908E-02   0.10291E-03
    0.10883E-01   0.83283E+00   0.45560E-02   0.13932E-04   0.15687E-02   0.14625E-02   0.10617E-03
    0.11674E-01   0.89337E+00   0.44765E-02   0.13930E-04   0.15484E-02   0.14397E-02   0.10870E-03
    0.12520E-01   0.95808E+00   0.43923E-02   0.13927E-04   0.15278E-02   0.14173E-02   0.11051E-03
    0.13424E-01   0.10273E+01   0.43044E-02   0.13924E-04   0.15085E-02   0.13968E-02   0.11172E-03
    0.14390E-01   0.11012E+01   0.42138E-02   0.13921E-04   0.14906E-02   0.13781E-02   0.11253E-03
    0.15423E-01   0.11803E+01   0.41216E-02   0.13918E-04   0.14779E-02   0.13649E-02   0.11297E-03
    0.16528E-01   0.12648E+01   0.40286E-02   0.13915E-04   0.14657E-02   0.13528E-02   0.11293E-03
    0.17708E-01   0.13551E+01   0.39355E-02   0.13911E-04   0.14471E-02   0.13346E-02   0.11248E-03
    0.18970E-01   0.14517E+01   0.38432E-02   0.13907E-04   0.14308E-02   0.13192E-02   0.11161E-03
    0.20319E-01   0.15549E+01   0.37522E-02   0.13902E-04   0.14173E-02   0.13070E-02   0.11030E-03
    0.21761E-01   0.16652E+01   0.36631E-02   0.13898E-04   0.14050E-02   0.12963E-02   0.10861E-03
    0.23302E-01   0.17832E+01   0.35762E-02   0.13893E-04   0.14004E-02   0.12937E-02   0.10676E-03
    0.24950E-01   0.19093E+01   0.34920E-02   0.13888E-04   0.13972E-02   0.12925E-02   0.10473E-03
    0.26711E-01   0.20440E+01   0.34108E-02   0.13883E-04   0.13873E-02   0.12850E-02   0.10229E-03
    0.28594E-01   0.21881E+01   0.33327E-02   0.13877E-04   0.13792E-02   0.12797E-02   0.99534E-04
    0.30606E-01   0.23421E+01   0.32579E-02   0.13871E-04   0.13714E-02   0.12747E-02   0.96685E-04
    0.32758E-01   0.25068E+01   0.31868E-02   0.13865E-04   0.13590E-02   0.12653E-02   0.93699E-04
    0.35058E-01   0.26827E+01   0.31196E-02   0.13859E-04   0.13518E-02   0.12612E-02   0.90577E-04
    0.37516E-01   0.28709E+01   0.30565E-02   0.13852E-04   0.13500E-02   0.12627E-02   0.87348E-04
    0.40144E-01   0.30720E+01   0.29983E-02   0.13845E-04   0.13435E-02   0.12595E-02   0.83985E-04
    0.42955E-01   0.32871E+01   0.29454E-02   0.13838E-04   0.13301E-02   0.12494E-02   0.80629E-04
    0.45958E-01   0.35169E+01   0.28990E-02   0.13831E-04   0.13174E-02   0.12402E-02   0.77206E-04
    0.49165E-01   0.37623E+01   0.28604E-02   0.13823E-04   0.13092E-02   0.12355E-02   0.73675E-04
    0.52599E-01   0.40251E+01   0.28314E-02   0.13815E-04   0.12977E-02   0.12275E-02   0.70169E-04
    0.56265E-01   0.43056E+01   0.28139E-02   0.13808E-04   0.12793E-02   0.12126E-02   0.66665E-04
    0.60189E-01   0.46059E+01   0.28105E-02   0.13799E-04   0.12576E-02   0.11945E-02   0.63115E-04
    0.64380E-01   0.49266E+01   0.28234E-02   0.13791E-04   0.12360E-02   0.11764E-02   0.59521E-04
    0.68861E-01   0.52695E+01   0.28545E-02   0.13783E-04   0.12202E-02   0.11642E-02   0.55958E-04
    0.73647E-01   0.56358E+01   0.29047E-02   0.13774E-04   0.12144E-02   0.11619E-02   0.52455E-04
    0.78767E-01   0.60276E+01   0.29739E-02   0.13766E-04   0.12162E-02   0.11671E-02   0.49060E-04
    0.84244E-01   0.64467E+01   0.30606E-02   0.13757E-04   0.12217E-02   0.11759E-02   0.45770E-04
    0.90093E-01   0.68943E+01   0.31621E-02   0.13748E-04   0.12307E-02   0.11881E-02   0.42607E-04
    0.96346E-01   0.73728E+01   0.32760E-02   0.13739E-04   0.12393E-02   0.11996E-02   0.39638E-04
    0.10303E+00   0.78846E+01   0.33997E-02   0.13730E-04   0.12437E-02   0.12068E-02   0.36861E-04
    0.11018E+00   0.84315E+01   0.35306E-02   0.13721E-04   0.12434E-02   0.12091E-02   0.34290E-04
    0.11782E+00   0.90159E+01   0.36671E-02   0.13712E-04   0.12409E-02   0.12090E-02   0.31917E-04
    0.12598E+00   0.96408E+01   0.38077E-02   0.13702E-04   0.12404E-02   0.12106E-02   0.29740E-04
    0.13471E+00   0.10309E+02   0.39515E-02   0.13693E-04   0.12385E-02   0.12108E-02   0.27743E-04
    0.14405E+00   0.11023E+02   0.40975E-02   0.13683E-04   0.12326E-02   0.12067E-02   0.25910E-04
    0.15402E+00   0.11786E+02   0.42451E-02   0.13673E-04   0.12266E-02   0.12024E-02   0.24236E-04
    0.16469E+00   0.12602E+02   0.43936E-02   0.13663E-04   0.12215E-02   0.11988E-02   0.22698E-04
    0.17608E+00   0.13475E+02   0.45423E-02   0.13653E-04   0.12166E-02   0.11953E-02   0.21290E-04
    0.18827E+00   0.14407E+02   0.46907E-02   0.13643E-04   0.12140E-02   0.11940E-02   0.20003E-04
    0.20129E+00   0.15404E+02   0.48382E-02   0.13632E-04   0.12119E-02   0.11931E-02   0.18856E-04
    0.21521E+00   0.16469E+02   0.49837E-02   0.13621E-04   0.12068E-02   0.11890E-02   0.17822E-04
    0.23010E+00   0.17608E+02   0.51267E-02   0.13610E-04   0.12028E-02   0.11859E-02   0.16879E-04
    0.24601E+00   0.18826E+02   0.52659E-02   0.13598E-04   0.12013E-02   0.11853E-02   0.16033E-04
    0.26302E+00   0.20127E+02   0.54004E-02   0.13587E-04   0.11990E-02   0.11837E-02   0.15291E-04
    0.28120E+00   0.21518E+02   0.55287E-02   0.13574E-04   0.11955E-02   0.11808E-02   0.14629E-04
    0.30064E+00   0.23006E+02   0.56495E-02   0.13562E-04   0.11923E-02   0.11782E-02   0.14060E-04
    0.32141E+00   0.24595E+02   0.57609E-02   0.13549E-04   0.11894E-02   0.11758E-02   0.13596E-04
    0.34361E+00   0.26295E+02   0.58610E-02   0.13536E-04   0.11859E-02   0.11727E-02   0.13206E-04
    0.36736E+00   0.28111E+02   0.59477E-02   0.13522E-04   0.11838E-02   0.11709E-02   0.12907E-04
    0.39274E+00   0.30054E+02   0.60182E-02   0.13507E-04   0.11822E-02   0.11695E-02   0.12703E-04
    0.41987E+00   0.32130E+02   0.60695E-02   0.13493E-04   0.11796E-02   0.11670E-02   0.12586E-04
    0.44884E+00   0.34347E+02   0.60982E-02   0.13477E-04   0.11775E-02   0.11649E-02   0.12568E-04
    0.47985E+00   0.36720E+02   0.61003E-02   0.13461E-04   0.11750E-02   0.11623E-02   0.12671E-04
    0.51298E+00   0.39255E+02   0.60710E-02   0.13444E-04   0.11724E-02   0.11595E-02   0.12899E-04
    0.54842E+00   0.41967E+02   0.60047E-02   0.13427E-04   0.11705E-02   0.11572E-02   0.13260E-04
    0.58629E+00   0.44865E+02   0.58948E-02   0.13409E-04   0.11684E-02   0.11546E-02   0.13787E-04
    0.62674E+00   0.47961E+02   0.57331E-02   0.13390E-04   0.11675E-02   0.11530E-02   0.14514E-04
    0.67003E+00   0.51273E+02   0.55096E-02   0.13371E-04   0.11686E-02   0.11531E-02   0.15487E-04
    0.71625E+00   0.54810E+02   0.52120E-02   0.13351E-04   0.11726E-02   0.11558E-02   0.16788E-04
    0.76572E+00   0.58596E+02   0.48233E-02   0.13330E-04   0.11819E-02   0.11633E-02   0.18546E-04
    0.81857E+00   0.62640E+02   0.43231E-02   0.13309E-04   0.11878E-02   0.11669E-02   0.20962E-04
    0.87506E+00   0.66963E+02   0.36846E-02   0.13289E-04   0.11190E-02   0.10946E-02   0.24436E-04
    0.93543E+00   0.71583E+02   0.28812E-02   0.13270E-04   0.75450E-03   0.72456E-03   0.29939E-04
    0.10000E+01   0.76524E+02   0.19008E-02   0.13261E-04  -0.12562E-03  -0.16653E-03   0.40911E-04
    0.10690E+01   0.81804E+02   0.77538E-03   0.13292E-04  -0.11129E-02  -0.11200E-02   0.71281E-05
    0.11428E+01   0.87450E+02   0.85855E-04   0.13357E-04  -0.90025E-03  -0.84750E-03  -0.52755E-04
    0.12216E+01   0.93483E+02   0.15676E-05   0.13479E-04  -0.15107E-03  -0.88893E-04  -0.62174E-04
    0.13059E+01   0.99936E+02   0.62194E-08   0.13574E-04  -0.46711E-04  -0.11643E-05  -0.45547E-04
    0.13960E+01   0.10683E+03   0.12445E-12   0.13640E-04  -0.38036E-04  -0.61188E-08  -0.38030E-04
    0.14924E+01   0.11420E+03   0.12721E-20   0.13698E-04  -0.35736E-04  -0.24869E-12  -0.35736E-04
    0.15953E+01   0.12208E+03   0.60592E-34   0.13750E-04  -0.34113E-04  -0.35529E-20  -0.34113E-04
    0.17054E+01   0.13050E+03   0.18077E-42   0.13796E-04  -0.32937E-04  -0.26154E-33  -0.32937E-04
    0.18230E+01   0.13951E+03   0.48366E-40   0.13837E-04  -0.31847E-04   0.46241E-39  -0.31847E-04
    0.19488E+01   0.14913E+03   0.41341E-37   0.13874E-04  -0.30944E-04   0.22193E-36  -0.30944E-04
    0.20833E+01   0.15942E+03   0.23539E-34   0.13904E-04  -0.30031E-04   0.82077E-34  -0.30031E-04
    0.22270E+01   0.17042E+03   0.10317E-31   0.13930E-04  -0.28975E-04   0.92977E-32  -0.28975E-04
    0.23806E+01   0.18218E+03   0.13755E-29   0.13949E-04  -0.28120E-04   0.48384E-30  -0.28120E-04
    0.25448E+01   0.19474E+03   0.82382E-28   0.13961E-04  -0.27200E-04   0.19396E-28  -0.27200E-04
    0.27204E+01   0.20818E+03   0.38239E-26   0.13968E-04  -0.26428E-04   0.13268E-26  -0.26428E-04
    0.29081E+01   0.22254E+03   0.31200E-24   0.13966E-04  -0.25648E-04   0.52049E-25  -0.25648E-04
    0.31087E+01   0.23789E+03   0.14433E-22   0.13958E-04  -0.24747E-04   0.65121E-24  -0.24747E-04
    0.33231E+01   0.25430E+03   0.20707E-21   0.13939E-04  -0.23983E-04   0.56161E-23  -0.23983E-04
    0.35523E+01   0.27184E+03   0.19995E-20   0.13913E-04  -0.23238E-04   0.39095E-22  -0.23238E-04
    0.37974E+01   0.29059E+03   0.15643E-19   0.13877E-04  -0.22518E-04   0.29250E-21  -0.22518E-04
    0.40595E+01   0.31065E+03   0.13210E-18   0.13830E-04  -0.21676E-04   0.16100E-20  -0.21676E-04
    0.43394E+01   0.33207E+03   0.82742E-18   0.13773E-04  -0.21198E-04   0.83471E-20  -0.21198E-04
    0.46385E+01   0.35496E+03   0.47825E-17   0.13702E-04  -0.20433E-04   0.27194E-19  -0.20433E-04
    0.49584E+01   0.37944E+03   0.18307E-16   0.13621E-04  -0.19701E-04   0.11548E-18  -0.19701E-04
    0.53007E+01   0.40563E+03   0.90608E-16   0.13522E-04  -0.19352E-04   0.65165E-18  -0.19352E-04
    0.56665E+01   0.43362E+03   0.51711E-15   0.13412E-04  -0.18503E-04   0.17418E-17  -0.18503E-04
    0.60569E+01   0.46350E+03   0.16069E-14   0.13283E-04  -0.17993E-04   0.47780E-17  -0.17993E-04
    0.64748E+01   0.49548E+03   0.54449E-14   0.13138E-04  -0.17657E-04   0.91784E-17  -0.17657E-04
    0.69214E+01   0.52965E+03   0.11060E-13   0.12974E-04  -0.16835E-04   0.91978E-17  -0.16835E-04
    0.73989E+01   0.56619E+03   0.15995E-13   0.12788E-04  -0.16182E-04   0.14114E-16  -0.16182E-04
    0.79093E+01   0.60525E+03   0.31832E-13   0.12581E-04  -0.15888E-04   0.33603E-16  -0.15888E-04
    0.84546E+01   0.64698E+03   0.59060E-13   0.12352E-04  -0.15472E-04   0.34187E-16  -0.15472E-04
    0.90379E+01   0.69162E+03   0.73148E-13   0.12098E-04  -0.14854E-04   0.84715E-17  -0.14854E-04
    0.96613E+01   0.73932E+03   0.76816E-13   0.11816E-04  -0.14362E-04   0.94789E-18  -0.14362E-04
    0.10328E+02   0.79032E+03   0.87869E-13   0.11506E-04  -0.14112E-04  -0.35318E-17  -0.14112E-04
    0.11040E+02   0.84483E+03   0.73680E-13   0.11168E-04  -0.13836E-04  -0.17483E-16  -0.13836E-04
    0.11801E+02   0.90309E+03   0.45330E-13   0.10795E-04  -0.13276E-04  -0.28676E-16  -0.13276E-04
    0.12615E+02   0.96537E+03   0.72856E-14   0.10387E-04  -0.12671E-04  -0.23100E-16  -0.12671E-04
    0.13486E+02   0.10320E+04   0.98295E-16   0.99415E-05  -0.12207E-04  -0.37821E-17  -0.12207E-04
    0.14415E+02   0.11031E+04   0.18390E-18   0.94635E-05  -0.11726E-04  -0.54994E-19  -0.11726E-04
    0.15410E+02   0.11792E+04   0.12807E-22   0.89525E-05  -0.10933E-04  -0.11911E-21  -0.10933E-04
    0.16473E+02   0.12606E+04   0.91363E-30   0.84204E-05  -0.93674E-05  -0.99901E-26  -0.93674E-05
    0.17609E+02   0.13475E+04   0.21999E-37   0.79029E-05  -0.81759E-05   0.28193E-25  -0.81759E-05
    0.18824E+02   0.14405E+04   0.25744E-23   0.74489E-05  -0.35213E-05   0.18551E-16  -0.35213E-05
    0.20122E+02   0.15398E+04   0.11036E-14   0.72663E-05  -0.48533E-05   0.12116E-10  -0.48534E-05
    0.21509E+02   0.16460E+04   0.17777E-08   0.72719E-05  -0.97579E-05   0.10398E-09  -0.97580E-05
    0.22993E+02   0.17595E+04   0.18872E-05   0.74288E-05  -0.72770E-05   0.16405E-09  -0.72772E-05
    0.24579E+02   0.18809E+04   0.37098E-05   0.74412E-05  -0.45609E-05   0.93538E-10  -0.45610E-05
    0.26274E+02   0.20106E+04   0.63844E-05   0.74199E-05  -0.36105E-05   0.10432E-10  -0.36105E-05
    0.28086E+02   0.21493E+04   0.10385E-04   0.73665E-05  -0.29999E-05  -0.24497E-09  -0.29997E-05
    0.30023E+02   0.22975E+04   0.15945E-04   0.72857E-05  -0.25242E-05  -0.55939E-10  -0.25242E-05
    0.32094E+02   0.24559E+04   0.22721E-04   0.71796E-05  -0.20797E-05   0.26806E-09  -0.20800E-05
    0.34307E+02   0.26253E+04   0.29292E-04   0.70499E-05  -0.14700E-05  -0.36819E-09  -0.14696E-05
    0.36674E+02   0.28064E+04   0.33474E-04   0.68978E-05  -0.64629E-06  -0.11624E-06  -0.53005E-06
    0.39203E+02   0.30000E+04   0.33474E-04   0.68978E-05  -0.76958E-06  -0.23953E-06  -0.53005E-06
